0.0144814    79.5286
0.0249522    81.3995
0.0357041    82.6465
0.052813    83.5884
0.0721393    85.7539
0.0965981    86.3834
0.121847    88.8517
0.156794    88.2512
0.193883    89.4904
0.288691    91.9675
0.421381    95.0575
0.556812    95.6863
0.834609    98.1638
1.11754    101.249
1.50635    104.028
2.12695    107.423
2.68281    111.733
3.36167    114.201
4.56123    119.436
6.27129    126.821
8.34144    131.748
10.3825    137.285
12.5845    142.821
16.1918    149.895
21.8231    158.507
25.5877    165.269
33.5834    173.879
45.5632    184.333
58.6213    193.863
