0.010646    40.1536
0.0202315    41.3791
0.0346954    41.3675
0.0540346    42.2255
0.0804559    42.7127
0.113798    43.3249
0.158904    43.6895
0.213501    44.3028
0.277792    45.1647
0.354551    45.6552
0.446741    46.3938
0.573851    47.132
0.678105    47.5002
0.848949    48.4869
1.02269    48.8547
1.21627    49.2227
1.43721    50.0867
1.62366    50.5798
2.00684    51.071
2.40201    52.1825
2.80211    53.0468
3.50809    54.0334
4.33578    55.64
5.825    58.3602
7.33937    59.9664
9.42711    62.0679
11.8017    64.1699
14.6796    66.52
19.7217    69.2402
24.0627    71.9625
31.3062    74.6834
41.7882    78.3952
50.3355    81.2417
63.0119    84.3353
83.0352    88.4192
102.621    91.2651
