0.0119408    21.6811
0.0349714    21.6368
0.0801992    21.7599
0.731883    22.5103
0.972226    22.953
1.71638    23.1825
4.71843    24.2669
5.82257    24.4044
9.02103    24.344
13.6534    25.2292
15.9174    25.3514
22.7631    26.0078
30.5851    26.4048
36.273    26.405
40.8682    26.5729
47.9046    27.0613
67.7534    27.2753
83.0994    28.0229
93.1076    28.0078
123.665    28.6641
130.128    28.9997
154.297    29.2898
185.052    29.5493
245.929    29.3514
280.203    29.7787
345.643    30.4653
438.651    31.1826
