0.00967066    19.6341
0.0225499    19.682
0.0420052    19.9123
0.0824036    19.8836
0.121212    20.0371
0.778887    20.2859
1.07539    20.5154
1.77504    20.8369
2.08571    20.944
4.75315    21.434
8.12148    21.8013
8.85445    21.8777
16.1189    22.3214
22.1276    22.6119
26.9146    22.7343
35.282    22.796
54.6652    23.4222
65.3594    24.0019
82.2895    23.8653
110.399    24.4301
119.678    24.7352
143.068    24.6442
165.236    24.9647
198.679    25.0262
264.978    24.9812
335.615    25.7898
427.488    26.0801
532.088    26.2026
583.493    26.523
760.671    27.5603
997.079    27.3018
