0.00918475    56.5622
0.0157771    56.9846
0.0250618    57.4093
0.0408598    58.1616
0.0544253    59.0291
0.0773735    60.2231
0.105791    60.7615
0.143709    61.1906
0.187744    61.183
0.240492    61.8327
0.294288    63.031
0.379437    63.6805
0.46437    64.222
0.572044    64.6539
0.686504    65.415
0.797347    66.8337
1.00157    67.5934
1.18635    68.5737
1.35149    68.8984
2.02404    70.5288
2.5586    72.2734
3.05041    73.363
3.80641    74.6702
4.90634    76.8522
6.28354    78.5965
7.78844    80.8891
9.22443    82.4167
11.3603    84.2716
13.5417    86.2369
15.933    88.2025
19.3656    90.7145
23.0843    92.6798
27.6942    95.1922
34.1032    97.5944
43.3849    100.215
53.0811    102.289
64.5105    105.348
77.4073    106.875
85.8932    108.405
112.157    111.024
