0.0189495    27.3711
0.0295108    27.9822
0.0694102    28.3641
0.0824618    28.2877
0.779098    29.9682
1.00879    30.6938
2.17682    31.1903
3.09104    32.1833
6.00708    33.4437
8.02092    34.3603
9.24024    34.4749
12.9604    35.4679
16.9895    35.9644
21.8634    36.6518
29.3747    37.0719
35.1096    38.1031
48.0512    38.3705
62.596    39.9363
69.9222    40.7002
97.4695    41.9223
135.856    44.0993
166.429    44.9777
230.579    45.9707
252.85    46.9255
370.276    47.4602
413.618    48.1095
476.438    49.408
605.526    51.5468
