TRIANGLES
822
3
3
-0.00904371 -0.00737037 -0.0102657 -0.00902186 -0.00910334 -0.0101935 0 0 0 0 0 0 2.08333e+10 2.08333e+10 2.08333e+10 
-0.0104167 -0.00525392 -0.00904371 -0.00737037 -0.00851741 -0.00457145 0 0 0 0 0 0 2.08333e+10 2.08333e+10 2.08333e+10 
0.0102657 0.00902186 0.00819382 0.00830496 0.00978758 0.00634937 0 0 0 0 0 0 2.08333e+10 2.08333e+10 2.08333e+10 
-0.00784918 0.00863143 -0.0101935 0.00910334 -0.00952117 0.00674229 0 0 0 0 0 0 2.08333e+10 2.08333e+10 2.08333e+10 
-0.00281072 0.0147343 -0.00321777 0.0132825 -0.00159329 0.0135735 0 0 0 0 0 0 2.08333e+10 2.08333e+10 2.08333e+10 
5.44281e-05 0.0136666 -0.000314136 0.0149967 -0.00159329 0.0135735 0 0 0 0 0 0 2.08333e+10 2.08333e+10 2.08333e+10 
-0.00662015 0.00704401 -0.00784918 0.00863143 -0.00952117 0.00674229 0 0 0 0 0 0 2.08333e+10 2.08333e+10 2.08333e+10 
-0.00662015 0.00704401 -0.00457145 0.00851741 -0.00581017 0.010117 0 0 0 0 0 0 2.08333e+10 2.08333e+10 2.08333e+10 
-0.00662015 0.00704401 -0.00581017 0.010117 -0.00784918 0.00863143 0 0 0 0 0 0 2.08333e+10 2.08333e+10 2.08333e+10 
-0.0149868 -0.000628135 -0.0135735 -0.00159329 -0.0136666 5.44281e-05 0 0 0 0 0 0 2.08333e+10 2.08333e+10 2.08333e+10 
-0.00704401 -0.00662015 -0.00851741 -0.00457145 -0.00904371 -0.00737037 0 0 0 0 0 0 2.08333e+10 2.08333e+10 2.08333e+10 
-0.0184 0.02 -0.02 0.02 -0.02 0.0184 0 0 0 0 0 0 1.04167e+10 1.04167e+10 1.04167e+10 
-0.0072 0.02 -0.0088 0.02 -0.00898719 0.0174135 0 0 0 0 0 0 1.04167e+10 1.04167e+10 1.04167e+10 
0.00130681 0.00551392 0.000385076 0.00364639 0.00263884 0.00254577 0 0 0 0 0 0 2.08333e+10 2.08333e+10 2.08333e+10 
0.00902186 -0.0102657 0.0109345 -0.0102682 0.0101935 -0.00910334 0 0 0 0 0 0 2.08333e+10 2.08333e+10 2.08333e+10 
-0.0188929 0.0172559 -0.02 0.0152 -0.0170168 0.0148792 0 0 0 0 0 0 1.04167e+10 1.04167e+10 1.04167e+10 
-0.0188929 0.0172559 -0.0184 0.02 -0.02 0.0184 0 0 0 0 0 0 1.04167e+10 1.04167e+10 1.04167e+10 
-0.0184 -0.02 -0.02 -0.0184 -0.02 -0.02 0 0 0 0 0 0 1.04167e+10 1.04167e+10 1.04167e+10 
0.02 0.0024 0.0186259 0.00222853 0.02 0.0008 0 0 0 0 0 0 1.04167e+10 1.04167e+10 1.04167e+10 
0.02 0.0024 0.02 0.004 0.0186259 0.00222853 0 0 0 0 0 0 1.04167e+10 1.04167e+10 1.04167e+10 
-0.00724787 -0.00914219 -0.00904371 -0.00737037 -0.00910334 -0.0101935 0 0 0 0 0 0 2.08333e+10 2.08333e+10 2.08333e+10 
-0.00724787 -0.00914219 -0.00704401 -0.00662015 -0.00904371 -0.00737037 0 0 0 0 0 0 2.08333e+10 2.08333e+10 2.08333e+10 
0.00845758 -0.0172338 0.0072 -0.02 0.0088 -0.02 0 0 0 0 0 0 1.04167e+10 1.04167e+10 1.04167e+10 
0.0159417 0.0125784 0.0180102 0.0152941 0.0151878 0.0152435 0 0 0 0 0 0 1.04167e+10 1.04167e+10 1.04167e+10 
0.00342526 0.0146037 0.00219125 0.0148391 0.00332347 0.0132564 0 0 0 0 0 0 2.08333e+10 2.08333e+10 2.08333e+10 
-0.02 -0.0024 -0.02 -0.004 -0.018698 -0.00227487 0 0 0 0 0 0 1.04167e+10 1.04167e+10 1.04167e+10 
-0.00332347 -0.0132564 -0.00281072 -0.0147343 -0.00170135 -0.0135604 0 0 0 0 0 0 2.08333e+10 2.08333e+10 2.08333e+10 
-0.00332347 -0.0132564 -0.0040338 -0.0144474 -0.00281072 -0.0147343 0 0 0 0 0 0 2.08333e+10 2.08333e+10 2.08333e+10 
-0.00332347 -0.0132564 -0.00170135 -0.0135604 -0.00273928 -0.0113405 0 0 0 0 0 0 2.08333e+10 2.08333e+10 2.08333e+10 
0.000858575 -0.00161986 -0.00160899 -0.00329478 0.000885286 -0.00355819 0 0 0 0 0 0 2.08333e+10 2.08333e+10 2.08333e+10 
0.000858575 -0.00161986 0.000885286 -0.00355819 0.00296533 -0.00215668 0 0 0 0 0 0 2.08333e+10 2.08333e+10 2.08333e+10 
0.0132825 0.00321777 0.011549 0.00165283 0.0135735 0.00159329 0 0 0 0 0 0 2.08333e+10 2.08333e+10 2.08333e+10 
0.0136666 -5.44281e-05 0.0135735 0.00159329 0.011549 0.00165283 0 0 0 0 0 0 2.08333e+10 2.08333e+10 2.08333e+10 
0.0136666 -5.44281e-05 0.0149474 0.00125517 0.0135735 0.00159329 0 0 0 0 0 0 2.08333e+10 2.08333e+10 2.08333e+10 
-0.00156793 0.0149178 -0.00281072 0.0147343 -0.00159329 0.0135735 0 0 0 0 0 0 2.08333e+10 2.08333e+10 2.08333e+10 
-0.00156793 0.0149178 -0.00159329 0.0135735 -0.000314136 0.0149967 0 0 0 0 0 0 2.08333e+10 2.08333e+10 2.08333e+10 
0.0109746 -0.0175867 0.00845758 -0.0172338 0.0088 -0.02 0 0 0 0 0 0 1.04167e+10 1.04167e+10 1.04167e+10 
0.0139377 0.0177711 0.012 0.02 0.0113208 0.0178671 0 0 0 0 0 0 1.04167e+10 1.04167e+10 1.04167e+10 
0.0139377 0.0177711 0.0136 0.02 0.012 0.02 0 0 0 0 0 0 1.04167e+10 1.04167e+10 1.04167e+10 
0.0139377 0.0177711 0.0152 0.02 0.0136 0.02 0 0 0 0 0 0 1.04167e+10 1.04167e+10 1.04167e+10 
0.0117554 -0.00931722 0.0101935 -0.00910334 0.0109345 -0.0102682 0 0 0 0 0 0 2.08333e+10 2.08333e+10 2.08333e+10 
0.0139431 0.0124497 0.0159417 0.0125784 0.0151878 0.0152435 0 0 0 0 0 0 1.04167e+10 1.04167e+10 1.04167e+10 
-0.00492065 0.0058792 -0.00274506 0.00715838 -0.00457145 0.00851741 0 0 0 0 0 0 2.08333e+10 2.08333e+10 2.08333e+10 
-0.00492065 0.0058792 -0.00457145 0.00851741 -0.00662015 0.00704401 0 0 0 0 0 0 2.08333e+10 2.08333e+10 2.08333e+10 
-0.00349948 0.0111295 -0.00581017 0.010117 -0.00457145 0.00851741 0 0 0 0 0 0 2.08333e+10 2.08333e+10 2.08333e+10 
0.0035698 0.00440087 0.00130681 0.00551392 0.00263884 0.00254577 0 0 0 0 0 0 2.08333e+10 2.08333e+10 2.08333e+10 
-0.0166762 0.00456563 -0.0162285 0.00731717 -0.0187568 0.00780532 0 0 0 0 0 0 1.04167e+10 1.04167e+10 1.04167e+10 
0.0132564 -0.00332347 0.0141656 -0.004933 0.0145287 -0.00373035 0 0 0 0 0 0 2.08333e+10 2.08333e+10 2.08333e+10 
-0.00279021 -0.00925522 -0.00273928 -0.0113405 -0.000299708 -0.00966202 0 0 0 0 0 0 2.08333e+10 2.08333e+10 2.08333e+10 
0.0147899 -0.00250153 0.0132564 -0.00332347 0.0145287 -0.00373035 0 0 0 0 0 0 2.08333e+10 2.08333e+10 2.08333e+10 
0.0112783 0.0077187 0.0102657 0.00902186 0.00978758 0.00634937 0 0 0 0 0 0 2.08333e+10 2.08333e+10 2.08333e+10 
-0.0035698 -0.00440087 -0.00160899 -0.00329478 -0.0033504 -0.00148971 0 0 0 0 0 0 2.08333e+10 2.08333e+10 2.08333e+10 
-0.0035698 -0.00440087 -0.0033504 -0.00148971 -0.00512574 -0.00241617 0 0 0 0 0 0 2.08333e+10 2.08333e+10 2.08333e+10 
0.004 -0.02 0.0034614 -0.0174064 0.0024 -0.02 0 0 0 0 0 0 1.04167e+10 1.04167e+10 1.04167e+10 
0.0121264 0.00630297 0.0112783 0.0077187 0.00978758 0.00634937 0 0 0 0 0 0 2.08333e+10 2.08333e+10 2.08333e+10 
0.0121264 0.00630297 0.0127978 0.00479534 0.0137032 0.00610105 0 0 0 0 0 0 2.08333e+10 2.08333e+10 2.08333e+10 
-0.00902186 0.0102657 -0.0101935 0.00910334 -0.00784918 0.00863143 0 0 0 0 0 0 2.08333e+10 2.08333e+10 2.08333e+10 
0.0117554 0.00931722 0.0102657 0.00902186 0.0112783 0.0077187 0 0 0 0 0 0 2.08333e+10 2.08333e+10 2.08333e+10 
0.0117554 0.00931722 0.0112783 0.0077187 0.0124938 0.00830087 0 0 0 0 0 0 2.08333e+10 2.08333e+10 2.08333e+10 
-0.0112164 0.00780828 -0.00952117 0.00674229 -0.0101935 0.00910334 0 0 0 0 0 0 2.08333e+10 2.08333e+10 2.08333e+10 
0.0184698 0.00712598 0.02 0.0088 0.0182479 0.00968157 0 0 0 0 0 0 1.04167e+10 1.04167e+10 1.04167e+10 
0.0184698 0.00712598 0.0182479 0.00968157 0.0163703 0.00728904 0 0 0 0 0 0 1.04167e+10 1.04167e+10 1.04167e+10 
-0.00156793 -0.0149178 -0.000829299 -0.0171358 -0.000314136 -0.0149967 0 0 0 0 0 0 1.04167e+10 1.04167e+10 1.04167e+10 
-0.00156793 -0.0149178 -0.00170135 -0.0135604 -0.00281072 -0.0147343 0 0 0 0 0 0 2.08333e+10 2.08333e+10 2.08333e+10 
0.00170135 0.0135604 0.00332347 0.0132564 0.00219125 0.0148391 0 0 0 0 0 0 2.08333e+10 2.08333e+10 2.08333e+10 
0.00704401 0.00662015 0.00978758 0.00634937 0.00819382 0.00830496 0 0 0 0 0 0 2.08333e+10 2.08333e+10 2.08333e+10 
0.0164481 0.0173355 0.0189027 0.0170678 0.0184 0.02 0 0 0 0 0 0 1.04167e+10 1.04167e+10 1.04167e+10 
0.0164481 0.0173355 0.0184 0.02 0.0168 0.02 0 0 0 0 0 0 1.04167e+10 1.04167e+10 1.04167e+10 
0.0164481 0.0173355 0.0180102 0.0152941 0.0189027 0.0170678 0 0 0 0 0 0 1.04167e+10 1.04167e+10 1.04167e+10 
0.0164481 0.0173355 0.0151878 0.0152435 0.0180102 0.0152941 0 0 0 0 0 0 1.04167e+10 1.04167e+10 1.04167e+10 
0.0164481 0.0173355 0.0139377 0.0177711 0.0151878 0.0152435 0 0 0 0 0 0 1.04167e+10 1.04167e+10 1.04167e+10 
0.0164481 0.0173355 0.0168 0.02 0.0152 0.02 0 0 0 0 0 0 1.04167e+10 1.04167e+10 1.04167e+10 
0.0164481 0.0173355 0.0152 0.02 0.0139377 0.0177711 0 0 0 0 0 0 1.04167e+10 1.04167e+10 1.04167e+10 
-0.000992805 -0.00760211 -0.00279021 -0.00925522 -0.000299708 -0.00966202 0 0 0 0 0 0 2.08333e+10 2.08333e+10 2.08333e+10 
0.02 0.0152 0.0180102 0.0152941 0.02 0.0136 0 0 0 0 0 0 1.04167e+10 1.04167e+10 1.04167e+10 
0.02 0.0152 0.0189027 0.0170678 0.0180102 0.0152941 0 0 0 0 0 0 1.04167e+10 1.04167e+10 1.04167e+10 
-0.00950399 0.0150225 -0.010978 0.017692 -0.0121205 0.0147111 0 0 0 0 0 0 1.04167e+10 1.04167e+10 1.04167e+10 
-0.00950399 0.0150225 -0.00898719 0.0174135 -0.010978 0.017692 0 0 0 0 0 0 1.04167e+10 1.04167e+10 1.04167e+10 
-0.00340741 -0.00686785 -0.00279021 -0.00925522 -0.000992805 -0.00760211 0 0 0 0 0 0 2.08333e+10 2.08333e+10 2.08333e+10 
-0.0159773 -0.0172389 -0.0168 -0.02 -0.0152 -0.02 0 0 0 0 0 0 1.04167e+10 1.04167e+10 1.04167e+10 
-0.0040338 0.0144474 -0.00321777 0.0132825 -0.00281072 0.0147343 0 0 0 0 0 0 2.08333e+10 2.08333e+10 2.08333e+10 
0.02 -0.0136 0.0189126 -0.0121862 0.017671 -0.0145882 0 0 0 0 0 0 1.04167e+10 1.04167e+10 1.04167e+10 
-0.0149868 0.000628135 -0.0149868 -0.000628135 -0.0136666 5.44281e-05 0 0 0 0 0 0 2.08333e+10 2.08333e+10 2.08333e+10 
0.0141656 0.004933 0.0127978 0.00479534 0.0132825 0.00321777 0 0 0 0 0 0 2.08333e+10 2.08333e+10 2.08333e+10 
0.0141656 0.004933 0.0137032 0.00610105 0.0127978 0.00479534 0 0 0 0 0 0 2.08333e+10 2.08333e+10 2.08333e+10 
0.0018059 0.000315988 0.00365786 0.000253963 0.00263884 0.00254577 0 0 0 0 0 0 2.08333e+10 2.08333e+10 2.08333e+10 
0.0018059 0.000315988 0.000858575 -0.00161986 0.00296533 -0.00215668 0 0 0 0 0 0 2.08333e+10 2.08333e+10 2.08333e+10 
0.0018059 0.000315988 0.00296533 -0.00215668 0.00365786 0.000253963 0 0 0 0 0 0 2.08333e+10 2.08333e+10 2.08333e+10 
0.00780828 0.0112164 0.00906899 0.0119479 0.0080374 0.0126649 0 0 0 0 0 0 2.08333e+10 2.08333e+10 2.08333e+10 
0.0158242 0.00985846 0.0182479 0.00968157 0.0159417 0.0125784 0 0 0 0 0 0 1.04167e+10 1.04167e+10 1.04167e+10 
0.0158242 0.00985846 0.0163703 0.00728904 0.0182479 0.00968157 0 0 0 0 0 0 1.04167e+10 1.04167e+10 1.04167e+10 
0.0158242 0.00985846 0.0159417 0.0125784 0.0139431 0.0124497 0 0 0 0 0 0 1.04167e+10 1.04167e+10 1.04167e+10 
-0.0121353 0.00881678 -0.0128305 0.00777041 -0.0112164 0.00780828 0 0 0 0 0 0 2.08333e+10 2.08333e+10 2.08333e+10 
-0.0121353 0.00881678 -0.0101935 0.00910334 -0.0113549 0.00980131 0 0 0 0 0 0 2.08333e+10 2.08333e+10 2.08333e+10 
-0.0121353 0.00881678 -0.0112164 0.00780828 -0.0101935 0.00910334 0 0 0 0 0 0 2.08333e+10 2.08333e+10 2.08333e+10 
0 0 0.000858575 -0.00161986 0.0018059 0.000315988 0 0 0 0 0 0 2.08333e+10 2.08333e+10 2.08333e+10 
-0.0143598 0.00433548 -0.0146722 0.00311868 -0.0132564 0.00332347 0 0 0 0 0 0 2.08333e+10 2.08333e+10 2.08333e+10 
-0.0121264 -0.00630297 -0.0104167 -0.00525392 -0.0127978 -0.00479534 0 0 0 0 0 0 2.08333e+10 2.08333e+10 2.08333e+10 
0.00639936 0.0120758 0.0080374 0.0126649 0.00694944 0.0132931 0 0 0 0 0 0 2.08333e+10 2.08333e+10 2.08333e+10 
0.00639936 0.0120758 0.00780828 0.0112164 0.0080374 0.0126649 0 0 0 0 0 0 2.08333e+10 2.08333e+10 2.08333e+10 
0.00639936 0.0120758 0.00621693 0.00987223 0.00780828 0.0112164 0 0 0 0 0 0 2.08333e+10 2.08333e+10 2.08333e+10 
-0.0184273 -0.0175924 -0.02 -0.0184 -0.0184 -0.02 0 0 0 0 0 0 1.04167e+10 1.04167e+10 1.04167e+10 
-0.0184273 -0.0175924 -0.0184 -0.02 -0.0168 -0.02 0 0 0 0 0 0 1.04167e+10 1.04167e+10 1.04167e+10 
-0.0184273 -0.0175924 -0.0168 -0.02 -0.0159773 -0.0172389 0 0 0 0 0 0 1.04167e+10 1.04167e+10 1.04167e+10 
0.0127592 -0.00489712 0.0137032 -0.00610105 0.0141656 -0.004933 0 0 0 0 0 0 2.08333e+10 2.08333e+10 2.08333e+10 
0.0127592 -0.00489712 0.0141656 -0.004933 0.0132564 -0.00332347 0 0 0 0 0 0 2.08333e+10 2.08333e+10 2.08333e+10 
0.00025753 0.00181516 0.00263884 0.00254577 0.000385076 0.00364639 0 0 0 0 0 0 2.08333e+10 2.08333e+10 2.08333e+10 
0.00025753 0.00181516 0.0018059 0.000315988 0.00263884 0.00254577 0 0 0 0 0 0 2.08333e+10 2.08333e+10 2.08333e+10 
0.00025753 0.00181516 0 0 0.0018059 0.000315988 0 0 0 0 0 0 2.08333e+10 2.08333e+10 2.08333e+10 
0.0111756 -0.00334923 0.0127592 -0.00489712 0.0132564 -0.00332347 0 0 0 0 0 0 2.08333e+10 2.08333e+10 2.08333e+10 
0.0111756 -0.00334923 0.0101943 -0.00567335 0.0127592 -0.00489712 0 0 0 0 0 0 2.08333e+10 2.08333e+10 2.08333e+10 
-0.0113026 -0.00289181 -0.0135735 -0.00159329 -0.0132825 -0.00321777 0 0 0 0 0 0 2.08333e+10 2.08333e+10 2.08333e+10 
-0.0113026 -0.00289181 -0.0132825 -0.00321777 -0.0127978 -0.00479534 0 0 0 0 0 0 2.08333e+10 2.08333e+10 2.08333e+10 
-0.0113026 -0.00289181 -0.0127978 -0.00479534 -0.0104167 -0.00525392 0 0 0 0 0 0 2.08333e+10 2.08333e+10 2.08333e+10 
0.02 -0.012 0.0189126 -0.0121862 0.02 -0.0136 0 0 0 0 0 0 1.04167e+10 1.04167e+10 1.04167e+10 
-0.00566647 4.70864e-05 -0.00508488 0.00250101 -0.00749416 0.00161719 0 0 0 0 0 0 2.08333e+10 2.08333e+10 2.08333e+10 
-0.00566647 4.70864e-05 -0.00352413 0.00101241 -0.00508488 0.00250101 0 0 0 0 0 0 2.08333e+10 2.08333e+10 2.08333e+10 
-0.00566647 4.70864e-05 -0.00512574 -0.00241617 -0.0033504 -0.00148971 0 0 0 0 0 0 2.08333e+10 2.08333e+10 2.08333e+10 
-0.00566647 4.70864e-05 -0.0033504 -0.00148971 -0.00352413 0.00101241 0 0 0 0 0 0 2.08333e+10 2.08333e+10 2.08333e+10 
0.0024 0.02 0.00132347 0.0170753 0.00367019 0.0173969 0 0 0 0 0 0 1.04167e+10 1.04167e+10 1.04167e+10 
-0.00119626 0.0171979 -0.0024 0.02 -0.00396038 0.0174 0 0 0 0 0 0 1.04167e+10 1.04167e+10 1.04167e+10 
-0.00204887 0.00304082 -0.00508488 0.00250101 -0.00352413 0.00101241 0 0 0 0 0 0 2.08333e+10 2.08333e+10 2.08333e+10 
-0.00204887 0.00304082 0.00025753 0.00181516 0.000385076 0.00364639 0 0 0 0 0 0 2.08333e+10 2.08333e+10 2.08333e+10 
0.02 -0.0104 0.02 -0.0088 0.017896 -0.00977208 0 0 0 0 0 0 1.04167e+10 1.04167e+10 1.04167e+10 
0.02 -0.0104 0.017896 -0.00977208 0.0189126 -0.0121862 0 0 0 0 0 0 1.04167e+10 1.04167e+10 1.04167e+10 
0.02 -0.0104 0.0189126 -0.0121862 0.02 -0.012 0 0 0 0 0 0 1.04167e+10 1.04167e+10 1.04167e+10 
0.00508488 -0.00250101 0.00365786 0.000253963 0.00296533 -0.00215668 0 0 0 0 0 0 2.08333e+10 2.08333e+10 2.08333e+10 
0.0109345 0.0102682 0.0102657 0.00902186 0.0117554 0.00931722 0 0 0 0 0 0 2.08333e+10 2.08333e+10 2.08333e+10 
0.0131446 0.00722631 0.0121264 0.00630297 0.0137032 0.00610105 0 0 0 0 0 0 2.08333e+10 2.08333e+10 2.08333e+10 
0.0131446 0.00722631 0.0112783 0.0077187 0.0121264 0.00630297 0 0 0 0 0 0 2.08333e+10 2.08333e+10 2.08333e+10 
0.0131446 0.00722631 0.0124938 0.00830087 0.0112783 0.0077187 0 0 0 0 0 0 2.08333e+10 2.08333e+10 2.08333e+10 
0.0187927 -0.00786905 0.02 -0.0088 0.02 -0.0072 0 0 0 0 0 0 1.04167e+10 1.04167e+10 1.04167e+10 
0.0187927 -0.00786905 0.017896 -0.00977208 0.02 -0.0088 0 0 0 0 0 0 1.04167e+10 1.04167e+10 1.04167e+10 
0.018064 -0.00535031 0.0187927 -0.00786905 0.02 -0.0072 0 0 0 0 0 0 1.04167e+10 1.04167e+10 1.04167e+10 
0.018064 -0.00535031 0.02 -0.004 0.0186252 -0.002735 0 0 0 0 0 0 1.04167e+10 1.04167e+10 1.04167e+10 
-0.00489712 -0.0127592 -0.0040338 -0.0144474 -0.00332347 -0.0132564 0 0 0 0 0 0 2.08333e+10 2.08333e+10 2.08333e+10 
-0.00489712 -0.0127592 -0.00332347 -0.0132564 -0.00273928 -0.0113405 0 0 0 0 0 0 2.08333e+10 2.08333e+10 2.08333e+10 
0.0077187 -0.0112783 0.00906899 -0.0119479 0.00902186 -0.0102657 0 0 0 0 0 0 2.08333e+10 2.08333e+10 2.08333e+10 
-0.00522858 -0.0140592 -0.0040338 -0.0144474 -0.00489712 -0.0127592 0 0 0 0 0 0 2.08333e+10 2.08333e+10 2.08333e+10 
-0.00522858 -0.0140592 -0.00489712 -0.0127592 -0.00638669 -0.0135724 0 0 0 0 0 0 2.08333e+10 2.08333e+10 2.08333e+10 
0.00941036 0.00221122 0.00966202 -0.000299708 0.011549 0.00165283 0 0 0 0 0 0 2.08333e+10 2.08333e+10 2.08333e+10 
0.00941036 0.00221122 0.00765813 -0.000361637 0.00966202 -0.000299708 0 0 0 0 0 0 2.08333e+10 2.08333e+10 2.08333e+10 
0.00941036 0.00221122 0.00736062 0.00214455 0.00765813 -0.000361637 0 0 0 0 0 0 2.08333e+10 2.08333e+10 2.08333e+10 
0.0188438 0.0125262 0.0159417 0.0125784 0.0182479 0.00968157 0 0 0 0 0 0 1.04167e+10 1.04167e+10 1.04167e+10 
0.0188438 0.0125262 0.0180102 0.0152941 0.0159417 0.0125784 0 0 0 0 0 0 1.04167e+10 1.04167e+10 1.04167e+10 
0.0188438 0.0125262 0.02 0.0136 0.0180102 0.0152941 0 0 0 0 0 0 1.04167e+10 1.04167e+10 1.04167e+10 
-0.0113692 -0.0172653 -0.00978155 -0.0147626 -0.0121056 -0.0145863 0 0 0 0 0 0 1.04167e+10 1.04167e+10 1.04167e+10 
-0.00221122 0.00941036 -0.00457145 0.00851741 -0.00274506 0.00715838 0 0 0 0 0 0 2.08333e+10 2.08333e+10 2.08333e+10 
-0.00221122 0.00941036 -0.00349948 0.0111295 -0.00457145 0.00851741 0 0 0 0 0 0 2.08333e+10 2.08333e+10 2.08333e+10 
-0.00221122 0.00941036 -0.00274506 0.00715838 -0.000272002 0.00766184 0 0 0 0 0 0 2.08333e+10 2.08333e+10 2.08333e+10 
0.00342526 -0.0146037 0.00463525 -0.0142658 0.00321777 -0.0132825 0 0 0 0 0 0 2.08333e+10 2.08333e+10 2.08333e+10 
-0.010495 -0.0107171 -0.00910334 -0.0101935 -0.0102657 -0.00902186 0 0 0 0 0 0 2.08333e+10 2.08333e+10 2.08333e+10 
-0.00630297 0.0121264 -0.00638669 0.0135724 -0.0075 0.0129904 0 0 0 0 0 0 2.08333e+10 2.08333e+10 2.08333e+10 
-0.00624478 -0.0173872 -0.0072 -0.02 -0.0056 -0.02 0 0 0 0 0 0 1.04167e+10 1.04167e+10 1.04167e+10 
0.000299708 0.00966202 -0.00221122 0.00941036 -0.000272002 0.00766184 0 0 0 0 0 0 2.08333e+10 2.08333e+10 2.08333e+10 
0.0109237 0.00409688 0.011549 0.00165283 0.0132825 0.00321777 0 0 0 0 0 0 2.08333e+10 2.08333e+10 2.08333e+10 
0.0109237 0.00409688 0.0132825 0.00321777 0.0127978 0.00479534 0 0 0 0 0 0 2.08333e+10 2.08333e+10 2.08333e+10 
0.0109237 0.00409688 0.0121264 0.00630297 0.00978758 0.00634937 0 0 0 0 0 0 2.08333e+10 2.08333e+10 2.08333e+10 
0.0109237 0.00409688 0.0127978 0.00479534 0.0121264 0.00630297 0 0 0 0 0 0 2.08333e+10 2.08333e+10 2.08333e+10 
0.0109237 0.00409688 0.00941036 0.00221122 0.011549 0.00165283 0 0 0 0 0 0 2.08333e+10 2.08333e+10 2.08333e+10 
0.00512574 0.00241617 0.0035698 0.00440087 0.00263884 0.00254577 0 0 0 0 0 0 2.08333e+10 2.08333e+10 2.08333e+10 
0.00512574 0.00241617 0.00263884 0.00254577 0.00365786 0.000253963 0 0 0 0 0 0 2.08333e+10 2.08333e+10 2.08333e+10 
0.0116343 -0.000868502 0.0136666 -5.44281e-05 0.011549 0.00165283 0 0 0 0 0 0 2.08333e+10 2.08333e+10 2.08333e+10 
0.0116343 -0.000868502 0.011549 0.00165283 0.00966202 -0.000299708 0 0 0 0 0 0 2.08333e+10 2.08333e+10 2.08333e+10 
-0.0170014 -0.0151785 -0.0183731 -0.0121929 -0.02 -0.0136 0 0 0 0 0 0 1.04167e+10 1.04167e+10 1.04167e+10 
-0.0170014 -0.0151785 -0.02 -0.0136 -0.02 -0.0152 0 0 0 0 0 0 1.04167e+10 1.04167e+10 1.04167e+10 
-0.0170014 -0.0151785 -0.0164292 -0.0124652 -0.0183731 -0.0121929 0 0 0 0 0 0 1.04167e+10 1.04167e+10 1.04167e+10 
-0.0170014 -0.0151785 -0.0184273 -0.0175924 -0.0159773 -0.0172389 0 0 0 0 0 0 1.04167e+10 1.04167e+10 1.04167e+10 
-0.0170014 -0.0151785 -0.02 -0.0152 -0.0184273 -0.0175924 0 0 0 0 0 0 1.04167e+10 1.04167e+10 1.04167e+10 
-0.02 -0.0168 -0.02 -0.0184 -0.0184273 -0.0175924 0 0 0 0 0 0 1.04167e+10 1.04167e+10 1.04167e+10 
-0.02 -0.0168 -0.0184273 -0.0175924 -0.02 -0.0152 0 0 0 0 0 0 1.04167e+10 1.04167e+10 1.04167e+10 
-0.00509056 -0.0082177 -0.00704401 -0.00662015 -0.00724787 -0.00914219 0 0 0 0 0 0 2.08333e+10 2.08333e+10 2.08333e+10 
-0.00509056 -0.0082177 -0.00279021 -0.00925522 -0.00340741 -0.00686785 0 0 0 0 0 0 2.08333e+10 2.08333e+10 2.08333e+10 
-0.00511311 -0.0104865 -0.00509056 -0.0082177 -0.00724787 -0.00914219 0 0 0 0 0 0 2.08333e+10 2.08333e+10 2.08333e+10 
-0.00511311 -0.0104865 -0.00273928 -0.0113405 -0.00279021 -0.00925522 0 0 0 0 0 0 2.08333e+10 2.08333e+10 2.08333e+10 
-0.00511311 -0.0104865 -0.00279021 -0.00925522 -0.00509056 -0.0082177 0 0 0 0 0 0 2.08333e+10 2.08333e+10 2.08333e+10 
-0.00511311 -0.0104865 -0.00489712 -0.0127592 -0.00273928 -0.0113405 0 0 0 0 0 0 2.08333e+10 2.08333e+10 2.08333e+10 
0.0147899 0.00250153 0.0132825 0.00321777 0.0135735 0.00159329 0 0 0 0 0 0 2.08333e+10 2.08333e+10 2.08333e+10 
0.0147899 0.00250153 0.0135735 0.00159329 0.0149474 0.00125517 0 0 0 0 0 0 2.08333e+10 2.08333e+10 2.08333e+10 
-0.00761321 -0.000903782 -0.00690725 -0.00332682 -0.00512574 -0.00241617 0 0 0 0 0 0 2.08333e+10 2.08333e+10 2.08333e+10 
-0.00761321 -0.000903782 -0.00512574 -0.00241617 -0.00566647 4.70864e-05 0 0 0 0 0 0 2.08333e+10 2.08333e+10 2.08333e+10 
-0.00761321 -0.000903782 -0.00566647 4.70864e-05 -0.00749416 0.00161719 0 0 0 0 0 0 2.08333e+10 2.08333e+10 2.08333e+10 
-0.0008 0.02 -0.0024 0.02 -0.00119626 0.0171979 0 0 0 0 0 0 1.04167e+10 1.04167e+10 1.04167e+10 
0.00910334 0.0101935 0.00819382 0.00830496 0.0102657 0.00902186 0 0 0 0 0 0 2.08333e+10 2.08333e+10 2.08333e+10 
0.00910334 0.0101935 0.00906899 0.0119479 0.00780828 0.0112164 0 0 0 0 0 0 2.08333e+10 2.08333e+10 2.08333e+10 
0.00910334 0.0101935 0.00621693 0.00987223 0.00819382 0.00830496 0 0 0 0 0 0 2.08333e+10 2.08333e+10 2.08333e+10 
0.00910334 0.0101935 0.00780828 0.0112164 0.00621693 0.00987223 0 0 0 0 0 0 2.08333e+10 2.08333e+10 2.08333e+10 
0.00910334 0.0101935 0.0102657 0.00902186 0.0109345 0.0102682 0 0 0 0 0 0 2.08333e+10 2.08333e+10 2.08333e+10 
-0.00639936 -0.0120758 -0.00638669 -0.0135724 -0.00489712 -0.0127592 0 0 0 0 0 0 2.08333e+10 2.08333e+10 2.08333e+10 
-0.00639936 -0.0120758 -0.00489712 -0.0127592 -0.00511311 -0.0104865 0 0 0 0 0 0 2.08333e+10 2.08333e+10 2.08333e+10 
0.0135604 -0.00170135 0.0149474 -0.00125517 0.0136666 -5.44281e-05 0 0 0 0 0 0 2.08333e+10 2.08333e+10 2.08333e+10 
0.0135604 -0.00170135 0.0132564 -0.00332347 0.0147899 -0.00250153 0 0 0 0 0 0 2.08333e+10 2.08333e+10 2.08333e+10 
0.0135604 -0.00170135 0.0147899 -0.00250153 0.0149474 -0.00125517 0 0 0 0 0 0 2.08333e+10 2.08333e+10 2.08333e+10 
0.0135604 -0.00170135 0.0136666 -5.44281e-05 0.0116343 -0.000868502 0 0 0 0 0 0 2.08333e+10 2.08333e+10 2.08333e+10 
0.0135604 -0.00170135 0.0111756 -0.00334923 0.0132564 -0.00332347 0 0 0 0 0 0 2.08333e+10 2.08333e+10 2.08333e+10 
0.0135604 -0.00170135 0.0116343 -0.000868502 0.0111756 -0.00334923 0 0 0 0 0 0 2.08333e+10 2.08333e+10 2.08333e+10 
0.0125186 -0.01542 0.015363 -0.0153823 0.0136441 -0.0123367 0 0 0 0 0 0 1.04167e+10 1.04167e+10 1.04167e+10 
0.0120758 -0.00639936 0.0137032 -0.00610105 0.0127592 -0.00489712 0 0 0 0 0 0 2.08333e+10 2.08333e+10 2.08333e+10 
0.0120758 -0.00639936 0.0127592 -0.00489712 0.0101943 -0.00567335 0 0 0 0 0 0 2.08333e+10 2.08333e+10 2.08333e+10 
-0.0148817 -0.00188 -0.0135735 -0.00159329 -0.0149868 -0.000628135 0 0 0 0 0 0 2.08333e+10 2.08333e+10 2.08333e+10 
-0.02 0.0056 -0.0166762 0.00456563 -0.0187568 0.00780532 0 0 0 0 0 0 1.04167e+10 1.04167e+10 1.04167e+10 
-0.02 0.0056 -0.02 0.004 -0.0166762 0.00456563 0 0 0 0 0 0 1.04167e+10 1.04167e+10 1.04167e+10 
0.00581273 0.0138279 0.00639936 0.0120758 0.00694944 0.0132931 0 0 0 0 0 0 2.08333e+10 2.08333e+10 2.08333e+10 
0.00581273 0.0138279 0.00489712 0.0127592 0.00639936 0.0120758 0 0 0 0 0 0 2.08333e+10 2.08333e+10 2.08333e+10 
0.0145287 0.00373035 0.0141656 0.004933 0.0132825 0.00321777 0 0 0 0 0 0 2.08333e+10 2.08333e+10 2.08333e+10 
0.0145287 0.00373035 0.0132825 0.00321777 0.0147899 0.00250153 0 0 0 0 0 0 2.08333e+10 2.08333e+10 2.08333e+10 
0.010037 -0.0111472 0.0109345 -0.0102682 0.00902186 -0.0102657 0 0 0 0 0 0 2.08333e+10 2.08333e+10 2.08333e+10 
0.010037 -0.0111472 0.00902186 -0.0102657 0.00906899 -0.0119479 0 0 0 0 0 0 2.08333e+10 2.08333e+10 2.08333e+10 
-0.00349617 0.00445958 -0.00274506 0.00715838 -0.00492065 0.0058792 0 0 0 0 0 0 2.08333e+10 2.08333e+10 2.08333e+10 
-0.00349617 0.00445958 -0.00508488 0.00250101 -0.00204887 0.00304082 0 0 0 0 0 0 2.08333e+10 2.08333e+10 2.08333e+10 
-0.00384331 -0.0174883 -0.0024 -0.02 -0.000829299 -0.0171358 0 0 0 0 0 0 1.04167e+10 1.04167e+10 1.04167e+10 
-0.00384331 -0.0174883 -0.004 -0.02 -0.0024 -0.02 0 0 0 0 0 0 1.04167e+10 1.04167e+10 1.04167e+10 
-0.00384331 -0.0174883 -0.0056 -0.02 -0.004 -0.02 0 0 0 0 0 0 1.04167e+10 1.04167e+10 1.04167e+10 
-0.00384331 -0.0174883 -0.00624478 -0.0173872 -0.0056 -0.02 0 0 0 0 0 0 1.04167e+10 1.04167e+10 1.04167e+10 
0.00388585 -0.00660893 0.00457145 -0.00851741 0.00662015 -0.00704401 0 0 0 0 0 0 2.08333e+10 2.08333e+10 2.08333e+10 
-0.00545278 -0.00538934 -0.00851741 -0.00457145 -0.00704401 -0.00662015 0 0 0 0 0 0 2.08333e+10 2.08333e+10 2.08333e+10 
-0.00545278 -0.00538934 -0.00690725 -0.00332682 -0.00851741 -0.00457145 0 0 0 0 0 0 2.08333e+10 2.08333e+10 2.08333e+10 
-0.00545278 -0.00538934 -0.00340741 -0.00686785 -0.0035698 -0.00440087 0 0 0 0 0 0 2.08333e+10 2.08333e+10 2.08333e+10 
-0.00545278 -0.00538934 -0.0035698 -0.00440087 -0.00512574 -0.00241617 0 0 0 0 0 0 2.08333e+10 2.08333e+10 2.08333e+10 
-0.00545278 -0.00538934 -0.00512574 -0.00241617 -0.00690725 -0.00332682 0 0 0 0 0 0 2.08333e+10 2.08333e+10 2.08333e+10 
-0.00545278 -0.00538934 -0.00704401 -0.00662015 -0.00509056 -0.0082177 0 0 0 0 0 0 2.08333e+10 2.08333e+10 2.08333e+10 
-0.00545278 -0.00538934 -0.00509056 -0.0082177 -0.00340741 -0.00686785 0 0 0 0 0 0 2.08333e+10 2.08333e+10 2.08333e+10 
0.0104 -0.02 0.0109746 -0.0175867 0.0088 -0.02 0 0 0 0 0 0 1.04167e+10 1.04167e+10 1.04167e+10 
0.0104 -0.02 0.012 -0.02 0.0109746 -0.0175867 0 0 0 0 0 0 1.04167e+10 1.04167e+10 1.04167e+10 
0.0159193 -0.00781946 0.0187927 -0.00786905 0.018064 -0.00535031 0 0 0 0 0 0 1.04167e+10 1.04167e+10 1.04167e+10 
0.0159193 -0.00781946 0.0150528 -0.0103272 0.017896 -0.00977208 0 0 0 0 0 0 1.04167e+10 1.04167e+10 1.04167e+10 
0.0159193 -0.00781946 0.017896 -0.00977208 0.0187927 -0.00786905 0 0 0 0 0 0 1.04167e+10 1.04167e+10 1.04167e+10 
-0.00130681 -0.00551392 0.000885286 -0.00355819 -0.00160899 -0.00329478 0 0 0 0 0 0 2.08333e+10 2.08333e+10 2.08333e+10 
-0.00130681 -0.00551392 -0.00160899 -0.00329478 -0.0035698 -0.00440087 0 0 0 0 0 0 2.08333e+10 2.08333e+10 2.08333e+10 
-0.00130681 -0.00551392 -0.00340741 -0.00686785 -0.000992805 -0.00760211 0 0 0 0 0 0 2.08333e+10 2.08333e+10 2.08333e+10 
-0.00130681 -0.00551392 -0.0035698 -0.00440087 -0.00340741 -0.00686785 0 0 0 0 0 0 2.08333e+10 2.08333e+10 2.08333e+10 
-0.0104 0.02 -0.012 0.02 -0.010978 0.017692 0 0 0 0 0 0 1.04167e+10 1.04167e+10 1.04167e+10 
-0.0104 0.02 -0.00898719 0.0174135 -0.0088 0.02 0 0 0 0 0 0 1.04167e+10 1.04167e+10 1.04167e+10 
-0.0104 0.02 -0.010978 0.017692 -0.00898719 0.0174135 0 0 0 0 0 0 1.04167e+10 1.04167e+10 1.04167e+10 
0.00851741 0.00457145 0.00978758 0.00634937 0.00704401 0.00662015 0 0 0 0 0 0 2.08333e+10 2.08333e+10 2.08333e+10 
0.00851741 0.00457145 0.00736062 0.00214455 0.00941036 0.00221122 0 0 0 0 0 0 2.08333e+10 2.08333e+10 2.08333e+10 
0.00851741 0.00457145 0.0109237 0.00409688 0.00978758 0.00634937 0 0 0 0 0 0 2.08333e+10 2.08333e+10 2.08333e+10 
0.00851741 0.00457145 0.00941036 0.00221122 0.0109237 0.00409688 0 0 0 0 0 0 2.08333e+10 2.08333e+10 2.08333e+10 
0.02 -0.0152 0.017671 -0.0145882 0.0187863 -0.0172033 0 0 0 0 0 0 1.04167e+10 1.04167e+10 1.04167e+10 
0.02 -0.0152 0.0187863 -0.0172033 0.02 -0.0168 0 0 0 0 0 0 1.04167e+10 1.04167e+10 1.04167e+10 
0.02 -0.0152 0.02 -0.0136 0.017671 -0.0145882 0 0 0 0 0 0 1.04167e+10 1.04167e+10 1.04167e+10 
-0.0147194 0.00981474 -0.0139055 0.0121628 -0.0159771 0.0127401 0 0 0 0 0 0 1.04167e+10 1.04167e+10 1.04167e+10 
-0.00127527 -0.00131712 -0.00160899 -0.00329478 0.000858575 -0.00161986 0 0 0 0 0 0 2.08333e+10 2.08333e+10 2.08333e+10 
-0.00127527 -0.00131712 0.000858575 -0.00161986 0 0 0 0 0 0 0 0 2.08333e+10 2.08333e+10 2.08333e+10 
-0.00127527 -0.00131712 -0.0033504 -0.00148971 -0.00160899 -0.00329478 0 0 0 0 0 0 2.08333e+10 2.08333e+10 2.08333e+10 
-0.010495 0.0107171 -0.00902186 0.0102657 -0.00956136 0.0115577 0 0 0 0 0 0 2.08333e+10 2.08333e+10 2.08333e+10 
-0.010495 0.0107171 -0.0101935 0.00910334 -0.00902186 0.0102657 0 0 0 0 0 0 2.08333e+10 2.08333e+10 2.08333e+10 
-0.010495 0.0107171 -0.0113549 0.00980131 -0.0101935 0.00910334 0 0 0 0 0 0 2.08333e+10 2.08333e+10 2.08333e+10 
0.00394935 0.0109779 0.00621693 0.00987223 0.00639936 0.0120758 0 0 0 0 0 0 2.08333e+10 2.08333e+10 2.08333e+10 
0.00394935 0.0109779 0.00639936 0.0120758 0.00489712 0.0127592 0 0 0 0 0 0 2.08333e+10 2.08333e+10 2.08333e+10 
0.00394935 0.0109779 0.00489712 0.0127592 0.00332347 0.0132564 0 0 0 0 0 0 2.08333e+10 2.08333e+10 2.08333e+10 
-0.00956136 -0.0115577 -0.00910334 -0.0101935 -0.010495 -0.0107171 0 0 0 0 0 0 2.08333e+10 2.08333e+10 2.08333e+10 
0.02 0.0184 0.02 0.02 0.0184 0.02 0 0 0 0 0 0 1.04167e+10 1.04167e+10 1.04167e+10 
0.02 0.0184 0.0184 0.02 0.0189027 0.0170678 0 0 0 0 0 0 1.04167e+10 1.04167e+10 1.04167e+10 
-0.0104 -0.02 -0.0113692 -0.0172653 -0.012 -0.02 0 0 0 0 0 0 1.04167e+10 1.04167e+10 1.04167e+10 
-0.01166 -0.000394477 -0.0136666 5.44281e-05 -0.0135735 -0.00159329 0 0 0 0 0 0 2.08333e+10 2.08333e+10 2.08333e+10 
-0.01166 -0.000394477 -0.0135735 -0.00159329 -0.0113026 -0.00289181 0 0 0 0 0 0 2.08333e+10 2.08333e+10 2.08333e+10 
0.00463525 0.0142658 0.00342526 0.0146037 0.00332347 0.0132564 0 0 0 0 0 0 2.08333e+10 2.08333e+10 2.08333e+10 
0.00463525 0.0142658 0.00332347 0.0132564 0.00489712 0.0127592 0 0 0 0 0 0 2.08333e+10 2.08333e+10 2.08333e+10 
0.00463525 0.0142658 0.00489712 0.0127592 0.00581273 0.0138279 0 0 0 0 0 0 2.08333e+10 2.08333e+10 2.08333e+10 
0.00152939 -0.00751257 0.00457145 -0.00851741 0.00388585 -0.00660893 0 0 0 0 0 0 2.08333e+10 2.08333e+10 2.08333e+10 
0.00152939 -0.00751257 -0.000992805 -0.00760211 -0.000299708 -0.00966202 0 0 0 0 0 0 2.08333e+10 2.08333e+10 2.08333e+10 
-0.0008 -0.02 -0.000829299 -0.0171358 -0.0024 -0.02 0 0 0 0 0 0 1.04167e+10 1.04167e+10 1.04167e+10 
0.02 0.0104 0.0182479 0.00968157 0.02 0.0088 0 0 0 0 0 0 1.04167e+10 1.04167e+10 1.04167e+10 
0.02 0.0104 0.0188438 0.0125262 0.0182479 0.00968157 0 0 0 0 0 0 1.04167e+10 1.04167e+10 1.04167e+10 
-0.0188031 0.0120672 -0.0159771 0.0127401 -0.0170168 0.0148792 0 0 0 0 0 0 1.04167e+10 1.04167e+10 1.04167e+10 
-0.0146722 -0.00311868 -0.0132825 -0.00321777 -0.0135735 -0.00159329 0 0 0 0 0 0 2.08333e+10 2.08333e+10 2.08333e+10 
-0.0146722 -0.00311868 -0.0135735 -0.00159329 -0.0148817 -0.00188 0 0 0 0 0 0 2.08333e+10 2.08333e+10 2.08333e+10 
0.001215 -0.00553488 0.00152939 -0.00751257 0.00388585 -0.00660893 0 0 0 0 0 0 2.08333e+10 2.08333e+10 2.08333e+10 
0.001215 -0.00553488 -0.00130681 -0.00551392 -0.000992805 -0.00760211 0 0 0 0 0 0 2.08333e+10 2.08333e+10 2.08333e+10 
0.001215 -0.00553488 -0.000992805 -0.00760211 0.00152939 -0.00751257 0 0 0 0 0 0 2.08333e+10 2.08333e+10 2.08333e+10 
0.001215 -0.00553488 0.000885286 -0.00355819 -0.00130681 -0.00551392 0 0 0 0 0 0 2.08333e+10 2.08333e+10 2.08333e+10 
-0.0120758 0.00639936 -0.00952117 0.00674229 -0.0112164 0.00780828 0 0 0 0 0 0 2.08333e+10 2.08333e+10 2.08333e+10 
-0.0120758 0.00639936 -0.010748 0.00453789 -0.00952117 0.00674229 0 0 0 0 0 0 2.08333e+10 2.08333e+10 2.08333e+10 
-0.0120758 0.00639936 -0.0128305 0.00777041 -0.0134357 0.00666953 0 0 0 0 0 0 2.08333e+10 2.08333e+10 2.08333e+10 
-0.0120758 0.00639936 -0.0112164 0.00780828 -0.0128305 0.00777041 0 0 0 0 0 0 2.08333e+10 2.08333e+10 2.08333e+10 
0.0056 0.02 0.00610473 0.0177077 0.0072 0.02 0 0 0 0 0 0 1.04167e+10 1.04167e+10 1.04167e+10 
-0.0063863 0.0174423 -0.0072 0.02 -0.00898719 0.0174135 0 0 0 0 0 0 1.04167e+10 1.04167e+10 1.04167e+10 
-0.0063863 0.0174423 -0.00396038 0.0174 -0.0056 0.02 0 0 0 0 0 0 1.04167e+10 1.04167e+10 1.04167e+10 
-0.0063863 0.0174423 -0.0056 0.02 -0.0072 0.02 0 0 0 0 0 0 1.04167e+10 1.04167e+10 1.04167e+10 
0.00582122 -0.0049891 0.00662015 -0.00704401 0.0082177 -0.00509056 0 0 0 0 0 0 2.08333e+10 2.08333e+10 2.08333e+10 
0.00582122 -0.0049891 0.0082177 -0.00509056 0.00712577 -0.00282863 0 0 0 0 0 0 2.08333e+10 2.08333e+10 2.08333e+10 
0.00582122 -0.0049891 0.00712577 -0.00282863 0.00508488 -0.00250101 0 0 0 0 0 0 2.08333e+10 2.08333e+10 2.08333e+10 
0.00582122 -0.0049891 0.00388585 -0.00660893 0.00662015 -0.00704401 0 0 0 0 0 0 2.08333e+10 2.08333e+10 2.08333e+10 
0.0180066 -0.000401744 0.02 -0.0008 0.02 0.0008 0 0 0 0 0 0 1.04167e+10 1.04167e+10 1.04167e+10 
0.0180066 -0.000401744 0.02 0.0008 0.0186259 0.00222853 0 0 0 0 0 0 1.04167e+10 1.04167e+10 1.04167e+10 
0.0180066 -0.000401744 0.0186252 -0.002735 0.02 -0.0008 0 0 0 0 0 0 1.04167e+10 1.04167e+10 1.04167e+10 
0.0130393 0.0145943 0.0139377 0.0177711 0.0113208 0.0178671 0 0 0 0 0 0 1.04167e+10 1.04167e+10 1.04167e+10 
0.0130393 0.0145943 0.0113208 0.0178671 0.0102637 0.0152755 0 0 0 0 0 0 1.04167e+10 1.04167e+10 1.04167e+10 
0.0130393 0.0145943 0.0151878 0.0152435 0.0139377 0.0177711 0 0 0 0 0 0 1.04167e+10 1.04167e+10 1.04167e+10 
0.0130393 0.0145943 0.0102637 0.0152755 0.011238 0.0127458 0 0 0 0 0 0 1.04167e+10 1.04167e+10 1.04167e+10 
0.0130393 0.0145943 0.0139431 0.0124497 0.0151878 0.0152435 0 0 0 0 0 0 1.04167e+10 1.04167e+10 1.04167e+10 
0.0130393 0.0145943 0.011238 0.0127458 0.0139431 0.0124497 0 0 0 0 0 0 1.04167e+10 1.04167e+10 1.04167e+10 
0.00566647 -4.70864e-05 0.00712577 -0.00282863 0.00765813 -0.000361637 0 0 0 0 0 0 2.08333e+10 2.08333e+10 2.08333e+10 
0.00566647 -4.70864e-05 0.00508488 -0.00250101 0.00712577 -0.00282863 0 0 0 0 0 0 2.08333e+10 2.08333e+10 2.08333e+10 
0.00566647 -4.70864e-05 0.00365786 0.000253963 0.00508488 -0.00250101 0 0 0 0 0 0 2.08333e+10 2.08333e+10 2.08333e+10 
0.00566647 -4.70864e-05 0.00512574 0.00241617 0.00365786 0.000253963 0 0 0 0 0 0 2.08333e+10 2.08333e+10 2.08333e+10 
0.00566647 -4.70864e-05 0.00765813 -0.000361637 0.00736062 0.00214455 0 0 0 0 0 0 2.08333e+10 2.08333e+10 2.08333e+10 
0.00566647 -4.70864e-05 0.00736062 0.00214455 0.00512574 0.00241617 0 0 0 0 0 0 2.08333e+10 2.08333e+10 2.08333e+10 
0.00349617 -0.00445958 0.00296533 -0.00215668 0.000885286 -0.00355819 0 0 0 0 0 0 2.08333e+10 2.08333e+10 2.08333e+10 
0.00349617 -0.00445958 0.000885286 -0.00355819 0.001215 -0.00553488 0 0 0 0 0 0 2.08333e+10 2.08333e+10 2.08333e+10 
0.00349617 -0.00445958 0.001215 -0.00553488 0.00388585 -0.00660893 0 0 0 0 0 0 2.08333e+10 2.08333e+10 2.08333e+10 
0.00349617 -0.00445958 0.00508488 -0.00250101 0.00296533 -0.00215668 0 0 0 0 0 0 2.08333e+10 2.08333e+10 2.08333e+10 
0.00349617 -0.00445958 0.00582122 -0.0049891 0.00508488 -0.00250101 0 0 0 0 0 0 2.08333e+10 2.08333e+10 2.08333e+10 
0.00349617 -0.00445958 0.00388585 -0.00660893 0.00582122 -0.0049891 0 0 0 0 0 0 2.08333e+10 2.08333e+10 2.08333e+10 
-0.02 0.0072 -0.02 0.0056 -0.0187568 0.00780532 0 0 0 0 0 0 1.04167e+10 1.04167e+10 1.04167e+10 
-0.02 0.0072 -0.0187568 0.00780532 -0.02 0.0088 0 0 0 0 0 0 1.04167e+10 1.04167e+10 1.04167e+10 
0.00626546 0.00441834 0.00449135 0.00621334 0.0035698 0.00440087 0 0 0 0 0 0 2.08333e+10 2.08333e+10 2.08333e+10 
0.00626546 0.00441834 0.0035698 0.00440087 0.00512574 0.00241617 0 0 0 0 0 0 2.08333e+10 2.08333e+10 2.08333e+10 
0.00626546 0.00441834 0.00704401 0.00662015 0.00449135 0.00621334 0 0 0 0 0 0 2.08333e+10 2.08333e+10 2.08333e+10 
0.00626546 0.00441834 0.00851741 0.00457145 0.00704401 0.00662015 0 0 0 0 0 0 2.08333e+10 2.08333e+10 2.08333e+10 
0.00626546 0.00441834 0.00736062 0.00214455 0.00851741 0.00457145 0 0 0 0 0 0 2.08333e+10 2.08333e+10 2.08333e+10 
0.00626546 0.00441834 0.00512574 0.00241617 0.00736062 0.00214455 0 0 0 0 0 0 2.08333e+10 2.08333e+10 2.08333e+10 
0.0008 -0.02 -0.000829299 -0.0171358 -0.0008 -0.02 0 0 0 0 0 0 1.04167e+10 1.04167e+10 1.04167e+10 
0.0104 0.02 0.0113208 0.0178671 0.012 0.02 0 0 0 0 0 0 1.04167e+10 1.04167e+10 1.04167e+10 
-0.0112783 -0.0077187 -0.0102657 -0.00902186 -0.00904371 -0.00737037 0 0 0 0 0 0 2.08333e+10 2.08333e+10 2.08333e+10 
-0.0112783 -0.0077187 -0.0121353 -0.00881678 -0.0102657 -0.00902186 0 0 0 0 0 0 2.08333e+10 2.08333e+10 2.08333e+10 
-0.0112783 -0.0077187 -0.0128305 -0.00777041 -0.0121353 -0.00881678 0 0 0 0 0 0 2.08333e+10 2.08333e+10 2.08333e+10 
-0.0112783 -0.0077187 -0.0121264 -0.00630297 -0.0128305 -0.00777041 0 0 0 0 0 0 2.08333e+10 2.08333e+10 2.08333e+10 
-0.0112783 -0.0077187 -0.00904371 -0.00737037 -0.0104167 -0.00525392 0 0 0 0 0 0 2.08333e+10 2.08333e+10 2.08333e+10 
-0.0112783 -0.0077187 -0.0104167 -0.00525392 -0.0121264 -0.00630297 0 0 0 0 0 0 2.08333e+10 2.08333e+10 2.08333e+10 
-0.0146889 -0.00972458 -0.0164292 -0.0124652 -0.0138342 -0.0122723 0 0 0 0 0 0 1.04167e+10 1.04167e+10 1.04167e+10 
-0.00966202 0.000299708 -0.00749416 0.00161719 -0.00925522 0.00279021 0 0 0 0 0 0 2.08333e+10 2.08333e+10 2.08333e+10 
-0.00966202 0.000299708 -0.00761321 -0.000903782 -0.00749416 0.00161719 0 0 0 0 0 0 2.08333e+10 2.08333e+10 2.08333e+10 
0.00219125 -0.0148391 0.00342526 -0.0146037 0.00321777 -0.0132825 0 0 0 0 0 0 2.08333e+10 2.08333e+10 2.08333e+10 
0.0166744 -0.0124224 0.015363 -0.0153823 0.017671 -0.0145882 0 0 0 0 0 0 1.04167e+10 1.04167e+10 1.04167e+10 
0.0166744 -0.0124224 0.0136441 -0.0123367 0.015363 -0.0153823 0 0 0 0 0 0 1.04167e+10 1.04167e+10 1.04167e+10 
0.0166744 -0.0124224 0.017671 -0.0145882 0.0189126 -0.0121862 0 0 0 0 0 0 1.04167e+10 1.04167e+10 1.04167e+10 
0.0166744 -0.0124224 0.0150528 -0.0103272 0.0136441 -0.0123367 0 0 0 0 0 0 1.04167e+10 1.04167e+10 1.04167e+10 
0.0166744 -0.0124224 0.0189126 -0.0121862 0.017896 -0.00977208 0 0 0 0 0 0 1.04167e+10 1.04167e+10 1.04167e+10 
0.0166744 -0.0124224 0.017896 -0.00977208 0.0150528 -0.0103272 0 0 0 0 0 0 1.04167e+10 1.04167e+10 1.04167e+10 
-0.02 -0.0056 -0.02 -0.0072 -0.0183008 -0.00711937 0 0 0 0 0 0 1.04167e+10 1.04167e+10 1.04167e+10 
-0.0188003 0.00267149 -0.02 0.004 -0.02 0.0024 0 0 0 0 0 0 1.04167e+10 1.04167e+10 1.04167e+10 
-0.0188003 0.00267149 -0.0166762 0.00456563 -0.02 0.004 0 0 0 0 0 0 1.04167e+10 1.04167e+10 1.04167e+10 
-0.0188003 0.00267149 -0.02 0.0008 -0.0174726 0.000116438 0 0 0 0 0 0 1.04167e+10 1.04167e+10 1.04167e+10 
-0.0188003 0.00267149 -0.02 0.0024 -0.02 0.0008 0 0 0 0 0 0 1.04167e+10 1.04167e+10 1.04167e+10 
-0.0140665 0.0176528 -0.0121205 0.0147111 -0.010978 0.017692 0 0 0 0 0 0 1.04167e+10 1.04167e+10 1.04167e+10 
-0.0140665 0.0176528 -0.010978 0.017692 -0.012 0.02 0 0 0 0 0 0 1.04167e+10 1.04167e+10 1.04167e+10 
0.00856539 0.017631 0.0088 0.02 0.0072 0.02 0 0 0 0 0 0 1.04167e+10 1.04167e+10 1.04167e+10 
0.00856539 0.017631 0.0072 0.02 0.00610473 0.0177077 0 0 0 0 0 0 1.04167e+10 1.04167e+10 1.04167e+10 
0.00856539 0.017631 0.00610473 0.0177077 0.00777504 0.015331 0 0 0 0 0 0 1.04167e+10 1.04167e+10 1.04167e+10 
0.00856539 0.017631 0.00777504 0.015331 0.0102637 0.0152755 0 0 0 0 0 0 1.04167e+10 1.04167e+10 1.04167e+10 
0.00856539 0.017631 0.0102637 0.0152755 0.0113208 0.0178671 0 0 0 0 0 0 1.04167e+10 1.04167e+10 1.04167e+10 
0.00856539 0.017631 0.0113208 0.0178671 0.0104 0.02 0 0 0 0 0 0 1.04167e+10 1.04167e+10 1.04167e+10 
0.00856539 0.017631 0.0104 0.02 0.0088 0.02 0 0 0 0 0 0 1.04167e+10 1.04167e+10 1.04167e+10 
0.02 -0.0056 0.018064 -0.00535031 0.02 -0.0072 0 0 0 0 0 0 1.04167e+10 1.04167e+10 1.04167e+10 
0.02 -0.0056 0.02 -0.004 0.018064 -0.00535031 0 0 0 0 0 0 1.04167e+10 1.04167e+10 1.04167e+10 
-0.0136 0.02 -0.0140665 0.0176528 -0.012 0.02 0 0 0 0 0 0 1.04167e+10 1.04167e+10 1.04167e+10 
-0.0136 0.02 -0.0152 0.02 -0.0140665 0.0176528 0 0 0 0 0 0 1.04167e+10 1.04167e+10 1.04167e+10 
-0.02 0.0136 -0.02 0.012 -0.0188031 0.0120672 0 0 0 0 0 0 1.04167e+10 1.04167e+10 1.04167e+10 
-0.02 0.0136 -0.0170168 0.0148792 -0.02 0.0152 0 0 0 0 0 0 1.04167e+10 1.04167e+10 1.04167e+10 
-0.02 0.0136 -0.0188031 0.0120672 -0.0170168 0.0148792 0 0 0 0 0 0 1.04167e+10 1.04167e+10 1.04167e+10 
0.02 0.0072 0.02 0.0088 0.0184698 0.00712598 0 0 0 0 0 0 1.04167e+10 1.04167e+10 1.04167e+10 
0.02 0.0072 0.0184698 0.00712598 0.02 0.0056 0 0 0 0 0 0 1.04167e+10 1.04167e+10 1.04167e+10 
0.00139375 -0.0173099 -0.000829299 -0.0171358 0.0008 -0.02 0 0 0 0 0 0 1.04167e+10 1.04167e+10 1.04167e+10 
0.00139375 -0.0173099 0.0024 -0.02 0.0034614 -0.0174064 0 0 0 0 0 0 1.04167e+10 1.04167e+10 1.04167e+10 
0.00139375 -0.0173099 0.0008 -0.02 0.0024 -0.02 0 0 0 0 0 0 1.04167e+10 1.04167e+10 1.04167e+10 
-0.0164892 0.0175984 -0.0184 0.02 -0.0188929 0.0172559 0 0 0 0 0 0 1.04167e+10 1.04167e+10 1.04167e+10 
-0.0164892 0.0175984 -0.0168 0.02 -0.0184 0.02 0 0 0 0 0 0 1.04167e+10 1.04167e+10 1.04167e+10 
-0.0164892 0.0175984 -0.0188929 0.0172559 -0.0170168 0.0148792 0 0 0 0 0 0 1.04167e+10 1.04167e+10 1.04167e+10 
-0.0164892 0.0175984 -0.0152 0.02 -0.0168 0.02 0 0 0 0 0 0 1.04167e+10 1.04167e+10 1.04167e+10 
-0.0164892 0.0175984 -0.0140665 0.0176528 -0.0152 0.02 0 0 0 0 0 0 1.04167e+10 1.04167e+10 1.04167e+10 
-0.0143598 -0.00433548 -0.0127978 -0.00479534 -0.0132825 -0.00321777 0 0 0 0 0 0 2.08333e+10 2.08333e+10 2.08333e+10 
-0.0143598 -0.00433548 -0.0139466 -0.00552187 -0.0127978 -0.00479534 0 0 0 0 0 0 2.08333e+10 2.08333e+10 2.08333e+10 
-0.0143598 -0.00433548 -0.0132825 -0.00321777 -0.0146722 -0.00311868 0 0 0 0 0 0 2.08333e+10 2.08333e+10 2.08333e+10 
0.00221122 -0.00941036 0.00457145 -0.00851741 0.00152939 -0.00751257 0 0 0 0 0 0 2.08333e+10 2.08333e+10 2.08333e+10 
0.00221122 -0.00941036 0.00152939 -0.00751257 -0.000299708 -0.00966202 0 0 0 0 0 0 2.08333e+10 2.08333e+10 2.08333e+10 
0.00221122 -0.00941036 -0.000299708 -0.00966202 0.00227566 -0.0114426 0 0 0 0 0 0 2.08333e+10 2.08333e+10 2.08333e+10 
0.00479534 -0.0127978 0.00321777 -0.0132825 0.00463525 -0.0142658 0 0 0 0 0 0 2.08333e+10 2.08333e+10 2.08333e+10 
0.00479534 -0.0127978 0.00227566 -0.0114426 0.00321777 -0.0132825 0 0 0 0 0 0 2.08333e+10 2.08333e+10 2.08333e+10 
-0.00941036 -0.00221122 -0.0104167 -0.00525392 -0.00851741 -0.00457145 0 0 0 0 0 0 2.08333e+10 2.08333e+10 2.08333e+10 
-0.00941036 -0.00221122 -0.0113026 -0.00289181 -0.0104167 -0.00525392 0 0 0 0 0 0 2.08333e+10 2.08333e+10 2.08333e+10 
-0.00941036 -0.00221122 -0.00690725 -0.00332682 -0.00761321 -0.000903782 0 0 0 0 0 0 2.08333e+10 2.08333e+10 2.08333e+10 
-0.00941036 -0.00221122 -0.00851741 -0.00457145 -0.00690725 -0.00332682 0 0 0 0 0 0 2.08333e+10 2.08333e+10 2.08333e+10 
-0.00941036 -0.00221122 -0.00761321 -0.000903782 -0.00966202 0.000299708 0 0 0 0 0 0 2.08333e+10 2.08333e+10 2.08333e+10 
-0.00941036 -0.00221122 -0.01166 -0.000394477 -0.0113026 -0.00289181 0 0 0 0 0 0 2.08333e+10 2.08333e+10 2.08333e+10 
-0.00941036 -0.00221122 -0.00966202 0.000299708 -0.01166 -0.000394477 0 0 0 0 0 0 2.08333e+10 2.08333e+10 2.08333e+10 
0.0080374 -0.0126649 0.00906899 -0.0119479 0.0077187 -0.0112783 0 0 0 0 0 0 2.08333e+10 2.08333e+10 2.08333e+10 
0.0080374 -0.0126649 0.0077187 -0.0112783 0.00630297 -0.0121264 0 0 0 0 0 0 2.08333e+10 2.08333e+10 2.08333e+10 
0.0080374 -0.0126649 0.00630297 -0.0121264 0.00694944 -0.0132931 0 0 0 0 0 0 2.08333e+10 2.08333e+10 2.08333e+10 
-0.0077187 0.0112783 -0.0085607 0.0123172 -0.00956136 0.0115577 0 0 0 0 0 0 2.08333e+10 2.08333e+10 2.08333e+10 
-0.0077187 0.0112783 -0.00956136 0.0115577 -0.00902186 0.0102657 0 0 0 0 0 0 2.08333e+10 2.08333e+10 2.08333e+10 
-0.0077187 0.0112783 -0.00784918 0.00863143 -0.00581017 0.010117 0 0 0 0 0 0 2.08333e+10 2.08333e+10 2.08333e+10 
-0.0077187 0.0112783 -0.00902186 0.0102657 -0.00784918 0.00863143 0 0 0 0 0 0 2.08333e+10 2.08333e+10 2.08333e+10 
-0.0077187 0.0112783 -0.0075 0.0129904 -0.0085607 0.0123172 0 0 0 0 0 0 2.08333e+10 2.08333e+10 2.08333e+10 
-0.0077187 0.0112783 -0.00630297 0.0121264 -0.0075 0.0129904 0 0 0 0 0 0 2.08333e+10 2.08333e+10 2.08333e+10 
-0.0077187 0.0112783 -0.00581017 0.010117 -0.00630297 0.0121264 0 0 0 0 0 0 2.08333e+10 2.08333e+10 2.08333e+10 
0.015 0 0.0149474 0.00125517 0.0136666 -5.44281e-05 0 0 0 0 0 0 2.08333e+10 2.08333e+10 2.08333e+10 
0.015 0 0.0136666 -5.44281e-05 0.0149474 -0.00125517 0 0 0 0 0 0 2.08333e+10 2.08333e+10 2.08333e+10 
-0.0133648 -0.0177646 -0.0113692 -0.0172653 -0.0121056 -0.0145863 0 0 0 0 0 0 1.04167e+10 1.04167e+10 1.04167e+10 
-0.0133648 -0.0177646 -0.0136 -0.02 -0.012 -0.02 0 0 0 0 0 0 1.04167e+10 1.04167e+10 1.04167e+10 
-0.0133648 -0.0177646 -0.012 -0.02 -0.0113692 -0.0172653 0 0 0 0 0 0 1.04167e+10 1.04167e+10 1.04167e+10 
-0.0133648 -0.0177646 -0.0159773 -0.0172389 -0.0152 -0.02 0 0 0 0 0 0 1.04167e+10 1.04167e+10 1.04167e+10 
-0.0133648 -0.0177646 -0.0152 -0.02 -0.0136 -0.02 0 0 0 0 0 0 1.04167e+10 1.04167e+10 1.04167e+10 
0.004 0.02 0.0024 0.02 0.00367019 0.0173969 0 0 0 0 0 0 1.04167e+10 1.04167e+10 1.04167e+10 
0.004 0.02 0.00367019 0.0173969 0.00610473 0.0177077 0 0 0 0 0 0 1.04167e+10 1.04167e+10 1.04167e+10 
0.004 0.02 0.00610473 0.0177077 0.0056 0.02 0 0 0 0 0 0 1.04167e+10 1.04167e+10 1.04167e+10 
-0.0171529 -0.00962903 -0.02 -0.0104 -0.0183731 -0.0121929 0 0 0 0 0 0 1.04167e+10 1.04167e+10 1.04167e+10 
-0.0171529 -0.00962903 -0.0183731 -0.0121929 -0.0164292 -0.0124652 0 0 0 0 0 0 1.04167e+10 1.04167e+10 1.04167e+10 
-0.0171529 -0.00962903 -0.0164292 -0.0124652 -0.0146889 -0.00972458 0 0 0 0 0 0 1.04167e+10 1.04167e+10 1.04167e+10 
-0.0171529 -0.00962903 -0.0146889 -0.00972458 -0.0160636 -0.00760221 0 0 0 0 0 0 1.04167e+10 1.04167e+10 1.04167e+10 
-0.0171529 -0.00962903 -0.0160636 -0.00760221 -0.0183008 -0.00711937 0 0 0 0 0 0 1.04167e+10 1.04167e+10 1.04167e+10 
-0.000237361 -0.0116643 -0.00273928 -0.0113405 -0.00170135 -0.0135604 0 0 0 0 0 0 2.08333e+10 2.08333e+10 2.08333e+10 
-0.000237361 -0.0116643 -0.000299708 -0.00966202 -0.00273928 -0.0113405 0 0 0 0 0 0 2.08333e+10 2.08333e+10 2.08333e+10 
-0.000237361 -0.0116643 0.00227566 -0.0114426 -0.000299708 -0.00966202 0 0 0 0 0 0 2.08333e+10 2.08333e+10 2.08333e+10 
-0.02 -0.012 -0.02 -0.0136 -0.0183731 -0.0121929 0 0 0 0 0 0 1.04167e+10 1.04167e+10 1.04167e+10 
-0.02 -0.012 -0.0183731 -0.0121929 -0.02 -0.0104 0 0 0 0 0 0 1.04167e+10 1.04167e+10 1.04167e+10 
0.00159329 -0.0135735 0.00219125 -0.0148391 0.00321777 -0.0132825 0 0 0 0 0 0 2.08333e+10 2.08333e+10 2.08333e+10 
0.00159329 -0.0135735 0.000941858 -0.0149704 0.00219125 -0.0148391 0 0 0 0 0 0 2.08333e+10 2.08333e+10 2.08333e+10 
0.00159329 -0.0135735 0.00321777 -0.0132825 0.00227566 -0.0114426 0 0 0 0 0 0 2.08333e+10 2.08333e+10 2.08333e+10 
0.00159329 -0.0135735 0.00227566 -0.0114426 -0.000237361 -0.0116643 0 0 0 0 0 0 2.08333e+10 2.08333e+10 2.08333e+10 
0.000941858 0.0149704 -0.000314136 0.0149967 5.44281e-05 0.0136666 0 0 0 0 0 0 2.08333e+10 2.08333e+10 2.08333e+10 
0.000941858 0.0149704 0.00170135 0.0135604 0.00219125 0.0148391 0 0 0 0 0 0 2.08333e+10 2.08333e+10 2.08333e+10 
0.000941858 0.0149704 5.44281e-05 0.0136666 0.00170135 0.0135604 0 0 0 0 0 0 2.08333e+10 2.08333e+10 2.08333e+10 
0.0167116 -0.0177465 0.0187863 -0.0172033 0.017671 -0.0145882 0 0 0 0 0 0 1.04167e+10 1.04167e+10 1.04167e+10 
0.0167116 -0.0177465 0.017671 -0.0145882 0.015363 -0.0153823 0 0 0 0 0 0 1.04167e+10 1.04167e+10 1.04167e+10 
0.0167116 -0.0177465 0.0152 -0.02 0.0168 -0.02 0 0 0 0 0 0 1.04167e+10 1.04167e+10 1.04167e+10 
0.0167116 -0.0177465 0.0184 -0.02 0.0187863 -0.0172033 0 0 0 0 0 0 1.04167e+10 1.04167e+10 1.04167e+10 
0.0167116 -0.0177465 0.0168 -0.02 0.0184 -0.02 0 0 0 0 0 0 1.04167e+10 1.04167e+10 1.04167e+10 
-0.02 -0.0088 -0.0183008 -0.00711937 -0.02 -0.0072 0 0 0 0 0 0 1.04167e+10 1.04167e+10 1.04167e+10 
-0.02 -0.0088 -0.02 -0.0104 -0.0171529 -0.00962903 0 0 0 0 0 0 1.04167e+10 1.04167e+10 1.04167e+10 
-0.02 -0.0088 -0.0171529 -0.00962903 -0.0183008 -0.00711937 0 0 0 0 0 0 1.04167e+10 1.04167e+10 1.04167e+10 
-0.0082177 0.00509056 -0.010748 0.00453789 -0.00925522 0.00279021 0 0 0 0 0 0 2.08333e+10 2.08333e+10 2.08333e+10 
-0.0082177 0.00509056 -0.00952117 0.00674229 -0.010748 0.00453789 0 0 0 0 0 0 2.08333e+10 2.08333e+10 2.08333e+10 
-0.0082177 0.00509056 -0.00662015 0.00704401 -0.00952117 0.00674229 0 0 0 0 0 0 2.08333e+10 2.08333e+10 2.08333e+10 
-0.001215 0.00553488 0.000385076 0.00364639 0.00130681 0.00551392 0 0 0 0 0 0 2.08333e+10 2.08333e+10 2.08333e+10 
-0.001215 0.00553488 0.00130681 0.00551392 -0.000272002 0.00766184 0 0 0 0 0 0 2.08333e+10 2.08333e+10 2.08333e+10 
-0.001215 0.00553488 -0.000272002 0.00766184 -0.00274506 0.00715838 0 0 0 0 0 0 2.08333e+10 2.08333e+10 2.08333e+10 
-0.001215 0.00553488 -0.00274506 0.00715838 -0.00349617 0.00445958 0 0 0 0 0 0 2.08333e+10 2.08333e+10 2.08333e+10 
-0.001215 0.00553488 -0.00204887 0.00304082 0.000385076 0.00364639 0 0 0 0 0 0 2.08333e+10 2.08333e+10 2.08333e+10 
-0.001215 0.00553488 -0.00349617 0.00445958 -0.00204887 0.00304082 0 0 0 0 0 0 2.08333e+10 2.08333e+10 2.08333e+10 
0.0112164 -0.00780828 0.0101935 -0.00910334 0.0117554 -0.00931722 0 0 0 0 0 0 2.08333e+10 2.08333e+10 2.08333e+10 
0.0112164 -0.00780828 0.0117554 -0.00931722 0.0124938 -0.00830087 0 0 0 0 0 0 2.08333e+10 2.08333e+10 2.08333e+10 
0.0112164 -0.00780828 0.0124938 -0.00830087 0.0120758 -0.00639936 0 0 0 0 0 0 2.08333e+10 2.08333e+10 2.08333e+10 
0.0112164 -0.00780828 0.0120758 -0.00639936 0.0101943 -0.00567335 0 0 0 0 0 0 2.08333e+10 2.08333e+10 2.08333e+10 
0.018219 0.00499335 0.0186259 0.00222853 0.02 0.004 0 0 0 0 0 0 1.04167e+10 1.04167e+10 1.04167e+10 
0.018219 0.00499335 0.0184698 0.00712598 0.0163703 0.00728904 0 0 0 0 0 0 1.04167e+10 1.04167e+10 1.04167e+10 
0.018219 0.00499335 0.02 0.004 0.02 0.0056 0 0 0 0 0 0 1.04167e+10 1.04167e+10 1.04167e+10 
0.018219 0.00499335 0.02 0.0056 0.0184698 0.00712598 0 0 0 0 0 0 1.04167e+10 1.04167e+10 1.04167e+10 
0.00686994 -0.00942947 0.0077187 -0.0112783 0.00902186 -0.0102657 0 0 0 0 0 0 2.08333e+10 2.08333e+10 2.08333e+10 
0.00686994 -0.00942947 0.00662015 -0.00704401 0.00457145 -0.00851741 0 0 0 0 0 0 2.08333e+10 2.08333e+10 2.08333e+10 
0.00686994 -0.00942947 0.00630297 -0.0121264 0.0077187 -0.0112783 0 0 0 0 0 0 2.08333e+10 2.08333e+10 2.08333e+10 
0.02 -0.0184 0.0184 -0.02 0.02 -0.02 0 0 0 0 0 0 1.04167e+10 1.04167e+10 1.04167e+10 
0.02 -0.0184 0.0187863 -0.0172033 0.0184 -0.02 0 0 0 0 0 0 1.04167e+10 1.04167e+10 1.04167e+10 
0.02 -0.0184 0.02 -0.0168 0.0187863 -0.0172033 0 0 0 0 0 0 1.04167e+10 1.04167e+10 1.04167e+10 
-0.00656301 0.00396292 -0.00492065 0.0058792 -0.00662015 0.00704401 0 0 0 0 0 0 2.08333e+10 2.08333e+10 2.08333e+10 
-0.00656301 0.00396292 -0.00662015 0.00704401 -0.0082177 0.00509056 0 0 0 0 0 0 2.08333e+10 2.08333e+10 2.08333e+10 
-0.00656301 0.00396292 -0.00749416 0.00161719 -0.00508488 0.00250101 0 0 0 0 0 0 2.08333e+10 2.08333e+10 2.08333e+10 
-0.00656301 0.00396292 -0.00925522 0.00279021 -0.00749416 0.00161719 0 0 0 0 0 0 2.08333e+10 2.08333e+10 2.08333e+10 
-0.00656301 0.00396292 -0.0082177 0.00509056 -0.00925522 0.00279021 0 0 0 0 0 0 2.08333e+10 2.08333e+10 2.08333e+10 
-0.00656301 0.00396292 -0.00349617 0.00445958 -0.00492065 0.0058792 0 0 0 0 0 0 2.08333e+10 2.08333e+10 2.08333e+10 
-0.00656301 0.00396292 -0.00508488 0.00250101 -0.00349617 0.00445958 0 0 0 0 0 0 2.08333e+10 2.08333e+10 2.08333e+10 
-0.00102516 0.0116215 -0.00159329 0.0135735 -0.00321777 0.0132825 0 0 0 0 0 0 2.08333e+10 2.08333e+10 2.08333e+10 
-0.00102516 0.0116215 -0.00321777 0.0132825 -0.00349948 0.0111295 0 0 0 0 0 0 2.08333e+10 2.08333e+10 2.08333e+10 
-0.00102516 0.0116215 -0.00349948 0.0111295 -0.00221122 0.00941036 0 0 0 0 0 0 2.08333e+10 2.08333e+10 2.08333e+10 
-0.00102516 0.0116215 -0.00221122 0.00941036 0.000299708 0.00966202 0 0 0 0 0 0 2.08333e+10 2.08333e+10 2.08333e+10 
-0.00102516 0.0116215 5.44281e-05 0.0136666 -0.00159329 0.0135735 0 0 0 0 0 0 2.08333e+10 2.08333e+10 2.08333e+10 
-0.00891945 -0.0174528 -0.0088 -0.02 -0.0072 -0.02 0 0 0 0 0 0 1.04167e+10 1.04167e+10 1.04167e+10 
-0.00891945 -0.0174528 -0.0072 -0.02 -0.00624478 -0.0173872 0 0 0 0 0 0 1.04167e+10 1.04167e+10 1.04167e+10 
-0.00891945 -0.0174528 -0.00978155 -0.0147626 -0.0113692 -0.0172653 0 0 0 0 0 0 1.04167e+10 1.04167e+10 1.04167e+10 
-0.00891945 -0.0174528 -0.0113692 -0.0172653 -0.0104 -0.02 0 0 0 0 0 0 1.04167e+10 1.04167e+10 1.04167e+10 
-0.00891945 -0.0174528 -0.0104 -0.02 -0.0088 -0.02 0 0 0 0 0 0 1.04167e+10 1.04167e+10 1.04167e+10 
0.0134511 -0.0178423 0.015363 -0.0153823 0.0125186 -0.01542 0 0 0 0 0 0 1.04167e+10 1.04167e+10 1.04167e+10 
0.0134511 -0.0178423 0.0136 -0.02 0.0152 -0.02 0 0 0 0 0 0 1.04167e+10 1.04167e+10 1.04167e+10 
0.0134511 -0.0178423 0.0152 -0.02 0.0167116 -0.0177465 0 0 0 0 0 0 1.04167e+10 1.04167e+10 1.04167e+10 
0.0134511 -0.0178423 0.0167116 -0.0177465 0.015363 -0.0153823 0 0 0 0 0 0 1.04167e+10 1.04167e+10 1.04167e+10 
0.0134511 -0.0178423 0.0125186 -0.01542 0.0109746 -0.0175867 0 0 0 0 0 0 1.04167e+10 1.04167e+10 1.04167e+10 
0.0134511 -0.0178423 0.012 -0.02 0.0136 -0.02 0 0 0 0 0 0 1.04167e+10 1.04167e+10 1.04167e+10 
0.0134511 -0.0178423 0.0109746 -0.0175867 0.012 -0.02 0 0 0 0 0 0 1.04167e+10 1.04167e+10 1.04167e+10 
-0.00479534 0.0127978 -0.00321777 0.0132825 -0.0040338 0.0144474 0 0 0 0 0 0 2.08333e+10 2.08333e+10 2.08333e+10 
-0.00479534 0.0127978 -0.0040338 0.0144474 -0.00522858 0.0140592 0 0 0 0 0 0 2.08333e+10 2.08333e+10 2.08333e+10 
-0.00479534 0.0127978 -0.00581017 0.010117 -0.00349948 0.0111295 0 0 0 0 0 0 2.08333e+10 2.08333e+10 2.08333e+10 
-0.00479534 0.0127978 -0.00630297 0.0121264 -0.00581017 0.010117 0 0 0 0 0 0 2.08333e+10 2.08333e+10 2.08333e+10 
-0.00479534 0.0127978 -0.00349948 0.0111295 -0.00321777 0.0132825 0 0 0 0 0 0 2.08333e+10 2.08333e+10 2.08333e+10 
-0.00479534 0.0127978 -0.00638669 0.0135724 -0.00630297 0.0121264 0 0 0 0 0 0 2.08333e+10 2.08333e+10 2.08333e+10 
-0.00479534 0.0127978 -0.00522858 0.0140592 -0.00638669 0.0135724 0 0 0 0 0 0 2.08333e+10 2.08333e+10 2.08333e+10 
-0.0174431 0.0101288 -0.0187568 0.00780532 -0.0162285 0.00731717 0 0 0 0 0 0 1.04167e+10 1.04167e+10 1.04167e+10 
-0.0174431 0.0101288 -0.0162285 0.00731717 -0.0147194 0.00981474 0 0 0 0 0 0 1.04167e+10 1.04167e+10 1.04167e+10 
-0.0174431 0.0101288 -0.0147194 0.00981474 -0.0159771 0.0127401 0 0 0 0 0 0 1.04167e+10 1.04167e+10 1.04167e+10 
-0.0174431 0.0101288 -0.0159771 0.0127401 -0.0188031 0.0120672 0 0 0 0 0 0 1.04167e+10 1.04167e+10 1.04167e+10 
-0.0174431 0.0101288 -0.02 0.0088 -0.0187568 0.00780532 0 0 0 0 0 0 1.04167e+10 1.04167e+10 1.04167e+10 
-0.004 0.02 -0.00396038 0.0174 -0.0024 0.02 0 0 0 0 0 0 1.04167e+10 1.04167e+10 1.04167e+10 
-0.004 0.02 -0.0056 0.02 -0.00396038 0.0174 0 0 0 0 0 0 1.04167e+10 1.04167e+10 1.04167e+10 
0.02 -0.0024 0.0186252 -0.002735 0.02 -0.004 0 0 0 0 0 0 1.04167e+10 1.04167e+10 1.04167e+10 
0.02 -0.0024 0.02 -0.0008 0.0186252 -0.002735 0 0 0 0 0 0 1.04167e+10 1.04167e+10 1.04167e+10 
-0.0113549 -0.00980131 -0.010495 -0.0107171 -0.0102657 -0.00902186 0 0 0 0 0 0 2.08333e+10 2.08333e+10 2.08333e+10 
-0.0113549 -0.00980131 -0.0102657 -0.00902186 -0.0121353 -0.00881678 0 0 0 0 0 0 2.08333e+10 2.08333e+10 2.08333e+10 
-0.02 -0.0008 -0.02 -0.0024 -0.018698 -0.00227487 0 0 0 0 0 0 1.04167e+10 1.04167e+10 1.04167e+10 
-0.02 -0.0008 -0.018698 -0.00227487 -0.0174726 0.000116438 0 0 0 0 0 0 1.04167e+10 1.04167e+10 1.04167e+10 
-0.02 -0.0008 -0.0174726 0.000116438 -0.02 0.0008 0 0 0 0 0 0 1.04167e+10 1.04167e+10 1.04167e+10 
0.0107415 -0.0151322 0.00845758 -0.0172338 0.0109746 -0.0175867 0 0 0 0 0 0 1.04167e+10 1.04167e+10 1.04167e+10 
0.0107415 -0.0151322 0.0109746 -0.0175867 0.0125186 -0.01542 0 0 0 0 0 0 1.04167e+10 1.04167e+10 1.04167e+10 
-0.00780828 -0.0112164 -0.00724787 -0.00914219 -0.00910334 -0.0101935 0 0 0 0 0 0 2.08333e+10 2.08333e+10 2.08333e+10 
-0.00780828 -0.0112164 -0.00511311 -0.0104865 -0.00724787 -0.00914219 0 0 0 0 0 0 2.08333e+10 2.08333e+10 2.08333e+10 
-0.00780828 -0.0112164 -0.00639936 -0.0120758 -0.00511311 -0.0104865 0 0 0 0 0 0 2.08333e+10 2.08333e+10 2.08333e+10 
-0.00780828 -0.0112164 -0.00910334 -0.0101935 -0.00956136 -0.0115577 0 0 0 0 0 0 2.08333e+10 2.08333e+10 2.08333e+10 
0.0131446 -0.00722631 0.0137032 -0.00610105 0.0120758 -0.00639936 0 0 0 0 0 0 2.08333e+10 2.08333e+10 2.08333e+10 
0.0131446 -0.00722631 0.0120758 -0.00639936 0.0124938 -0.00830087 0 0 0 0 0 0 2.08333e+10 2.08333e+10 2.08333e+10 
-0.0174763 -0.00525843 -0.018698 -0.00227487 -0.02 -0.004 0 0 0 0 0 0 1.04167e+10 1.04167e+10 1.04167e+10 
-0.0174763 -0.00525843 -0.02 -0.0056 -0.0183008 -0.00711937 0 0 0 0 0 0 1.04167e+10 1.04167e+10 1.04167e+10 
-0.0174763 -0.00525843 -0.02 -0.004 -0.02 -0.0056 0 0 0 0 0 0 1.04167e+10 1.04167e+10 1.04167e+10 
-0.0174763 -0.00525843 -0.0183008 -0.00711937 -0.0160636 -0.00760221 0 0 0 0 0 0 1.04167e+10 1.04167e+10 1.04167e+10 
0.00873639 -0.00773218 0.0101943 -0.00567335 0.0082177 -0.00509056 0 0 0 0 0 0 2.08333e+10 2.08333e+10 2.08333e+10 
0.00873639 -0.00773218 0.0082177 -0.00509056 0.00662015 -0.00704401 0 0 0 0 0 0 2.08333e+10 2.08333e+10 2.08333e+10 
0.00873639 -0.00773218 0.0101935 -0.00910334 0.0112164 -0.00780828 0 0 0 0 0 0 2.08333e+10 2.08333e+10 2.08333e+10 
0.00873639 -0.00773218 0.0112164 -0.00780828 0.0101943 -0.00567335 0 0 0 0 0 0 2.08333e+10 2.08333e+10 2.08333e+10 
0.00873639 -0.00773218 0.00662015 -0.00704401 0.00686994 -0.00942947 0 0 0 0 0 0 2.08333e+10 2.08333e+10 2.08333e+10 
0.00873639 -0.00773218 0.00902186 -0.0102657 0.0101935 -0.00910334 0 0 0 0 0 0 2.08333e+10 2.08333e+10 2.08333e+10 
0.00873639 -0.00773218 0.00686994 -0.00942947 0.00902186 -0.0102657 0 0 0 0 0 0 2.08333e+10 2.08333e+10 2.08333e+10 
-5.44281e-05 -0.0136666 -0.00156793 -0.0149178 -0.000314136 -0.0149967 0 0 0 0 0 0 2.08333e+10 2.08333e+10 2.08333e+10 
-5.44281e-05 -0.0136666 -0.00170135 -0.0135604 -0.00156793 -0.0149178 0 0 0 0 0 0 2.08333e+10 2.08333e+10 2.08333e+10 
-5.44281e-05 -0.0136666 -0.000314136 -0.0149967 0.000941858 -0.0149704 0 0 0 0 0 0 2.08333e+10 2.08333e+10 2.08333e+10 
-5.44281e-05 -0.0136666 0.000941858 -0.0149704 0.00159329 -0.0135735 0 0 0 0 0 0 2.08333e+10 2.08333e+10 2.08333e+10 
-5.44281e-05 -0.0136666 -0.000237361 -0.0116643 -0.00170135 -0.0135604 0 0 0 0 0 0 2.08333e+10 2.08333e+10 2.08333e+10 
-5.44281e-05 -0.0136666 0.00159329 -0.0135735 -0.000237361 -0.0116643 0 0 0 0 0 0 2.08333e+10 2.08333e+10 2.08333e+10 
0.00223053 0.00733502 0.00130681 0.00551392 0.0035698 0.00440087 0 0 0 0 0 0 2.08333e+10 2.08333e+10 2.08333e+10 
0.00223053 0.00733502 0.0035698 0.00440087 0.00449135 0.00621334 0 0 0 0 0 0 2.08333e+10 2.08333e+10 2.08333e+10 
0.00223053 0.00733502 -0.000272002 0.00766184 0.00130681 0.00551392 0 0 0 0 0 0 2.08333e+10 2.08333e+10 2.08333e+10 
0.00223053 0.00733502 0.000299708 0.00966202 -0.000272002 0.00766184 0 0 0 0 0 0 2.08333e+10 2.08333e+10 2.08333e+10 
0.00223053 0.00733502 0.00279021 0.00925522 0.000299708 0.00966202 0 0 0 0 0 0 2.08333e+10 2.08333e+10 2.08333e+10 
0.00509056 0.0082177 0.00704401 0.00662015 0.00819382 0.00830496 0 0 0 0 0 0 2.08333e+10 2.08333e+10 2.08333e+10 
0.00509056 0.0082177 0.00819382 0.00830496 0.00621693 0.00987223 0 0 0 0 0 0 2.08333e+10 2.08333e+10 2.08333e+10 
0.00509056 0.0082177 0.00449135 0.00621334 0.00704401 0.00662015 0 0 0 0 0 0 2.08333e+10 2.08333e+10 2.08333e+10 
0.00509056 0.0082177 0.00621693 0.00987223 0.00394935 0.0109779 0 0 0 0 0 0 2.08333e+10 2.08333e+10 2.08333e+10 
0.00509056 0.0082177 0.00394935 0.0109779 0.00279021 0.00925522 0 0 0 0 0 0 2.08333e+10 2.08333e+10 2.08333e+10 
0.00509056 0.0082177 0.00223053 0.00733502 0.00449135 0.00621334 0 0 0 0 0 0 2.08333e+10 2.08333e+10 2.08333e+10 
0.00509056 0.0082177 0.00279021 0.00925522 0.00223053 0.00733502 0 0 0 0 0 0 2.08333e+10 2.08333e+10 2.08333e+10 
0.02 0.012 0.02 0.0136 0.0188438 0.0125262 0 0 0 0 0 0 1.04167e+10 1.04167e+10 1.04167e+10 
0.02 0.012 0.0188438 0.0125262 0.02 0.0104 0 0 0 0 0 0 1.04167e+10 1.04167e+10 1.04167e+10 
0.0008 0.02 0.00132347 0.0170753 0.0024 0.02 0 0 0 0 0 0 1.04167e+10 1.04167e+10 1.04167e+10 
0.0008 0.02 -0.00119626 0.0171979 0.00132347 0.0170753 0 0 0 0 0 0 1.04167e+10 1.04167e+10 1.04167e+10 
0.0008 0.02 -0.0008 0.02 -0.00119626 0.0171979 0 0 0 0 0 0 1.04167e+10 1.04167e+10 1.04167e+10 
-0.00164673 0.00080584 -0.00204887 0.00304082 -0.00352413 0.00101241 0 0 0 0 0 0 2.08333e+10 2.08333e+10 2.08333e+10 
-0.00164673 0.00080584 -0.00352413 0.00101241 -0.0033504 -0.00148971 0 0 0 0 0 0 2.08333e+10 2.08333e+10 2.08333e+10 
-0.00164673 0.00080584 -0.0033504 -0.00148971 -0.00127527 -0.00131712 0 0 0 0 0 0 2.08333e+10 2.08333e+10 2.08333e+10 
-0.00164673 0.00080584 -0.00127527 -0.00131712 0 0 0 0 0 0 0 0 2.08333e+10 2.08333e+10 2.08333e+10 
-0.00164673 0.00080584 0 0 0.00025753 0.00181516 0 0 0 0 0 0 2.08333e+10 2.08333e+10 2.08333e+10 
-0.00164673 0.00080584 0.00025753 0.00181516 -0.00204887 0.00304082 0 0 0 0 0 0 2.08333e+10 2.08333e+10 2.08333e+10 
-0.02 0.0168 -0.02 0.0152 -0.0188929 0.0172559 0 0 0 0 0 0 1.04167e+10 1.04167e+10 1.04167e+10 
-0.02 0.0168 -0.0188929 0.0172559 -0.02 0.0184 0 0 0 0 0 0 1.04167e+10 1.04167e+10 1.04167e+10 
-0.0134357 -0.00666953 -0.0128305 -0.00777041 -0.0121264 -0.00630297 0 0 0 0 0 0 2.08333e+10 2.08333e+10 2.08333e+10 
-0.0134357 -0.00666953 -0.0121264 -0.00630297 -0.0127978 -0.00479534 0 0 0 0 0 0 2.08333e+10 2.08333e+10 2.08333e+10 
-0.0134357 -0.00666953 -0.0127978 -0.00479534 -0.0139466 -0.00552187 0 0 0 0 0 0 2.08333e+10 2.08333e+10 2.08333e+10 
-0.0085607 -0.0123172 -0.00780828 -0.0112164 -0.00956136 -0.0115577 0 0 0 0 0 0 2.08333e+10 2.08333e+10 2.08333e+10 
-0.0147713 0.0153401 -0.0170168 0.0148792 -0.0159771 0.0127401 0 0 0 0 0 0 1.04167e+10 1.04167e+10 1.04167e+10 
-0.0147713 0.0153401 -0.0159771 0.0127401 -0.0139055 0.0121628 0 0 0 0 0 0 1.04167e+10 1.04167e+10 1.04167e+10 
-0.0147713 0.0153401 -0.0139055 0.0121628 -0.0121205 0.0147111 0 0 0 0 0 0 1.04167e+10 1.04167e+10 1.04167e+10 
-0.0147713 0.0153401 -0.0121205 0.0147111 -0.0140665 0.0176528 0 0 0 0 0 0 1.04167e+10 1.04167e+10 1.04167e+10 
-0.0147713 0.0153401 -0.0164892 0.0175984 -0.0170168 0.0148792 0 0 0 0 0 0 1.04167e+10 1.04167e+10 1.04167e+10 
-0.0147713 0.0153401 -0.0140665 0.0176528 -0.0164892 0.0175984 0 0 0 0 0 0 1.04167e+10 1.04167e+10 1.04167e+10 
0.00925522 -0.00279021 0.00712577 -0.00282863 0.0082177 -0.00509056 0 0 0 0 0 0 2.08333e+10 2.08333e+10 2.08333e+10 
0.00925522 -0.00279021 0.00966202 -0.000299708 0.00765813 -0.000361637 0 0 0 0 0 0 2.08333e+10 2.08333e+10 2.08333e+10 
0.00925522 -0.00279021 0.00765813 -0.000361637 0.00712577 -0.00282863 0 0 0 0 0 0 2.08333e+10 2.08333e+10 2.08333e+10 
0.00925522 -0.00279021 0.0116343 -0.000868502 0.00966202 -0.000299708 0 0 0 0 0 0 2.08333e+10 2.08333e+10 2.08333e+10 
0.00925522 -0.00279021 0.0111756 -0.00334923 0.0116343 -0.000868502 0 0 0 0 0 0 2.08333e+10 2.08333e+10 2.08333e+10 
0.00925522 -0.00279021 0.0101943 -0.00567335 0.0111756 -0.00334923 0 0 0 0 0 0 2.08333e+10 2.08333e+10 2.08333e+10 
0.00925522 -0.00279021 0.0082177 -0.00509056 0.0101943 -0.00567335 0 0 0 0 0 0 2.08333e+10 2.08333e+10 2.08333e+10 
0.00581273 -0.0138279 0.00479534 -0.0127978 0.00463525 -0.0142658 0 0 0 0 0 0 2.08333e+10 2.08333e+10 2.08333e+10 
0.00581273 -0.0138279 0.00630297 -0.0121264 0.00479534 -0.0127978 0 0 0 0 0 0 2.08333e+10 2.08333e+10 2.08333e+10 
0.00581273 -0.0138279 0.00694944 -0.0132931 0.00630297 -0.0121264 0 0 0 0 0 0 2.08333e+10 2.08333e+10 2.08333e+10 
0.00585176 -0.017725 0.0072 -0.02 0.00845758 -0.0172338 0 0 0 0 0 0 1.04167e+10 1.04167e+10 1.04167e+10 
0.00585176 -0.017725 0.0056 -0.02 0.0072 -0.02 0 0 0 0 0 0 1.04167e+10 1.04167e+10 1.04167e+10 
0.00585176 -0.017725 0.0034614 -0.0174064 0.004 -0.02 0 0 0 0 0 0 1.04167e+10 1.04167e+10 1.04167e+10 
0.00585176 -0.017725 0.004 -0.02 0.0056 -0.02 0 0 0 0 0 0 1.04167e+10 1.04167e+10 1.04167e+10 
-0.0127592 0.00489712 -0.0143598 0.00433548 -0.0132564 0.00332347 0 0 0 0 0 0 2.08333e+10 2.08333e+10 2.08333e+10 
-0.0127592 0.00489712 -0.0139466 0.00552187 -0.0143598 0.00433548 0 0 0 0 0 0 2.08333e+10 2.08333e+10 2.08333e+10 
-0.0127592 0.00489712 -0.0132564 0.00332347 -0.010748 0.00453789 0 0 0 0 0 0 2.08333e+10 2.08333e+10 2.08333e+10 
-0.0127592 0.00489712 -0.010748 0.00453789 -0.0120758 0.00639936 0 0 0 0 0 0 2.08333e+10 2.08333e+10 2.08333e+10 
-0.0127592 0.00489712 -0.0134357 0.00666953 -0.0139466 0.00552187 0 0 0 0 0 0 2.08333e+10 2.08333e+10 2.08333e+10 
-0.0127592 0.00489712 -0.0120758 0.00639936 -0.0134357 0.00666953 0 0 0 0 0 0 2.08333e+10 2.08333e+10 2.08333e+10 
-0.0075 -0.0129904 -0.00638669 -0.0135724 -0.00639936 -0.0120758 0 0 0 0 0 0 2.08333e+10 2.08333e+10 2.08333e+10 
-0.0075 -0.0129904 -0.00639936 -0.0120758 -0.00780828 -0.0112164 0 0 0 0 0 0 2.08333e+10 2.08333e+10 2.08333e+10 
-0.0075 -0.0129904 -0.00780828 -0.0112164 -0.0085607 -0.0123172 0 0 0 0 0 0 2.08333e+10 2.08333e+10 2.08333e+10 
0.02 0.0168 0.0189027 0.0170678 0.02 0.0152 0 0 0 0 0 0 1.04167e+10 1.04167e+10 1.04167e+10 
0.02 0.0168 0.02 0.0184 0.0189027 0.0170678 0 0 0 0 0 0 1.04167e+10 1.04167e+10 1.04167e+10 
-0.02 0.0104 -0.0188031 0.0120672 -0.02 0.012 0 0 0 0 0 0 1.04167e+10 1.04167e+10 1.04167e+10 
-0.02 0.0104 -0.0174431 0.0101288 -0.0188031 0.0120672 0 0 0 0 0 0 1.04167e+10 1.04167e+10 1.04167e+10 
-0.02 0.0104 -0.02 0.0088 -0.0174431 0.0101288 0 0 0 0 0 0 1.04167e+10 1.04167e+10 1.04167e+10 
0.010037 0.0111472 0.00906899 0.0119479 0.00910334 0.0101935 0 0 0 0 0 0 2.08333e+10 2.08333e+10 2.08333e+10 
0.010037 0.0111472 0.00910334 0.0101935 0.0109345 0.0102682 0 0 0 0 0 0 2.08333e+10 2.08333e+10 2.08333e+10 
-0.0135604 0.00170135 -0.0136666 5.44281e-05 -0.01166 -0.000394477 0 0 0 0 0 0 2.08333e+10 2.08333e+10 2.08333e+10 
-0.0135604 0.00170135 -0.0132564 0.00332347 -0.0146722 0.00311868 0 0 0 0 0 0 2.08333e+10 2.08333e+10 2.08333e+10 
-0.0135604 0.00170135 -0.0146722 0.00311868 -0.0148817 0.00188 0 0 0 0 0 0 2.08333e+10 2.08333e+10 2.08333e+10 
-0.0135604 0.00170135 -0.0149868 0.000628135 -0.0136666 5.44281e-05 0 0 0 0 0 0 2.08333e+10 2.08333e+10 2.08333e+10 
-0.0135604 0.00170135 -0.0148817 0.00188 -0.0149868 0.000628135 0 0 0 0 0 0 2.08333e+10 2.08333e+10 2.08333e+10 
-0.0144796 -0.0149787 -0.0164292 -0.0124652 -0.0170014 -0.0151785 0 0 0 0 0 0 1.04167e+10 1.04167e+10 1.04167e+10 
-0.0144796 -0.0149787 -0.0138342 -0.0122723 -0.0164292 -0.0124652 0 0 0 0 0 0 1.04167e+10 1.04167e+10 1.04167e+10 
-0.0144796 -0.0149787 -0.0170014 -0.0151785 -0.0159773 -0.0172389 0 0 0 0 0 0 1.04167e+10 1.04167e+10 1.04167e+10 
-0.0144796 -0.0149787 -0.0121056 -0.0145863 -0.0138342 -0.0122723 0 0 0 0 0 0 1.04167e+10 1.04167e+10 1.04167e+10 
-0.0144796 -0.0149787 -0.0133648 -0.0177646 -0.0121056 -0.0145863 0 0 0 0 0 0 1.04167e+10 1.04167e+10 1.04167e+10 
-0.0144796 -0.0149787 -0.0159773 -0.0172389 -0.0133648 -0.0177646 0 0 0 0 0 0 1.04167e+10 1.04167e+10 1.04167e+10 
0.00468227 -0.0106859 0.00479534 -0.0127978 0.00630297 -0.0121264 0 0 0 0 0 0 2.08333e+10 2.08333e+10 2.08333e+10 
0.00468227 -0.0106859 0.00686994 -0.00942947 0.00457145 -0.00851741 0 0 0 0 0 0 2.08333e+10 2.08333e+10 2.08333e+10 
0.00468227 -0.0106859 0.00630297 -0.0121264 0.00686994 -0.00942947 0 0 0 0 0 0 2.08333e+10 2.08333e+10 2.08333e+10 
0.00468227 -0.0106859 0.00457145 -0.00851741 0.00221122 -0.00941036 0 0 0 0 0 0 2.08333e+10 2.08333e+10 2.08333e+10 
0.00468227 -0.0106859 0.00221122 -0.00941036 0.00227566 -0.0114426 0 0 0 0 0 0 2.08333e+10 2.08333e+10 2.08333e+10 
0.00468227 -0.0106859 0.00227566 -0.0114426 0.00479534 -0.0127978 0 0 0 0 0 0 2.08333e+10 2.08333e+10 2.08333e+10 
-0.0114722 0.0021213 -0.00925522 0.00279021 -0.010748 0.00453789 0 0 0 0 0 0 2.08333e+10 2.08333e+10 2.08333e+10 
-0.0114722 0.0021213 -0.010748 0.00453789 -0.0132564 0.00332347 0 0 0 0 0 0 2.08333e+10 2.08333e+10 2.08333e+10 
-0.0114722 0.0021213 -0.0132564 0.00332347 -0.0135604 0.00170135 0 0 0 0 0 0 2.08333e+10 2.08333e+10 2.08333e+10 
-0.0114722 0.0021213 -0.00966202 0.000299708 -0.00925522 0.00279021 0 0 0 0 0 0 2.08333e+10 2.08333e+10 2.08333e+10 
-0.0114722 0.0021213 -0.01166 -0.000394477 -0.00966202 0.000299708 0 0 0 0 0 0 2.08333e+10 2.08333e+10 2.08333e+10 
-0.0114722 0.0021213 -0.0135604 0.00170135 -0.01166 -0.000394477 0 0 0 0 0 0 2.08333e+10 2.08333e+10 2.08333e+10 
0.0014971 0.0115702 -0.00102516 0.0116215 0.000299708 0.00966202 0 0 0 0 0 0 2.08333e+10 2.08333e+10 2.08333e+10 
0.0014971 0.0115702 0.00170135 0.0135604 5.44281e-05 0.0136666 0 0 0 0 0 0 2.08333e+10 2.08333e+10 2.08333e+10 
0.0014971 0.0115702 5.44281e-05 0.0136666 -0.00102516 0.0116215 0 0 0 0 0 0 2.08333e+10 2.08333e+10 2.08333e+10 
0.0014971 0.0115702 0.000299708 0.00966202 0.00279021 0.00925522 0 0 0 0 0 0 2.08333e+10 2.08333e+10 2.08333e+10 
0.0014971 0.0115702 0.00279021 0.00925522 0.00394935 0.0109779 0 0 0 0 0 0 2.08333e+10 2.08333e+10 2.08333e+10 
0.0014971 0.0115702 0.00332347 0.0132564 0.00170135 0.0135604 0 0 0 0 0 0 2.08333e+10 2.08333e+10 2.08333e+10 
0.0014971 0.0115702 0.00394935 0.0109779 0.00332347 0.0132564 0 0 0 0 0 0 2.08333e+10 2.08333e+10 2.08333e+10 
0.0153366 0.00598021 0.0137032 0.00610105 0.0141656 0.004933 0 0 0 0 0 0 1.04167e+10 1.04167e+10 1.04167e+10 
0.0153366 0.00598021 0.018219 0.00499335 0.0163703 0.00728904 0 0 0 0 0 0 1.04167e+10 1.04167e+10 1.04167e+10 
0.00212616 0.0163234 0.00367019 0.0173969 0.00132347 0.0170753 0 0 0 0 0 0 1.04167e+10 1.04167e+10 1.04167e+10 
0.00212616 0.0163234 0.00132347 0.0170753 0.000941858 0.0149704 0 0 0 0 0 0 1.04167e+10 1.04167e+10 1.04167e+10 
0.00212616 0.0163234 0.000941858 0.0149704 0.00219125 0.0148391 0 0 0 0 0 0 1.04167e+10 1.04167e+10 1.04167e+10 
0.00212616 0.0163234 0.00219125 0.0148391 0.00342526 0.0146037 0 0 0 0 0 0 1.04167e+10 1.04167e+10 1.04167e+10 
0.0149606 -0.00686694 0.0141656 -0.004933 0.0137032 -0.00610105 0 0 0 0 0 0 1.04167e+10 1.04167e+10 1.04167e+10 
0.0149606 -0.00686694 0.0137032 -0.00610105 0.0131446 -0.00722631 0 0 0 0 0 0 1.04167e+10 1.04167e+10 1.04167e+10 
-0.00925967 -0.0136101 -0.0085607 -0.0123172 -0.00956136 -0.0115577 0 0 0 0 0 0 1.04167e+10 1.04167e+10 1.04167e+10 
-0.00925967 -0.0136101 -0.0075 -0.0129904 -0.0085607 -0.0123172 0 0 0 0 0 0 1.04167e+10 1.04167e+10 1.04167e+10 
-0.0149029 -0.00699123 -0.0128305 -0.00777041 -0.0134357 -0.00666953 0 0 0 0 0 0 1.04167e+10 1.04167e+10 1.04167e+10 
-0.0149029 -0.00699123 -0.0134357 -0.00666953 -0.0139466 -0.00552187 0 0 0 0 0 0 1.04167e+10 1.04167e+10 1.04167e+10 
-0.0032117 -0.016145 -0.000829299 -0.0171358 -0.00156793 -0.0149178 0 0 0 0 0 0 1.04167e+10 1.04167e+10 1.04167e+10 
-0.0032117 -0.016145 -0.00156793 -0.0149178 -0.00281072 -0.0147343 0 0 0 0 0 0 1.04167e+10 1.04167e+10 1.04167e+10 
-0.0032117 -0.016145 -0.00384331 -0.0174883 -0.000829299 -0.0171358 0 0 0 0 0 0 1.04167e+10 1.04167e+10 1.04167e+10 
-0.0032117 -0.016145 -0.00281072 -0.0147343 -0.0040338 -0.0144474 0 0 0 0 0 0 1.04167e+10 1.04167e+10 1.04167e+10 
-0.00441505 0.0158582 -0.0040338 0.0144474 -0.00281072 0.0147343 0 0 0 0 0 0 1.04167e+10 1.04167e+10 1.04167e+10 
-0.00441505 0.0158582 -0.00522858 0.0140592 -0.0040338 0.0144474 0 0 0 0 0 0 1.04167e+10 1.04167e+10 1.04167e+10 
-0.00441505 0.0158582 -0.00396038 0.0174 -0.0063863 0.0174423 0 0 0 0 0 0 1.04167e+10 1.04167e+10 1.04167e+10 
0.00636319 0.0151817 0.00694944 0.0132931 0.00777504 0.015331 0 0 0 0 0 0 1.04167e+10 1.04167e+10 1.04167e+10 
0.00636319 0.0151817 0.00581273 0.0138279 0.00694944 0.0132931 0 0 0 0 0 0 1.04167e+10 1.04167e+10 1.04167e+10 
0.00636319 0.0151817 0.00777504 0.015331 0.00610473 0.0177077 0 0 0 0 0 0 1.04167e+10 1.04167e+10 1.04167e+10 
0.00636319 0.0151817 0.00463525 0.0142658 0.00581273 0.0138279 0 0 0 0 0 0 1.04167e+10 1.04167e+10 1.04167e+10 
-6.85115e-05 0.0164612 0.00132347 0.0170753 -0.00119626 0.0171979 0 0 0 0 0 0 1.04167e+10 1.04167e+10 1.04167e+10 
-6.85115e-05 0.0164612 -0.000314136 0.0149967 0.000941858 0.0149704 0 0 0 0 0 0 1.04167e+10 1.04167e+10 1.04167e+10 
-6.85115e-05 0.0164612 0.000941858 0.0149704 0.00132347 0.0170753 0 0 0 0 0 0 1.04167e+10 1.04167e+10 1.04167e+10 
-6.85115e-05 0.0164612 -0.00156793 0.0149178 -0.000314136 0.0149967 0 0 0 0 0 0 1.04167e+10 1.04167e+10 1.04167e+10 
-0.0153859 0.00585234 -0.0139466 0.00552187 -0.0134357 0.00666953 0 0 0 0 0 0 1.04167e+10 1.04167e+10 1.04167e+10 
-0.0153859 0.00585234 -0.0162285 0.00731717 -0.0166762 0.00456563 0 0 0 0 0 0 1.04167e+10 1.04167e+10 1.04167e+10 
-0.0153859 0.00585234 -0.0143598 0.00433548 -0.0139466 0.00552187 0 0 0 0 0 0 1.04167e+10 1.04167e+10 1.04167e+10 
-0.00648934 0.0151282 -0.00898719 0.0174135 -0.00950399 0.0150225 0 0 0 0 0 0 1.04167e+10 1.04167e+10 1.04167e+10 
-0.00648934 0.0151282 -0.0063863 0.0174423 -0.00898719 0.0174135 0 0 0 0 0 0 1.04167e+10 1.04167e+10 1.04167e+10 
-0.00648934 0.0151282 -0.00638669 0.0135724 -0.00522858 0.0140592 0 0 0 0 0 0 1.04167e+10 1.04167e+10 1.04167e+10 
-0.00648934 0.0151282 -0.00522858 0.0140592 -0.00441505 0.0158582 0 0 0 0 0 0 1.04167e+10 1.04167e+10 1.04167e+10 
-0.00648934 0.0151282 -0.00441505 0.0158582 -0.0063863 0.0174423 0 0 0 0 0 0 1.04167e+10 1.04167e+10 1.04167e+10 
0.0054644 -0.0155279 0.00463525 -0.0142658 0.00342526 -0.0146037 0 0 0 0 0 0 1.04167e+10 1.04167e+10 1.04167e+10 
0.0054644 -0.0155279 0.0034614 -0.0174064 0.00585176 -0.017725 0 0 0 0 0 0 1.04167e+10 1.04167e+10 1.04167e+10 
0.0054644 -0.0155279 0.00585176 -0.017725 0.00845758 -0.0172338 0 0 0 0 0 0 1.04167e+10 1.04167e+10 1.04167e+10 
0.0054644 -0.0155279 0.00581273 -0.0138279 0.00463525 -0.0142658 0 0 0 0 0 0 1.04167e+10 1.04167e+10 1.04167e+10 
0.00748531 -0.014661 0.00845758 -0.0172338 0.0107415 -0.0151322 0 0 0 0 0 0 1.04167e+10 1.04167e+10 1.04167e+10 
0.00748531 -0.014661 0.0080374 -0.0126649 0.00694944 -0.0132931 0 0 0 0 0 0 1.04167e+10 1.04167e+10 1.04167e+10 
0.00748531 -0.014661 0.0054644 -0.0155279 0.00845758 -0.0172338 0 0 0 0 0 0 1.04167e+10 1.04167e+10 1.04167e+10 
0.00748531 -0.014661 0.00694944 -0.0132931 0.00581273 -0.0138279 0 0 0 0 0 0 1.04167e+10 1.04167e+10 1.04167e+10 
0.00748531 -0.014661 0.00581273 -0.0138279 0.0054644 -0.0155279 0 0 0 0 0 0 1.04167e+10 1.04167e+10 1.04167e+10 
-0.0109911 -0.0122544 -0.0138342 -0.0122723 -0.0121056 -0.0145863 0 0 0 0 0 0 1.04167e+10 1.04167e+10 1.04167e+10 
-0.0109911 -0.0122544 -0.00956136 -0.0115577 -0.010495 -0.0107171 0 0 0 0 0 0 1.04167e+10 1.04167e+10 1.04167e+10 
-0.0109911 -0.0122544 -0.00925967 -0.0136101 -0.00956136 -0.0115577 0 0 0 0 0 0 1.04167e+10 1.04167e+10 1.04167e+10 
-0.0109911 -0.0122544 -0.0121056 -0.0145863 -0.00978155 -0.0147626 0 0 0 0 0 0 1.04167e+10 1.04167e+10 1.04167e+10 
-0.0109911 -0.0122544 -0.00978155 -0.0147626 -0.00925967 -0.0136101 0 0 0 0 0 0 1.04167e+10 1.04167e+10 1.04167e+10 
-0.00226196 0.0163052 -0.00281072 0.0147343 -0.00156793 0.0149178 0 0 0 0 0 0 1.04167e+10 1.04167e+10 1.04167e+10 
-0.00226196 0.0163052 -0.00119626 0.0171979 -0.00396038 0.0174 0 0 0 0 0 0 1.04167e+10 1.04167e+10 1.04167e+10 
-0.00226196 0.0163052 -6.85115e-05 0.0164612 -0.00119626 0.0171979 0 0 0 0 0 0 1.04167e+10 1.04167e+10 1.04167e+10 
-0.00226196 0.0163052 -0.00156793 0.0149178 -6.85115e-05 0.0164612 0 0 0 0 0 0 1.04167e+10 1.04167e+10 1.04167e+10 
-0.00226196 0.0163052 -0.00441505 0.0158582 -0.00281072 0.0147343 0 0 0 0 0 0 1.04167e+10 1.04167e+10 1.04167e+10 
-0.00226196 0.0163052 -0.00396038 0.0174 -0.00441505 0.0158582 0 0 0 0 0 0 1.04167e+10 1.04167e+10 1.04167e+10 
-0.0118803 0.0113944 -0.0113549 0.00980131 -0.010495 0.0107171 0 0 0 0 0 0 1.04167e+10 1.04167e+10 1.04167e+10 
-0.0118803 0.0113944 -0.0121205 0.0147111 -0.0139055 0.0121628 0 0 0 0 0 0 1.04167e+10 1.04167e+10 1.04167e+10 
-0.00736301 -0.0147228 -0.00522858 -0.0140592 -0.00638669 -0.0135724 0 0 0 0 0 0 1.04167e+10 1.04167e+10 1.04167e+10 
-0.00736301 -0.0147228 -0.00891945 -0.0174528 -0.00624478 -0.0173872 0 0 0 0 0 0 1.04167e+10 1.04167e+10 1.04167e+10 
-0.00736301 -0.0147228 -0.00978155 -0.0147626 -0.00891945 -0.0174528 0 0 0 0 0 0 1.04167e+10 1.04167e+10 1.04167e+10 
-0.00736301 -0.0147228 -0.00925967 -0.0136101 -0.00978155 -0.0147626 0 0 0 0 0 0 1.04167e+10 1.04167e+10 1.04167e+10 
-0.00736301 -0.0147228 -0.00638669 -0.0135724 -0.0075 -0.0129904 0 0 0 0 0 0 1.04167e+10 1.04167e+10 1.04167e+10 
-0.00736301 -0.0147228 -0.0075 -0.0129904 -0.00925967 -0.0136101 0 0 0 0 0 0 1.04167e+10 1.04167e+10 1.04167e+10 
0.0126149 -0.0105755 0.0117554 -0.00931722 0.0109345 -0.0102682 0 0 0 0 0 0 1.04167e+10 1.04167e+10 1.04167e+10 
0.0126149 -0.0105755 0.0136441 -0.0123367 0.0150528 -0.0103272 0 0 0 0 0 0 1.04167e+10 1.04167e+10 1.04167e+10 
-0.0125264 -0.0106801 -0.0113549 -0.00980131 -0.0121353 -0.00881678 0 0 0 0 0 0 1.04167e+10 1.04167e+10 1.04167e+10 
-0.0125264 -0.0106801 -0.0146889 -0.00972458 -0.0138342 -0.0122723 0 0 0 0 0 0 1.04167e+10 1.04167e+10 1.04167e+10 
-0.0125264 -0.0106801 -0.010495 -0.0107171 -0.0113549 -0.00980131 0 0 0 0 0 0 1.04167e+10 1.04167e+10 1.04167e+10 
-0.0125264 -0.0106801 -0.0109911 -0.0122544 -0.010495 -0.0107171 0 0 0 0 0 0 1.04167e+10 1.04167e+10 1.04167e+10 
-0.0125264 -0.0106801 -0.0138342 -0.0122723 -0.0109911 -0.0122544 0 0 0 0 0 0 1.04167e+10 1.04167e+10 1.04167e+10 
0.0162433 -0.00267042 0.0147899 -0.00250153 0.0145287 -0.00373035 0 0 0 0 0 0 1.04167e+10 1.04167e+10 1.04167e+10 
0.0162433 -0.00267042 0.018064 -0.00535031 0.0186252 -0.002735 0 0 0 0 0 0 1.04167e+10 1.04167e+10 1.04167e+10 
0.0162433 -0.00267042 0.0149474 -0.00125517 0.0147899 -0.00250153 0 0 0 0 0 0 1.04167e+10 1.04167e+10 1.04167e+10 
0.0162433 -0.00267042 0.0186252 -0.002735 0.0180066 -0.000401744 0 0 0 0 0 0 1.04167e+10 1.04167e+10 1.04167e+10 
0.00428289 0.0158944 0.00342526 0.0146037 0.00463525 0.0142658 0 0 0 0 0 0 1.04167e+10 1.04167e+10 1.04167e+10 
0.00428289 0.0158944 0.00367019 0.0173969 0.00212616 0.0163234 0 0 0 0 0 0 1.04167e+10 1.04167e+10 1.04167e+10 
0.00428289 0.0158944 0.00212616 0.0163234 0.00342526 0.0146037 0 0 0 0 0 0 1.04167e+10 1.04167e+10 1.04167e+10 
0.00428289 0.0158944 0.00463525 0.0142658 0.00636319 0.0151817 0 0 0 0 0 0 1.04167e+10 1.04167e+10 1.04167e+10 
0.00428289 0.0158944 0.00610473 0.0177077 0.00367019 0.0173969 0 0 0 0 0 0 1.04167e+10 1.04167e+10 1.04167e+10 
0.00428289 0.0158944 0.00636319 0.0151817 0.00610473 0.0177077 0 0 0 0 0 0 1.04167e+10 1.04167e+10 1.04167e+10 
0.0164543 -0.000481577 0.015 0 0.0149474 -0.00125517 0 0 0 0 0 0 1.04167e+10 1.04167e+10 1.04167e+10 
0.0164543 -0.000481577 0.0149474 -0.00125517 0.0162433 -0.00267042 0 0 0 0 0 0 1.04167e+10 1.04167e+10 1.04167e+10 
0.0164543 -0.000481577 0.0162433 -0.00267042 0.0180066 -0.000401744 0 0 0 0 0 0 1.04167e+10 1.04167e+10 1.04167e+10 
0.0157424 -0.00481161 0.0145287 -0.00373035 0.0141656 -0.004933 0 0 0 0 0 0 1.04167e+10 1.04167e+10 1.04167e+10 
0.0157424 -0.00481161 0.0141656 -0.004933 0.0149606 -0.00686694 0 0 0 0 0 0 1.04167e+10 1.04167e+10 1.04167e+10 
0.0157424 -0.00481161 0.0162433 -0.00267042 0.0145287 -0.00373035 0 0 0 0 0 0 1.04167e+10 1.04167e+10 1.04167e+10 
0.0157424 -0.00481161 0.018064 -0.00535031 0.0162433 -0.00267042 0 0 0 0 0 0 1.04167e+10 1.04167e+10 1.04167e+10 
0.0157424 -0.00481161 0.0159193 -0.00781946 0.018064 -0.00535031 0 0 0 0 0 0 1.04167e+10 1.04167e+10 1.04167e+10 
0.0157424 -0.00481161 0.0149606 -0.00686694 0.0159193 -0.00781946 0 0 0 0 0 0 1.04167e+10 1.04167e+10 1.04167e+10 
0.0163717 0.00171586 0.0147899 0.00250153 0.0149474 0.00125517 0 0 0 0 0 0 1.04167e+10 1.04167e+10 1.04167e+10 
0.0163717 0.00171586 0.0180066 -0.000401744 0.0186259 0.00222853 0 0 0 0 0 0 1.04167e+10 1.04167e+10 1.04167e+10 
0.0163717 0.00171586 0.0164543 -0.000481577 0.0180066 -0.000401744 0 0 0 0 0 0 1.04167e+10 1.04167e+10 1.04167e+10 
0.0163717 0.00171586 0.0149474 0.00125517 0.015 0 0 0 0 0 0 0 1.04167e+10 1.04167e+10 1.04167e+10 
0.0163717 0.00171586 0.015 0 0.0164543 -0.000481577 0 0 0 0 0 0 1.04167e+10 1.04167e+10 1.04167e+10 
-0.0144686 0.00785086 -0.0134357 0.00666953 -0.0128305 0.00777041 0 0 0 0 0 0 1.04167e+10 1.04167e+10 1.04167e+10 
-0.0144686 0.00785086 -0.0147194 0.00981474 -0.0162285 0.00731717 0 0 0 0 0 0 1.04167e+10 1.04167e+10 1.04167e+10 
-0.0144686 0.00785086 -0.0153859 0.00585234 -0.0134357 0.00666953 0 0 0 0 0 0 1.04167e+10 1.04167e+10 1.04167e+10 
-0.0144686 0.00785086 -0.0162285 0.00731717 -0.0153859 0.00585234 0 0 0 0 0 0 1.04167e+10 1.04167e+10 1.04167e+10 
-0.0102556 0.0128763 -0.00950399 0.0150225 -0.0121205 0.0147111 0 0 0 0 0 0 1.04167e+10 1.04167e+10 1.04167e+10 
-0.0102556 0.0128763 -0.00956136 0.0115577 -0.0085607 0.0123172 0 0 0 0 0 0 1.04167e+10 1.04167e+10 1.04167e+10 
-0.0102556 0.0128763 -0.0121205 0.0147111 -0.0118803 0.0113944 0 0 0 0 0 0 1.04167e+10 1.04167e+10 1.04167e+10 
-0.0102556 0.0128763 -0.010495 0.0107171 -0.00956136 0.0115577 0 0 0 0 0 0 1.04167e+10 1.04167e+10 1.04167e+10 
-0.0102556 0.0128763 -0.0118803 0.0113944 -0.010495 0.0107171 0 0 0 0 0 0 1.04167e+10 1.04167e+10 1.04167e+10 
-0.00533496 -0.0155728 -0.0040338 -0.0144474 -0.00522858 -0.0140592 0 0 0 0 0 0 1.04167e+10 1.04167e+10 1.04167e+10 
-0.00533496 -0.0155728 -0.0032117 -0.016145 -0.0040338 -0.0144474 0 0 0 0 0 0 1.04167e+10 1.04167e+10 1.04167e+10 
-0.00533496 -0.0155728 -0.00522858 -0.0140592 -0.00736301 -0.0147228 0 0 0 0 0 0 1.04167e+10 1.04167e+10 1.04167e+10 
-0.00533496 -0.0155728 -0.00736301 -0.0147228 -0.00624478 -0.0173872 0 0 0 0 0 0 1.04167e+10 1.04167e+10 1.04167e+10 
-0.00533496 -0.0155728 -0.00624478 -0.0173872 -0.00384331 -0.0174883 0 0 0 0 0 0 1.04167e+10 1.04167e+10 1.04167e+10 
-0.00533496 -0.0155728 -0.00384331 -0.0174883 -0.0032117 -0.016145 0 0 0 0 0 0 1.04167e+10 1.04167e+10 1.04167e+10 
0.010148 0.0129612 0.0080374 0.0126649 0.00906899 0.0119479 0 0 0 0 0 0 1.04167e+10 1.04167e+10 1.04167e+10 
0.010148 0.0129612 0.011238 0.0127458 0.0102637 0.0152755 0 0 0 0 0 0 1.04167e+10 1.04167e+10 1.04167e+10 
0.010148 0.0129612 0.010037 0.0111472 0.011238 0.0127458 0 0 0 0 0 0 1.04167e+10 1.04167e+10 1.04167e+10 
0.010148 0.0129612 0.00906899 0.0119479 0.010037 0.0111472 0 0 0 0 0 0 1.04167e+10 1.04167e+10 1.04167e+10 
0.00334598 -0.0161177 0.00342526 -0.0146037 0.00219125 -0.0148391 0 0 0 0 0 0 1.04167e+10 1.04167e+10 1.04167e+10 
0.00334598 -0.0161177 0.0054644 -0.0155279 0.00342526 -0.0146037 0 0 0 0 0 0 1.04167e+10 1.04167e+10 1.04167e+10 
0.00334598 -0.0161177 0.0034614 -0.0174064 0.0054644 -0.0155279 0 0 0 0 0 0 1.04167e+10 1.04167e+10 1.04167e+10 
0.00334598 -0.0161177 0.00139375 -0.0173099 0.0034614 -0.0174064 0 0 0 0 0 0 1.04167e+10 1.04167e+10 1.04167e+10 
-0.0160286 0.00374939 -0.0146722 0.00311868 -0.0143598 0.00433548 0 0 0 0 0 0 1.04167e+10 1.04167e+10 1.04167e+10 
-0.0160286 0.00374939 -0.0148817 0.00188 -0.0146722 0.00311868 0 0 0 0 0 0 1.04167e+10 1.04167e+10 1.04167e+10 
-0.0160286 0.00374939 -0.0153859 0.00585234 -0.0166762 0.00456563 0 0 0 0 0 0 1.04167e+10 1.04167e+10 1.04167e+10 
-0.0160286 0.00374939 -0.0143598 0.00433548 -0.0153859 0.00585234 0 0 0 0 0 0 1.04167e+10 1.04167e+10 1.04167e+10 
-0.0160286 0.00374939 -0.0166762 0.00456563 -0.0188003 0.00267149 0 0 0 0 0 0 1.04167e+10 1.04167e+10 1.04167e+10 
-0.00844784 0.0141283 -0.0085607 0.0123172 -0.0075 0.0129904 0 0 0 0 0 0 1.04167e+10 1.04167e+10 1.04167e+10 
-0.00844784 0.0141283 -0.00648934 0.0151282 -0.00950399 0.0150225 0 0 0 0 0 0 1.04167e+10 1.04167e+10 1.04167e+10 
-0.00844784 0.0141283 -0.00950399 0.0150225 -0.0102556 0.0128763 0 0 0 0 0 0 1.04167e+10 1.04167e+10 1.04167e+10 
-0.00844784 0.0141283 -0.0102556 0.0128763 -0.0085607 0.0123172 0 0 0 0 0 0 1.04167e+10 1.04167e+10 1.04167e+10 
-0.00844784 0.0141283 -0.0075 0.0129904 -0.00638669 0.0135724 0 0 0 0 0 0 1.04167e+10 1.04167e+10 1.04167e+10 
-0.00844784 0.0141283 -0.00638669 0.0135724 -0.00648934 0.0151282 0 0 0 0 0 0 1.04167e+10 1.04167e+10 1.04167e+10 
-0.0164497 -0.000618523 -0.0149868 -0.000628135 -0.0149868 0.000628135 0 0 0 0 0 0 1.04167e+10 1.04167e+10 1.04167e+10 
-0.0164497 -0.000618523 -0.0174726 0.000116438 -0.018698 -0.00227487 0 0 0 0 0 0 1.04167e+10 1.04167e+10 1.04167e+10 
-0.0164497 -0.000618523 -0.0148817 -0.00188 -0.0149868 -0.000628135 0 0 0 0 0 0 1.04167e+10 1.04167e+10 1.04167e+10 
0.00116784 -0.0164198 -0.000314136 -0.0149967 -0.000829299 -0.0171358 0 0 0 0 0 0 1.04167e+10 1.04167e+10 1.04167e+10 
0.00116784 -0.0164198 0.000941858 -0.0149704 -0.000314136 -0.0149967 0 0 0 0 0 0 1.04167e+10 1.04167e+10 1.04167e+10 
0.00116784 -0.0164198 -0.000829299 -0.0171358 0.00139375 -0.0173099 0 0 0 0 0 0 1.04167e+10 1.04167e+10 1.04167e+10 
0.00116784 -0.0164198 0.00219125 -0.0148391 0.000941858 -0.0149704 0 0 0 0 0 0 1.04167e+10 1.04167e+10 1.04167e+10 
0.00116784 -0.0164198 0.00334598 -0.0161177 0.00219125 -0.0148391 0 0 0 0 0 0 1.04167e+10 1.04167e+10 1.04167e+10 
0.00116784 -0.0164198 0.00139375 -0.0173099 0.00334598 -0.0161177 0 0 0 0 0 0 1.04167e+10 1.04167e+10 1.04167e+10 
-0.0162205 -0.00280553 -0.0146722 -0.00311868 -0.0148817 -0.00188 0 0 0 0 0 0 1.04167e+10 1.04167e+10 1.04167e+10 
-0.0162205 -0.00280553 -0.0164497 -0.000618523 -0.018698 -0.00227487 0 0 0 0 0 0 1.04167e+10 1.04167e+10 1.04167e+10 
-0.0162205 -0.00280553 -0.0148817 -0.00188 -0.0164497 -0.000618523 0 0 0 0 0 0 1.04167e+10 1.04167e+10 1.04167e+10 
-0.0162205 -0.00280553 -0.018698 -0.00227487 -0.0174763 -0.00525843 0 0 0 0 0 0 1.04167e+10 1.04167e+10 1.04167e+10 
-0.013293 0.00970928 -0.0128305 0.00777041 -0.0121353 0.00881678 0 0 0 0 0 0 1.04167e+10 1.04167e+10 1.04167e+10 
-0.013293 0.00970928 -0.0144686 0.00785086 -0.0128305 0.00777041 0 0 0 0 0 0 1.04167e+10 1.04167e+10 1.04167e+10 
-0.013293 0.00970928 -0.0147194 0.00981474 -0.0144686 0.00785086 0 0 0 0 0 0 1.04167e+10 1.04167e+10 1.04167e+10 
-0.013293 0.00970928 -0.0139055 0.0121628 -0.0147194 0.00981474 0 0 0 0 0 0 1.04167e+10 1.04167e+10 1.04167e+10 
-0.013293 0.00970928 -0.0118803 0.0113944 -0.0139055 0.0121628 0 0 0 0 0 0 1.04167e+10 1.04167e+10 1.04167e+10 
-0.013293 0.00970928 -0.0121353 0.00881678 -0.0113549 0.00980131 0 0 0 0 0 0 1.04167e+10 1.04167e+10 1.04167e+10 
-0.013293 0.00970928 -0.0113549 0.00980131 -0.0118803 0.0113944 0 0 0 0 0 0 1.04167e+10 1.04167e+10 1.04167e+10 
0.0144027 0.00797102 0.0163703 0.00728904 0.0158242 0.00985846 0 0 0 0 0 0 1.04167e+10 1.04167e+10 1.04167e+10 
0.0144027 0.00797102 0.0124938 0.00830087 0.0131446 0.00722631 0 0 0 0 0 0 1.04167e+10 1.04167e+10 1.04167e+10 
0.0144027 0.00797102 0.0131446 0.00722631 0.0137032 0.00610105 0 0 0 0 0 0 1.04167e+10 1.04167e+10 1.04167e+10 
0.0144027 0.00797102 0.0137032 0.00610105 0.0153366 0.00598021 0 0 0 0 0 0 1.04167e+10 1.04167e+10 1.04167e+10 
0.0144027 0.00797102 0.0153366 0.00598021 0.0163703 0.00728904 0 0 0 0 0 0 1.04167e+10 1.04167e+10 1.04167e+10 
0.0117851 0.0114929 0.0139431 0.0124497 0.011238 0.0127458 0 0 0 0 0 0 1.04167e+10 1.04167e+10 1.04167e+10 
0.0117851 0.0114929 0.0109345 0.0102682 0.0117554 0.00931722 0 0 0 0 0 0 1.04167e+10 1.04167e+10 1.04167e+10 
0.0117851 0.0114929 0.010037 0.0111472 0.0109345 0.0102682 0 0 0 0 0 0 1.04167e+10 1.04167e+10 1.04167e+10 
0.0117851 0.0114929 0.011238 0.0127458 0.010037 0.0111472 0 0 0 0 0 0 1.04167e+10 1.04167e+10 1.04167e+10 
-0.0163854 0.00157953 -0.0149868 0.000628135 -0.0148817 0.00188 0 0 0 0 0 0 1.04167e+10 1.04167e+10 1.04167e+10 
-0.0163854 0.00157953 -0.0148817 0.00188 -0.0160286 0.00374939 0 0 0 0 0 0 1.04167e+10 1.04167e+10 1.04167e+10 
-0.0163854 0.00157953 -0.0164497 -0.000618523 -0.0149868 0.000628135 0 0 0 0 0 0 1.04167e+10 1.04167e+10 1.04167e+10 
-0.0163854 0.00157953 -0.0174726 0.000116438 -0.0164497 -0.000618523 0 0 0 0 0 0 1.04167e+10 1.04167e+10 1.04167e+10 
-0.0163854 0.00157953 -0.0188003 0.00267149 -0.0174726 0.000116438 0 0 0 0 0 0 1.04167e+10 1.04167e+10 1.04167e+10 
-0.0163854 0.00157953 -0.0160286 0.00374939 -0.0188003 0.00267149 0 0 0 0 0 0 1.04167e+10 1.04167e+10 1.04167e+10 
0.0132118 0.0098196 0.0158242 0.00985846 0.0139431 0.0124497 0 0 0 0 0 0 1.04167e+10 1.04167e+10 1.04167e+10 
0.0132118 0.0098196 0.0117554 0.00931722 0.0124938 0.00830087 0 0 0 0 0 0 1.04167e+10 1.04167e+10 1.04167e+10 
0.0132118 0.0098196 0.0139431 0.0124497 0.0117851 0.0114929 0 0 0 0 0 0 1.04167e+10 1.04167e+10 1.04167e+10 
0.0132118 0.0098196 0.0117851 0.0114929 0.0117554 0.00931722 0 0 0 0 0 0 1.04167e+10 1.04167e+10 1.04167e+10 
0.0132118 0.0098196 0.0144027 0.00797102 0.0158242 0.00985846 0 0 0 0 0 0 1.04167e+10 1.04167e+10 1.04167e+10 
0.0132118 0.0098196 0.0124938 0.00830087 0.0144027 0.00797102 0 0 0 0 0 0 1.04167e+10 1.04167e+10 1.04167e+10 
0.0110927 -0.0121625 0.0109345 -0.0102682 0.010037 -0.0111472 0 0 0 0 0 0 1.04167e+10 1.04167e+10 1.04167e+10 
0.0110927 -0.0121625 0.0126149 -0.0105755 0.0109345 -0.0102682 0 0 0 0 0 0 1.04167e+10 1.04167e+10 1.04167e+10 
0.0110927 -0.0121625 0.0136441 -0.0123367 0.0126149 -0.0105755 0 0 0 0 0 0 1.04167e+10 1.04167e+10 1.04167e+10 
0.0110927 -0.0121625 0.0125186 -0.01542 0.0136441 -0.0123367 0 0 0 0 0 0 1.04167e+10 1.04167e+10 1.04167e+10 
0.0110927 -0.0121625 0.0107415 -0.0151322 0.0125186 -0.01542 0 0 0 0 0 0 1.04167e+10 1.04167e+10 1.04167e+10 
0.0110927 -0.0121625 0.010037 -0.0111472 0.00906899 -0.0119479 0 0 0 0 0 0 1.04167e+10 1.04167e+10 1.04167e+10 
-0.0157018 -0.00494248 -0.0143598 -0.00433548 -0.0146722 -0.00311868 0 0 0 0 0 0 1.04167e+10 1.04167e+10 1.04167e+10 
-0.0157018 -0.00494248 -0.0146722 -0.00311868 -0.0162205 -0.00280553 0 0 0 0 0 0 1.04167e+10 1.04167e+10 1.04167e+10 
-0.0157018 -0.00494248 -0.0162205 -0.00280553 -0.0174763 -0.00525843 0 0 0 0 0 0 1.04167e+10 1.04167e+10 1.04167e+10 
-0.0157018 -0.00494248 -0.0174763 -0.00525843 -0.0160636 -0.00760221 0 0 0 0 0 0 1.04167e+10 1.04167e+10 1.04167e+10 
-0.0157018 -0.00494248 -0.0160636 -0.00760221 -0.0149029 -0.00699123 0 0 0 0 0 0 1.04167e+10 1.04167e+10 1.04167e+10 
-0.0157018 -0.00494248 -0.0139466 -0.00552187 -0.0143598 -0.00433548 0 0 0 0 0 0 1.04167e+10 1.04167e+10 1.04167e+10 
-0.0157018 -0.00494248 -0.0149029 -0.00699123 -0.0139466 -0.00552187 0 0 0 0 0 0 1.04167e+10 1.04167e+10 1.04167e+10 
-0.0138381 -0.00891522 -0.0121353 -0.00881678 -0.0128305 -0.00777041 0 0 0 0 0 0 1.04167e+10 1.04167e+10 1.04167e+10 
-0.0138381 -0.00891522 -0.0128305 -0.00777041 -0.0149029 -0.00699123 0 0 0 0 0 0 1.04167e+10 1.04167e+10 1.04167e+10 
-0.0138381 -0.00891522 -0.0160636 -0.00760221 -0.0146889 -0.00972458 0 0 0 0 0 0 1.04167e+10 1.04167e+10 1.04167e+10 
-0.0138381 -0.00891522 -0.0149029 -0.00699123 -0.0160636 -0.00760221 0 0 0 0 0 0 1.04167e+10 1.04167e+10 1.04167e+10 
-0.0138381 -0.00891522 -0.0125264 -0.0106801 -0.0121353 -0.00881678 0 0 0 0 0 0 1.04167e+10 1.04167e+10 1.04167e+10 
-0.0138381 -0.00891522 -0.0146889 -0.00972458 -0.0125264 -0.0106801 0 0 0 0 0 0 1.04167e+10 1.04167e+10 1.04167e+10 
0.0139119 -0.00879972 0.0150528 -0.0103272 0.0159193 -0.00781946 0 0 0 0 0 0 1.04167e+10 1.04167e+10 1.04167e+10 
0.0139119 -0.00879972 0.0126149 -0.0105755 0.0150528 -0.0103272 0 0 0 0 0 0 1.04167e+10 1.04167e+10 1.04167e+10 
0.0139119 -0.00879972 0.0124938 -0.00830087 0.0117554 -0.00931722 0 0 0 0 0 0 1.04167e+10 1.04167e+10 1.04167e+10 
0.0139119 -0.00879972 0.0117554 -0.00931722 0.0126149 -0.0105755 0 0 0 0 0 0 1.04167e+10 1.04167e+10 1.04167e+10 
0.0139119 -0.00879972 0.0131446 -0.00722631 0.0124938 -0.00830087 0 0 0 0 0 0 1.04167e+10 1.04167e+10 1.04167e+10 
0.0139119 -0.00879972 0.0149606 -0.00686694 0.0131446 -0.00722631 0 0 0 0 0 0 1.04167e+10 1.04167e+10 1.04167e+10 
0.0139119 -0.00879972 0.0159193 -0.00781946 0.0149606 -0.00686694 0 0 0 0 0 0 1.04167e+10 1.04167e+10 1.04167e+10 
0.00832994 0.0141981 0.00694944 0.0132931 0.0080374 0.0126649 0 0 0 0 0 0 1.04167e+10 1.04167e+10 1.04167e+10 
0.00832994 0.0141981 0.00777504 0.015331 0.00694944 0.0132931 0 0 0 0 0 0 1.04167e+10 1.04167e+10 1.04167e+10 
0.00832994 0.0141981 0.0080374 0.0126649 0.010148 0.0129612 0 0 0 0 0 0 1.04167e+10 1.04167e+10 1.04167e+10 
0.00832994 0.0141981 0.0102637 0.0152755 0.00777504 0.015331 0 0 0 0 0 0 1.04167e+10 1.04167e+10 1.04167e+10 
0.00832994 0.0141981 0.010148 0.0129612 0.0102637 0.0152755 0 0 0 0 0 0 1.04167e+10 1.04167e+10 1.04167e+10 
0.00937264 -0.0135325 0.00906899 -0.0119479 0.0080374 -0.0126649 0 0 0 0 0 0 1.04167e+10 1.04167e+10 1.04167e+10 
0.00937264 -0.0135325 0.00748531 -0.014661 0.0107415 -0.0151322 0 0 0 0 0 0 1.04167e+10 1.04167e+10 1.04167e+10 
0.00937264 -0.0135325 0.0080374 -0.0126649 0.00748531 -0.014661 0 0 0 0 0 0 1.04167e+10 1.04167e+10 1.04167e+10 
0.00937264 -0.0135325 0.0107415 -0.0151322 0.0110927 -0.0121625 0 0 0 0 0 0 1.04167e+10 1.04167e+10 1.04167e+10 
0.00937264 -0.0135325 0.0110927 -0.0121625 0.00906899 -0.0119479 0 0 0 0 0 0 1.04167e+10 1.04167e+10 1.04167e+10 
0.0159969 0.00388268 0.0141656 0.004933 0.0145287 0.00373035 0 0 0 0 0 0 1.04167e+10 1.04167e+10 1.04167e+10 
0.0159969 0.00388268 0.0153366 0.00598021 0.0141656 0.004933 0 0 0 0 0 0 1.04167e+10 1.04167e+10 1.04167e+10 
0.0159969 0.00388268 0.018219 0.00499335 0.0153366 0.00598021 0 0 0 0 0 0 1.04167e+10 1.04167e+10 1.04167e+10 
0.0159969 0.00388268 0.0186259 0.00222853 0.018219 0.00499335 0 0 0 0 0 0 1.04167e+10 1.04167e+10 1.04167e+10 
0.0159969 0.00388268 0.0163717 0.00171586 0.0186259 0.00222853 0 0 0 0 0 0 1.04167e+10 1.04167e+10 1.04167e+10 
0.0159969 0.00388268 0.0145287 0.00373035 0.0147899 0.00250153 0 0 0 0 0 0 1.04167e+10 1.04167e+10 1.04167e+10 
0.0159969 0.00388268 0.0147899 0.00250153 0.0163717 0.00171586 0 0 0 0 0 0 1.04167e+10 1.04167e+10 1.04167e+10 
