TRIANGLES
212
3
3
-0.0183269 -0.00837904 -0.0164414 -0.0121742 -0.0149031 -0.00935917 0 0 0 0 0 0 1.04167e+10 1.04167e+10 1.04167e+10 
-0.02 -0.00909091 -0.0164414 -0.0121742 -0.0183269 -0.00837904 0 0 0 0 0 0 1.04167e+10 1.04167e+10 1.04167e+10 
0.0146378 0.0131951 0.0126981 0.0169637 0.0112862 0.0119993 0 0 0 0 0 0 1.04167e+10 1.04167e+10 1.04167e+10 
0.0178624 0.0136222 0.0146378 0.0131951 0.0176545 0.00840994 0 0 0 0 0 0 1.04167e+10 1.04167e+10 1.04167e+10 
-0.02 -0.00545455 -0.02 -0.00909091 -0.0183269 -0.00837904 0 0 0 0 0 0 1.04167e+10 1.04167e+10 1.04167e+10 
0.011 -0.005 0.0162763 -0.00910424 0.017 -0.005 0 0 0 0 0 0 2.08333e+10 2.08333e+10 2.08333e+10 
-0.0162763 0.00910424 -0.011 0.005 -0.0101962 0.008 0 0 0 0 0 0 3.125e+10 3.125e+10 3.125e+10 
-0.0162763 0.00910424 -0.017 0.005 -0.011 0.005 0 0 0 0 0 0 3.125e+10 3.125e+10 3.125e+10 
-0.0162763 0.000895758 -0.0141925 -0.00271345 -0.0101962 0.002 0 0 0 0 0 0 3.125e+10 3.125e+10 3.125e+10 
-0.0162763 0.000895758 -0.0101962 0.002 -0.011 0.005 0 0 0 0 0 0 3.125e+10 3.125e+10 3.125e+10 
-0.0162763 0.000895758 -0.011 0.005 -0.017 0.005 0 0 0 0 0 0 3.125e+10 3.125e+10 3.125e+10 
0.0169941 -0.0122365 0.0162763 -0.00910424 0.0141925 -0.0127135 0 0 0 0 0 0 1.04167e+10 1.04167e+10 1.04167e+10 
-0.0162061 -0.00538225 -0.0149031 -0.00935917 -0.011 -0.0053923 0 0 0 0 0 0 1.04167e+10 1.04167e+10 1.04167e+10 
-0.0162061 -0.00538225 -0.011 -0.0053923 -0.0141925 -0.00271345 0 0 0 0 0 0 1.04167e+10 1.04167e+10 1.04167e+10 
-0.0162061 -0.00538225 -0.0183269 -0.00837904 -0.0149031 -0.00935917 0 0 0 0 0 0 1.04167e+10 1.04167e+10 1.04167e+10 
-0.0162061 -0.00538225 -0.02 -0.00545455 -0.0183269 -0.00837904 0 0 0 0 0 0 1.04167e+10 1.04167e+10 1.04167e+10 
-0.005 0.005 -0.0101962 0.008 -0.011 0.005 0 0 0 0 0 0 3.125e+10 3.125e+10 3.125e+10 
-0.005 0.005 -0.011 0.005 -0.0101962 0.002 0 0 0 0 0 0 3.125e+10 3.125e+10 3.125e+10 
-0.008 0.0101962 -0.0101962 0.008 -0.005 0.005 0 0 0 0 0 0 3.125e+10 3.125e+10 3.125e+10 
-0.008 0.0101962 -0.00708378 0.0168177 -0.011 0.0153923 0 0 0 0 0 0 3.125e+10 3.125e+10 3.125e+10 
-0.02 0.00181818 -0.017 0.005 -0.02 0.00545455 0 0 0 0 0 0 1.04167e+10 1.04167e+10 1.04167e+10 
-0.02 0.00181818 -0.0162763 0.000895758 -0.017 0.005 0 0 0 0 0 0 1.04167e+10 1.04167e+10 1.04167e+10 
0.0139302 -0.0161691 0.0169941 -0.0122365 0.0141925 -0.0127135 0 0 0 0 0 0 1.04167e+10 1.04167e+10 1.04167e+10 
-0.00708378 -0.00681769 -0.00627631 -0.00910424 -0.00291622 -0.00681769 0 0 0 0 0 0 2.08333e+10 2.08333e+10 2.08333e+10 
-0.00708378 -0.00681769 -0.00291622 -0.00681769 -0.005 -0.001 0 0 0 0 0 0 3.125e+10 3.125e+10 3.125e+10 
0.0163636 -0.02 0.0139302 -0.0161691 0.0127273 -0.02 0 0 0 0 0 0 1.04167e+10 1.04167e+10 1.04167e+10 
-0.00909091 0.02 -0.011 0.0153923 -0.00708378 0.0168177 0 0 0 0 0 0 1.04167e+10 1.04167e+10 1.04167e+10 
-0.00545455 0.02 -0.00291622 0.0168177 -0.00181818 0.02 0 0 0 0 0 0 1.04167e+10 1.04167e+10 1.04167e+10 
-0.00545455 0.02 -0.00708378 0.0168177 -0.00291622 0.0168177 0 0 0 0 0 0 1.04167e+10 1.04167e+10 1.04167e+10 
-0.00545455 0.02 -0.00909091 0.02 -0.00708378 0.0168177 0 0 0 0 0 0 1.04167e+10 1.04167e+10 1.04167e+10 
0.0142182 0.00855332 0.0146378 0.0131951 0.0112862 0.0119993 0 0 0 0 0 0 1.04167e+10 1.04167e+10 1.04167e+10 
0.0142182 0.00855332 0.0176545 0.00840994 0.0146378 0.0131951 0 0 0 0 0 0 1.04167e+10 1.04167e+10 1.04167e+10 
-0.0127697 -0.0129074 -0.0149031 -0.00935917 -0.0164414 -0.0121742 0 0 0 0 0 0 1.04167e+10 1.04167e+10 1.04167e+10 
-0.0127697 -0.0129074 -0.0164414 -0.0121742 -0.0139944 -0.015821 0 0 0 0 0 0 1.04167e+10 1.04167e+10 1.04167e+10 
-0.0127697 -0.0129074 -0.0139944 -0.015821 -0.0101243 -0.0169135 0 0 0 0 0 0 1.04167e+10 1.04167e+10 1.04167e+10 
0.00885807 0.00846874 0.0112862 0.0119993 0.00745351 0.012641 0 0 0 0 0 0 1.04167e+10 1.04167e+10 1.04167e+10 
0.00885807 0.00846874 0.00745351 0.012641 0.00627631 0.00910424 0 0 0 0 0 0 1.04167e+10 1.04167e+10 1.04167e+10 
0.00885807 0.00846874 0.0142182 0.00855332 0.0112862 0.0119993 0 0 0 0 0 0 1.04167e+10 1.04167e+10 1.04167e+10 
-0.00419253 -0.0127135 -0.00291622 -0.00681769 -0.00627631 -0.00910424 0 0 0 0 0 0 2.08333e+10 2.08333e+10 2.08333e+10 
-0.00419253 -0.0127135 -0.00753596 -0.0158759 -0.00400405 -0.0162655 0 0 0 0 0 0 1.04167e+10 1.04167e+10 1.04167e+10 
0.0187596 0.00587755 0.0176545 0.00840994 0.0142182 0.00855332 0 0 0 0 0 0 1.04167e+10 1.04167e+10 1.04167e+10 
0.0187596 0.00587755 0.0142182 0.00855332 0.0141925 0.00271345 0 0 0 0 0 0 1.04167e+10 1.04167e+10 1.04167e+10 
-0.002 0.0101962 -0.005 0.005 0.000196152 0.008 0 0 0 0 0 0 3.125e+10 3.125e+10 3.125e+10 
0.00545455 0.02 0.00181818 0.02 0.0032717 0.0168069 0 0 0 0 0 0 1.04167e+10 1.04167e+10 1.04167e+10 
0.00545455 0.02 0.0032717 0.0168069 0.00676976 0.0172429 0 0 0 0 0 0 1.04167e+10 1.04167e+10 1.04167e+10 
-0.02 0.00909091 -0.017 0.005 -0.0162763 0.00910424 0 0 0 0 0 0 1.04167e+10 1.04167e+10 1.04167e+10 
-0.02 0.00909091 -0.02 0.00545455 -0.017 0.005 0 0 0 0 0 0 1.04167e+10 1.04167e+10 1.04167e+10 
0.02 -0.00181818 0.017 -0.005 0.02 -0.00545455 0 0 0 0 0 0 1.04167e+10 1.04167e+10 1.04167e+10 
0.011 -0.0153923 0.0141925 -0.0127135 0.008 -0.0101962 0 0 0 0 0 0 2.08333e+10 2.08333e+10 2.08333e+10 
0.011 -0.0153923 0.008 -0.0101962 0.00708378 -0.0168177 0 0 0 0 0 0 2.08333e+10 2.08333e+10 2.08333e+10 
0.011 -0.0153923 0.0139302 -0.0161691 0.0141925 -0.0127135 0 0 0 0 0 0 1.04167e+10 1.04167e+10 1.04167e+10 
0.011 -0.0153923 0.0127273 -0.02 0.0139302 -0.0161691 0 0 0 0 0 0 1.04167e+10 1.04167e+10 1.04167e+10 
-0.0175269 -0.0165557 -0.02 -0.0163636 -0.02 -0.02 0 0 0 0 0 0 1.04167e+10 1.04167e+10 1.04167e+10 
-0.0175269 -0.0165557 -0.0139944 -0.015821 -0.0164414 -0.0121742 0 0 0 0 0 0 1.04167e+10 1.04167e+10 1.04167e+10 
-0.00545455 -0.02 -0.00181818 -0.02 -0.00400405 -0.0162655 0 0 0 0 0 0 1.04167e+10 1.04167e+10 1.04167e+10 
-0.00545455 -0.02 -0.00400405 -0.0162655 -0.00753596 -0.0158759 0 0 0 0 0 0 1.04167e+10 1.04167e+10 1.04167e+10 
0.001 0.0153923 0.00181818 0.02 -0.00181818 0.02 0 0 0 0 0 0 1.04167e+10 1.04167e+10 1.04167e+10 
0.001 0.0153923 -0.00181818 0.02 -0.00291622 0.0168177 0 0 0 0 0 0 1.04167e+10 1.04167e+10 1.04167e+10 
0.001 0.0153923 0.0032717 0.0168069 0.00181818 0.02 0 0 0 0 0 0 1.04167e+10 1.04167e+10 1.04167e+10 
0.001 0.0153923 -0.00291622 0.0168177 -0.002 0.0101962 0 0 0 0 0 0 3.125e+10 3.125e+10 3.125e+10 
-0.008 -0.000196152 -0.005 -0.001 -0.005 0.005 0 0 0 0 0 0 3.125e+10 3.125e+10 3.125e+10 
-0.008 -0.000196152 -0.005 0.005 -0.0101962 0.002 0 0 0 0 0 0 3.125e+10 3.125e+10 3.125e+10 
-0.008 -0.000196152 -0.0101962 0.002 -0.0141925 -0.00271345 0 0 0 0 0 0 3.125e+10 3.125e+10 3.125e+10 
-0.008 -0.000196152 -0.0141925 -0.00271345 -0.011 -0.0053923 0 0 0 0 0 0 3.125e+10 3.125e+10 3.125e+10 
-0.008 -0.000196152 -0.011 -0.0053923 -0.00708378 -0.00681769 0 0 0 0 0 0 3.125e+10 3.125e+10 3.125e+10 
-0.008 -0.000196152 -0.00708378 -0.00681769 -0.005 -0.001 0 0 0 0 0 0 3.125e+10 3.125e+10 3.125e+10 
0.005 -0.005 0.011 -0.005 0.0101962 -0.002 0 0 0 0 0 0 2.08333e+10 2.08333e+10 2.08333e+10 
0.005 -0.005 0.0101962 -0.002 0.00419253 -0.00271345 0 0 0 0 0 0 2.08333e+10 2.08333e+10 2.08333e+10 
0.005 -0.005 0.00419253 -0.00271345 0.001 -0.0053923 0 0 0 0 0 0 2.08333e+10 2.08333e+10 2.08333e+10 
-0.0127273 -0.02 -0.0101243 -0.0169135 -0.0139944 -0.015821 0 0 0 0 0 0 1.04167e+10 1.04167e+10 1.04167e+10 
0.0176526 0.0155945 0.0178624 0.0136222 0.02 0.0163636 0 0 0 0 0 0 1.04167e+10 1.04167e+10 1.04167e+10 
0.0176526 0.0155945 0.0126981 0.0169637 0.0146378 0.0131951 0 0 0 0 0 0 1.04167e+10 1.04167e+10 1.04167e+10 
0.0176526 0.0155945 0.0146378 0.0131951 0.0178624 0.0136222 0 0 0 0 0 0 1.04167e+10 1.04167e+10 1.04167e+10 
0.0173387 -0.0168311 0.02 -0.0127273 0.0169941 -0.0122365 0 0 0 0 0 0 1.04167e+10 1.04167e+10 1.04167e+10 
0.0173387 -0.0168311 0.02 -0.0163636 0.02 -0.0127273 0 0 0 0 0 0 1.04167e+10 1.04167e+10 1.04167e+10 
0.0173387 -0.0168311 0.0169941 -0.0122365 0.0139302 -0.0161691 0 0 0 0 0 0 1.04167e+10 1.04167e+10 1.04167e+10 
0.0173387 -0.0168311 0.0163636 -0.02 0.02 -0.02 0 0 0 0 0 0 1.04167e+10 1.04167e+10 1.04167e+10 
0.0173387 -0.0168311 0.02 -0.02 0.02 -0.0163636 0 0 0 0 0 0 1.04167e+10 1.04167e+10 1.04167e+10 
0.0173387 -0.0168311 0.0139302 -0.0161691 0.0163636 -0.02 0 0 0 0 0 0 1.04167e+10 1.04167e+10 1.04167e+10 
0.00909091 -0.02 0.011 -0.0153923 0.00708378 -0.0168177 0 0 0 0 0 0 1.04167e+10 1.04167e+10 1.04167e+10 
0.00909091 -0.02 0.0127273 -0.02 0.011 -0.0153923 0 0 0 0 0 0 1.04167e+10 1.04167e+10 1.04167e+10 
-0.005 0.011 -0.00708378 0.0168177 -0.008 0.0101962 0 0 0 0 0 0 3.125e+10 3.125e+10 3.125e+10 
-0.005 0.011 -0.00291622 0.0168177 -0.00708378 0.0168177 0 0 0 0 0 0 3.125e+10 3.125e+10 3.125e+10 
-0.005 0.011 -0.008 0.0101962 -0.005 0.005 0 0 0 0 0 0 3.125e+10 3.125e+10 3.125e+10 
-0.005 0.011 -0.005 0.005 -0.002 0.0101962 0 0 0 0 0 0 3.125e+10 3.125e+10 3.125e+10 
-0.005 0.011 -0.002 0.0101962 -0.00291622 0.0168177 0 0 0 0 0 0 3.125e+10 3.125e+10 3.125e+10 
-0.001 -0.0153923 0.00181818 -0.02 0.00291622 -0.0168177 0 0 0 0 0 0 1.04167e+10 1.04167e+10 1.04167e+10 
-0.001 -0.0153923 -0.00181818 -0.02 0.00181818 -0.02 0 0 0 0 0 0 1.04167e+10 1.04167e+10 1.04167e+10 
-0.001 -0.0153923 -0.00419253 -0.0127135 -0.00400405 -0.0162655 0 0 0 0 0 0 1.04167e+10 1.04167e+10 1.04167e+10 
-0.001 -0.0153923 -0.00400405 -0.0162655 -0.00181818 -0.02 0 0 0 0 0 0 1.04167e+10 1.04167e+10 1.04167e+10 
0.0101962 -0.008 0.0141925 -0.0127135 0.0162763 -0.00910424 0 0 0 0 0 0 2.08333e+10 2.08333e+10 2.08333e+10 
0.0101962 -0.008 0.008 -0.0101962 0.0141925 -0.0127135 0 0 0 0 0 0 2.08333e+10 2.08333e+10 2.08333e+10 
0.0101962 -0.008 0.0162763 -0.00910424 0.011 -0.005 0 0 0 0 0 0 2.08333e+10 2.08333e+10 2.08333e+10 
0.0101962 -0.008 0.011 -0.005 0.005 -0.005 0 0 0 0 0 0 2.08333e+10 2.08333e+10 2.08333e+10 
0.0101962 -0.008 0.005 -0.005 0.008 -0.0101962 0 0 0 0 0 0 2.08333e+10 2.08333e+10 2.08333e+10 
-0.02 0.0163636 -0.0163636 0.02 -0.02 0.02 0 0 0 0 0 0 1.04167e+10 1.04167e+10 1.04167e+10 
-0.02 0.0163636 -0.0156419 0.0170502 -0.0163636 0.02 0 0 0 0 0 0 1.04167e+10 1.04167e+10 1.04167e+10 
-0.00909091 -0.02 -0.0101243 -0.0169135 -0.0127273 -0.02 0 0 0 0 0 0 1.04167e+10 1.04167e+10 1.04167e+10 
-0.00909091 -0.02 -0.00753596 -0.0158759 -0.0101243 -0.0169135 0 0 0 0 0 0 1.04167e+10 1.04167e+10 1.04167e+10 
-0.00909091 -0.02 -0.00545455 -0.02 -0.00753596 -0.0158759 0 0 0 0 0 0 1.04167e+10 1.04167e+10 1.04167e+10 
0.0163636 0.02 0.02 0.0163636 0.02 0.02 0 0 0 0 0 0 1.04167e+10 1.04167e+10 1.04167e+10 
0.0163636 0.02 0.0176526 0.0155945 0.02 0.0163636 0 0 0 0 0 0 1.04167e+10 1.04167e+10 1.04167e+10 
0.0163636 0.02 0.0126981 0.0169637 0.0176526 0.0155945 0 0 0 0 0 0 1.04167e+10 1.04167e+10 1.04167e+10 
-0.0172404 0.0119165 -0.02 0.00909091 -0.0162763 0.00910424 0 0 0 0 0 0 1.04167e+10 1.04167e+10 1.04167e+10 
-0.0172404 0.0119165 -0.02 0.0127273 -0.02 0.00909091 0 0 0 0 0 0 1.04167e+10 1.04167e+10 1.04167e+10 
-0.0172404 0.0119165 -0.0156419 0.0170502 -0.02 0.0163636 0 0 0 0 0 0 1.04167e+10 1.04167e+10 1.04167e+10 
-0.0172404 0.0119165 -0.02 0.0163636 -0.02 0.0127273 0 0 0 0 0 0 1.04167e+10 1.04167e+10 1.04167e+10 
-0.0103132 -0.00832904 -0.00627631 -0.00910424 -0.00708378 -0.00681769 0 0 0 0 0 0 1.04167e+10 1.04167e+10 1.04167e+10 
-0.0103132 -0.00832904 -0.00708378 -0.00681769 -0.011 -0.0053923 0 0 0 0 0 0 1.04167e+10 1.04167e+10 1.04167e+10 
-0.0103132 -0.00832904 -0.011 -0.0053923 -0.0149031 -0.00935917 0 0 0 0 0 0 1.04167e+10 1.04167e+10 1.04167e+10 
-0.0103132 -0.00832904 -0.0149031 -0.00935917 -0.0127697 -0.0129074 0 0 0 0 0 0 1.04167e+10 1.04167e+10 1.04167e+10 
0.0178268 0.0026091 0.0187596 0.00587755 0.0141925 0.00271345 0 0 0 0 0 0 1.04167e+10 1.04167e+10 1.04167e+10 
-0.0175469 -0.00212666 -0.02 -0.00545455 -0.0162061 -0.00538225 0 0 0 0 0 0 1.04167e+10 1.04167e+10 1.04167e+10 
-0.0175469 -0.00212666 -0.0141925 -0.00271345 -0.0162763 0.000895758 0 0 0 0 0 0 1.04167e+10 1.04167e+10 1.04167e+10 
-0.0175469 -0.00212666 -0.0162061 -0.00538225 -0.0141925 -0.00271345 0 0 0 0 0 0 1.04167e+10 1.04167e+10 1.04167e+10 
-0.0175469 -0.00212666 -0.0162763 0.000895758 -0.02 0.00181818 0 0 0 0 0 0 1.04167e+10 1.04167e+10 1.04167e+10 
-0.0163636 -0.02 -0.0175269 -0.0165557 -0.02 -0.02 0 0 0 0 0 0 1.04167e+10 1.04167e+10 1.04167e+10 
-0.0163636 -0.02 -0.0139944 -0.015821 -0.0175269 -0.0165557 0 0 0 0 0 0 1.04167e+10 1.04167e+10 1.04167e+10 
-0.0163636 -0.02 -0.0127273 -0.02 -0.0139944 -0.015821 0 0 0 0 0 0 1.04167e+10 1.04167e+10 1.04167e+10 
0.00419253 0.0127135 0.000196152 0.008 0.00627631 0.00910424 0 0 0 0 0 0 3.125e+10 3.125e+10 3.125e+10 
0.00419253 0.0127135 -0.002 0.0101962 0.000196152 0.008 0 0 0 0 0 0 3.125e+10 3.125e+10 3.125e+10 
0.00419253 0.0127135 0.001 0.0153923 -0.002 0.0101962 0 0 0 0 0 0 3.125e+10 3.125e+10 3.125e+10 
0.00419253 0.0127135 0.00745351 0.012641 0.00676976 0.0172429 0 0 0 0 0 0 1.04167e+10 1.04167e+10 1.04167e+10 
0.00419253 0.0127135 0.00676976 0.0172429 0.0032717 0.0168069 0 0 0 0 0 0 1.04167e+10 1.04167e+10 1.04167e+10 
0.00419253 0.0127135 0.0032717 0.0168069 0.001 0.0153923 0 0 0 0 0 0 1.04167e+10 1.04167e+10 1.04167e+10 
0.00419253 0.0127135 0.00627631 0.00910424 0.00745351 0.012641 0 0 0 0 0 0 1.04167e+10 1.04167e+10 1.04167e+10 
0.005 -0.011 0.00291622 -0.0168177 0.00708378 -0.0168177 0 0 0 0 0 0 2.08333e+10 2.08333e+10 2.08333e+10 
0.005 -0.011 0.00708378 -0.0168177 0.008 -0.0101962 0 0 0 0 0 0 2.08333e+10 2.08333e+10 2.08333e+10 
0.005 -0.011 0.008 -0.0101962 0.005 -0.005 0 0 0 0 0 0 2.08333e+10 2.08333e+10 2.08333e+10 
-0.000196152 -0.008 -0.00291622 -0.00681769 -0.00419253 -0.0127135 0 0 0 0 0 0 2.08333e+10 2.08333e+10 2.08333e+10 
-0.000196152 -0.008 0.001 -0.0053923 -0.00291622 -0.00681769 0 0 0 0 0 0 2.08333e+10 2.08333e+10 2.08333e+10 
-0.02 -0.00181818 -0.02 -0.00545455 -0.0175469 -0.00212666 0 0 0 0 0 0 1.04167e+10 1.04167e+10 1.04167e+10 
-0.02 -0.00181818 -0.0175469 -0.00212666 -0.02 0.00181818 0 0 0 0 0 0 1.04167e+10 1.04167e+10 1.04167e+10 
0.0127273 0.02 0.0126981 0.0169637 0.0163636 0.02 0 0 0 0 0 0 1.04167e+10 1.04167e+10 1.04167e+10 
0.011 0.0053923 0.0142182 0.00855332 0.00885807 0.00846874 0 0 0 0 0 0 1.04167e+10 1.04167e+10 1.04167e+10 
0.011 0.0053923 0.0141925 0.00271345 0.0142182 0.00855332 0 0 0 0 0 0 1.04167e+10 1.04167e+10 1.04167e+10 
0.00909091 0.02 0.00545455 0.02 0.00676976 0.0172429 0 0 0 0 0 0 1.04167e+10 1.04167e+10 1.04167e+10 
0.00997615 0.0163587 0.0112862 0.0119993 0.0126981 0.0169637 0 0 0 0 0 0 1.04167e+10 1.04167e+10 1.04167e+10 
0.00997615 0.0163587 0.00745351 0.012641 0.0112862 0.0119993 0 0 0 0 0 0 1.04167e+10 1.04167e+10 1.04167e+10 
0.00997615 0.0163587 0.00676976 0.0172429 0.00745351 0.012641 0 0 0 0 0 0 1.04167e+10 1.04167e+10 1.04167e+10 
0.00997615 0.0163587 0.00909091 0.02 0.00676976 0.0172429 0 0 0 0 0 0 1.04167e+10 1.04167e+10 1.04167e+10 
0.00997615 0.0163587 0.0126981 0.0169637 0.0127273 0.02 0 0 0 0 0 0 1.04167e+10 1.04167e+10 1.04167e+10 
0.00997615 0.0163587 0.0127273 0.02 0.00909091 0.02 0 0 0 0 0 0 1.04167e+10 1.04167e+10 1.04167e+10 
0.0162763 -0.000895758 0.011 -0.005 0.017 -0.005 0 0 0 0 0 0 2.08333e+10 2.08333e+10 2.08333e+10 
0.0162763 -0.000895758 0.0101962 -0.002 0.011 -0.005 0 0 0 0 0 0 2.08333e+10 2.08333e+10 2.08333e+10 
0.0162763 -0.000895758 0.0141925 0.00271345 0.0101962 -0.002 0 0 0 0 0 0 2.08333e+10 2.08333e+10 2.08333e+10 
0.0162763 -0.000895758 0.0178268 0.0026091 0.0141925 0.00271345 0 0 0 0 0 0 1.04167e+10 1.04167e+10 1.04167e+10 
0.0162763 -0.000895758 0.017 -0.005 0.02 -0.00181818 0 0 0 0 0 0 1.04167e+10 1.04167e+10 1.04167e+10 
0.0162763 -0.000895758 0.02 -0.00181818 0.02 0.00181818 0 0 0 0 0 0 1.04167e+10 1.04167e+10 1.04167e+10 
0.0162763 -0.000895758 0.02 0.00181818 0.0178268 0.0026091 0 0 0 0 0 0 1.04167e+10 1.04167e+10 1.04167e+10 
-0.0091822 -0.0134385 -0.00627631 -0.00910424 -0.0103132 -0.00832904 0 0 0 0 0 0 1.04167e+10 1.04167e+10 1.04167e+10 
-0.0091822 -0.0134385 -0.0103132 -0.00832904 -0.0127697 -0.0129074 0 0 0 0 0 0 1.04167e+10 1.04167e+10 1.04167e+10 
-0.0091822 -0.0134385 -0.0127697 -0.0129074 -0.0101243 -0.0169135 0 0 0 0 0 0 1.04167e+10 1.04167e+10 1.04167e+10 
-0.0091822 -0.0134385 -0.0101243 -0.0169135 -0.00753596 -0.0158759 0 0 0 0 0 0 1.04167e+10 1.04167e+10 1.04167e+10 
-0.0091822 -0.0134385 -0.00419253 -0.0127135 -0.00627631 -0.00910424 0 0 0 0 0 0 1.04167e+10 1.04167e+10 1.04167e+10 
-0.0091822 -0.0134385 -0.00753596 -0.0158759 -0.00419253 -0.0127135 0 0 0 0 0 0 1.04167e+10 1.04167e+10 1.04167e+10 
0.007 0.005 0.00885807 0.00846874 0.00627631 0.00910424 0 0 0 0 0 0 1.04167e+10 1.04167e+10 1.04167e+10 
0.007 0.005 0.011 0.0053923 0.00885807 0.00846874 0 0 0 0 0 0 2.08333e+10 2.08333e+10 2.08333e+10 
0.02 0.0127273 0.0178624 0.0136222 0.0176545 0.00840994 0 0 0 0 0 0 1.04167e+10 1.04167e+10 1.04167e+10 
0.02 0.0127273 0.02 0.0163636 0.0178624 0.0136222 0 0 0 0 0 0 1.04167e+10 1.04167e+10 1.04167e+10 
-0.02 -0.0127273 -0.0164414 -0.0121742 -0.02 -0.00909091 0 0 0 0 0 0 1.04167e+10 1.04167e+10 1.04167e+10 
-0.02 -0.0127273 -0.02 -0.0163636 -0.0175269 -0.0165557 0 0 0 0 0 0 1.04167e+10 1.04167e+10 1.04167e+10 
-0.02 -0.0127273 -0.0175269 -0.0165557 -0.0164414 -0.0121742 0 0 0 0 0 0 1.04167e+10 1.04167e+10 1.04167e+10 
0.02 0.00909091 0.0176545 0.00840994 0.0187596 0.00587755 0 0 0 0 0 0 1.04167e+10 1.04167e+10 1.04167e+10 
0.02 0.00909091 0.02 0.0127273 0.0176545 0.00840994 0 0 0 0 0 0 1.04167e+10 1.04167e+10 1.04167e+10 
0.001 0.005 -0.005 0.005 0.000196152 0.002 0 0 0 0 0 0 3.125e+10 3.125e+10 3.125e+10 
0.001 0.005 0.000196152 0.008 -0.005 0.005 0 0 0 0 0 0 3.125e+10 3.125e+10 3.125e+10 
0.001 0.005 0.00627631 0.00910424 0.000196152 0.008 0 0 0 0 0 0 3.125e+10 3.125e+10 3.125e+10 
0.001 0.005 0.007 0.005 0.00627631 0.00910424 0 0 0 0 0 0 3.125e+10 3.125e+10 3.125e+10 
-0.002 -0.000196152 -0.005 0.005 -0.005 -0.001 0 0 0 0 0 0 3.125e+10 3.125e+10 3.125e+10 
-0.002 -0.000196152 0.000196152 0.002 -0.005 0.005 0 0 0 0 0 0 3.125e+10 3.125e+10 3.125e+10 
-0.002 -0.000196152 -0.005 -0.001 -0.00291622 -0.00681769 0 0 0 0 0 0 3.125e+10 3.125e+10 3.125e+10 
-0.002 -0.000196152 -0.00291622 -0.00681769 0.001 -0.0053923 0 0 0 0 0 0 3.125e+10 3.125e+10 3.125e+10 
-0.002 -0.000196152 0.001 -0.0053923 0.00419253 -0.00271345 0 0 0 0 0 0 3.125e+10 3.125e+10 3.125e+10 
-0.002 -0.000196152 0.00419253 -0.00271345 0.000196152 0.002 0 0 0 0 0 0 3.125e+10 3.125e+10 3.125e+10 
0.00627631 0.000895758 0.000196152 0.002 0.00419253 -0.00271345 0 0 0 0 0 0 3.125e+10 3.125e+10 3.125e+10 
0.00627631 0.000895758 0.001 0.005 0.000196152 0.002 0 0 0 0 0 0 3.125e+10 3.125e+10 3.125e+10 
0.00627631 0.000895758 0.007 0.005 0.001 0.005 0 0 0 0 0 0 3.125e+10 3.125e+10 3.125e+10 
0.008 0.000196152 0.0141925 0.00271345 0.011 0.0053923 0 0 0 0 0 0 2.08333e+10 2.08333e+10 2.08333e+10 
0.008 0.000196152 0.0101962 -0.002 0.0141925 0.00271345 0 0 0 0 0 0 2.08333e+10 2.08333e+10 2.08333e+10 
0.008 0.000196152 0.011 0.0053923 0.007 0.005 0 0 0 0 0 0 2.08333e+10 2.08333e+10 2.08333e+10 
0.008 0.000196152 0.007 0.005 0.00627631 0.000895758 0 0 0 0 0 0 2.08333e+10 2.08333e+10 2.08333e+10 
0.008 0.000196152 0.00419253 -0.00271345 0.0101962 -0.002 0 0 0 0 0 0 2.08333e+10 2.08333e+10 2.08333e+10 
0.008 0.000196152 0.00627631 0.000895758 0.00419253 -0.00271345 0 0 0 0 0 0 2.08333e+10 2.08333e+10 2.08333e+10 
0.02 -0.00909091 0.0169941 -0.0122365 0.02 -0.0127273 0 0 0 0 0 0 1.04167e+10 1.04167e+10 1.04167e+10 
-0.0127273 0.02 -0.0163636 0.02 -0.0156419 0.0170502 0 0 0 0 0 0 1.04167e+10 1.04167e+10 1.04167e+10 
-0.0127273 0.02 -0.011 0.0153923 -0.00909091 0.02 0 0 0 0 0 0 1.04167e+10 1.04167e+10 1.04167e+10 
-0.0127273 0.02 -0.0156419 0.0170502 -0.011 0.0153923 0 0 0 0 0 0 1.04167e+10 1.04167e+10 1.04167e+10 
0.0189495 -0.00845287 0.017 -0.005 0.0162763 -0.00910424 0 0 0 0 0 0 1.04167e+10 1.04167e+10 1.04167e+10 
0.0189495 -0.00845287 0.02 -0.00545455 0.017 -0.005 0 0 0 0 0 0 1.04167e+10 1.04167e+10 1.04167e+10 
0.0189495 -0.00845287 0.02 -0.00909091 0.02 -0.00545455 0 0 0 0 0 0 1.04167e+10 1.04167e+10 1.04167e+10 
0.0189495 -0.00845287 0.0162763 -0.00910424 0.0169941 -0.0122365 0 0 0 0 0 0 1.04167e+10 1.04167e+10 1.04167e+10 
0.0189495 -0.00845287 0.0169941 -0.0122365 0.02 -0.00909091 0 0 0 0 0 0 1.04167e+10 1.04167e+10 1.04167e+10 
0.002 -0.0101962 -0.001 -0.0153923 0.00291622 -0.0168177 0 0 0 0 0 0 2.08333e+10 2.08333e+10 2.08333e+10 
0.002 -0.0101962 0.00291622 -0.0168177 0.005 -0.011 0 0 0 0 0 0 2.08333e+10 2.08333e+10 2.08333e+10 
0.002 -0.0101962 0.005 -0.005 0.001 -0.0053923 0 0 0 0 0 0 2.08333e+10 2.08333e+10 2.08333e+10 
0.002 -0.0101962 0.005 -0.011 0.005 -0.005 0 0 0 0 0 0 2.08333e+10 2.08333e+10 2.08333e+10 
0.002 -0.0101962 0.001 -0.0053923 -0.000196152 -0.008 0 0 0 0 0 0 2.08333e+10 2.08333e+10 2.08333e+10 
0.002 -0.0101962 -0.00419253 -0.0127135 -0.001 -0.0153923 0 0 0 0 0 0 2.08333e+10 2.08333e+10 2.08333e+10 
0.002 -0.0101962 -0.000196152 -0.008 -0.00419253 -0.0127135 0 0 0 0 0 0 2.08333e+10 2.08333e+10 2.08333e+10 
-0.0141925 0.0127135 -0.0162763 0.00910424 -0.0101962 0.008 0 0 0 0 0 0 3.125e+10 3.125e+10 3.125e+10 
-0.0141925 0.0127135 -0.0172404 0.0119165 -0.0162763 0.00910424 0 0 0 0 0 0 1.04167e+10 1.04167e+10 1.04167e+10 
-0.0141925 0.0127135 -0.0156419 0.0170502 -0.0172404 0.0119165 0 0 0 0 0 0 1.04167e+10 1.04167e+10 1.04167e+10 
-0.0141925 0.0127135 -0.011 0.0153923 -0.0156419 0.0170502 0 0 0 0 0 0 1.04167e+10 1.04167e+10 1.04167e+10 
-0.0141925 0.0127135 -0.0101962 0.008 -0.008 0.0101962 0 0 0 0 0 0 3.125e+10 3.125e+10 3.125e+10 
-0.0141925 0.0127135 -0.008 0.0101962 -0.011 0.0153923 0 0 0 0 0 0 3.125e+10 3.125e+10 3.125e+10 
0.00545455 -0.02 0.00291622 -0.0168177 0.00181818 -0.02 0 0 0 0 0 0 1.04167e+10 1.04167e+10 1.04167e+10 
0.00545455 -0.02 0.00708378 -0.0168177 0.00291622 -0.0168177 0 0 0 0 0 0 1.04167e+10 1.04167e+10 1.04167e+10 
0.00545455 -0.02 0.00909091 -0.02 0.00708378 -0.0168177 0 0 0 0 0 0 1.04167e+10 1.04167e+10 1.04167e+10 
0.02 0.00545455 0.0187596 0.00587755 0.0178268 0.0026091 0 0 0 0 0 0 1.04167e+10 1.04167e+10 1.04167e+10 
0.02 0.00545455 0.0178268 0.0026091 0.02 0.00181818 0 0 0 0 0 0 1.04167e+10 1.04167e+10 1.04167e+10 
0.02 0.00545455 0.02 0.00909091 0.0187596 0.00587755 0 0 0 0 0 0 1.04167e+10 1.04167e+10 1.04167e+10 
