TRIANGLES
246
3
3
-0.0175469 -0.00212666 -0.0150019 -0.00110296 -0.0155253 0.00169446 0 0 0 0 0 0 1.04167e+10 1.04167e+10 1.04167e+10 
-0.000523248 -0.00879413 -0.00134975 -0.00466939 -0.00481526 -0.00629222 0 0 0 0 0 0 1.04167e+10 1.04167e+10 1.04167e+10 
-0.000523248 -0.00879413 -0.00481526 -0.00629222 -0.00355274 -0.00984353 0 0 0 0 0 0 1.04167e+10 1.04167e+10 1.04167e+10 
0.00250263 0.00166637 0.00560761 0.00577401 0.003062 0.00590013 0 0 0 0 0 0 1.04167e+10 1.04167e+10 1.04167e+10 
0.00250263 0.00166637 0.0073812 0.00189039 0.00560761 0.00577401 0 0 0 0 0 0 1.04167e+10 1.04167e+10 1.04167e+10 
-0.0172404 0.0119165 -0.0154972 0.00994074 -0.0138354 0.0119497 0 0 0 0 0 0 1.04167e+10 1.04167e+10 1.04167e+10 
0.0189547 5.4781e-05 0.02 -0.00181818 0.02 0.00181818 0 0 0 0 0 0 2.08333e+10 2.08333e+10 2.08333e+10 
-0.0162061 -0.00538225 -0.0150019 -0.00110296 -0.0175469 -0.00212666 0 0 0 0 0 0 1.04167e+10 1.04167e+10 1.04167e+10 
-0.0162061 -0.00538225 -0.0183269 -0.00837904 -0.0149031 -0.00935917 0 0 0 0 0 0 1.04167e+10 1.04167e+10 1.04167e+10 
-0.0162061 -0.00538225 -0.0175469 -0.00212666 -0.02 -0.00545455 0 0 0 0 0 0 1.04167e+10 1.04167e+10 1.04167e+10 
-0.0162061 -0.00538225 -0.02 -0.00545455 -0.0183269 -0.00837904 0 0 0 0 0 0 1.04167e+10 1.04167e+10 1.04167e+10 
-0.0123724 -0.00498137 -0.0162061 -0.00538225 -0.0149031 -0.00935917 0 0 0 0 0 0 1.04167e+10 1.04167e+10 1.04167e+10 
-0.0123724 -0.00498137 -0.0111448 -0.00147878 -0.0150019 -0.00110296 0 0 0 0 0 0 1.04167e+10 1.04167e+10 1.04167e+10 
-0.0123724 -0.00498137 -0.0150019 -0.00110296 -0.0162061 -0.00538225 0 0 0 0 0 0 1.04167e+10 1.04167e+10 1.04167e+10 
-0.0118919 0.00956315 -0.0138354 0.0119497 -0.0154972 0.00994074 0 0 0 0 0 0 1.04167e+10 1.04167e+10 1.04167e+10 
-0.0118919 0.00956315 -0.0117743 0.0134965 -0.0138354 0.0119497 0 0 0 0 0 0 1.04167e+10 1.04167e+10 1.04167e+10 
0.015 0.00133975 0.0189547 5.4781e-05 0.02 0.00181818 0 0 0 0 0 0 2.08333e+10 2.08333e+10 2.08333e+10 
0.0127273 0.02 0.0119098 0.0158779 0.015 0.0186603 0 0 0 0 0 0 2.08333e+10 2.08333e+10 2.08333e+10 
0.0127273 0.02 0.00881966 0.02 0.0119098 0.0158779 0 0 0 0 0 0 2.08333e+10 2.08333e+10 2.08333e+10 
0.00181818 -0.02 0.00342688 -0.0163393 -4.73263e-06 -0.0161293 0 0 0 0 0 0 1.04167e+10 1.04167e+10 1.04167e+10 
0.00181818 -0.02 -4.73263e-06 -0.0161293 -0.00181818 -0.02 0 0 0 0 0 0 1.04167e+10 1.04167e+10 1.04167e+10 
-0.00331399 -0.00116604 -0.00481526 -0.00629222 -0.00134975 -0.00466939 0 0 0 0 0 0 1.04167e+10 1.04167e+10 1.04167e+10 
-0.00331399 -0.00116604 -0.00640642 -0.00165702 -0.00481526 -0.00629222 0 0 0 0 0 0 1.04167e+10 1.04167e+10 1.04167e+10 
-0.00331399 -0.00116604 -0.00134975 -0.00466939 -7.35274e-05 -0.00104733 0 0 0 0 0 0 1.04167e+10 1.04167e+10 1.04167e+10 
0.0137688 -0.00364448 0.0101771 -0.00133624 0.00992723 -0.00571991 0 0 0 0 0 0 1.04167e+10 1.04167e+10 1.04167e+10 
0.0137688 -0.00364448 0.015 0.00133975 0.0101771 -0.00133624 0 0 0 0 0 0 2.08333e+10 2.08333e+10 2.08333e+10 
0.0137688 -0.00364448 0.0189547 5.4781e-05 0.015 0.00133975 0 0 0 0 0 0 2.08333e+10 2.08333e+10 2.08333e+10 
-0.02 0.0163636 -0.02 0.0127273 -0.0172404 0.0119165 0 0 0 0 0 0 1.04167e+10 1.04167e+10 1.04167e+10 
0.014106 -0.00823521 0.0129318 -0.0122339 0.0169941 -0.0122365 0 0 0 0 0 0 1.04167e+10 1.04167e+10 1.04167e+10 
0.0032717 0.0168069 0.00545455 0.02 0.00181818 0.02 0 0 0 0 0 0 1.04167e+10 1.04167e+10 1.04167e+10 
0.0178653 -0.00484732 0.02 -0.005 0.02 -0.00181818 0 0 0 0 0 0 2.08333e+10 2.08333e+10 2.08333e+10 
0.0178653 -0.00484732 0.02 -0.00181818 0.0189547 5.4781e-05 0 0 0 0 0 0 2.08333e+10 2.08333e+10 2.08333e+10 
0.0178653 -0.00484732 0.0189547 5.4781e-05 0.0137688 -0.00364448 0 0 0 0 0 0 2.08333e+10 2.08333e+10 2.08333e+10 
0.0171778 0.00595492 0.02 0.00545455 0.02 0.00909091 0 0 0 0 0 0 2.08333e+10 2.08333e+10 2.08333e+10 
0.0171778 0.00595492 0.02 0.00909091 0.0152908 0.00845492 0 0 0 0 0 0 2.08333e+10 2.08333e+10 2.08333e+10 
0.0171778 0.00595492 0.02 0.00181818 0.02 0.00545455 0 0 0 0 0 0 2.08333e+10 2.08333e+10 2.08333e+10 
0.0171778 0.00595492 0.015 0.00133975 0.02 0.00181818 0 0 0 0 0 0 2.08333e+10 2.08333e+10 2.08333e+10 
0.00564417 -0.00502085 0.00992723 -0.00571991 0.0101771 -0.00133624 0 0 0 0 0 0 1.04167e+10 1.04167e+10 1.04167e+10 
0.00564417 -0.00502085 0.00651668 -0.00996359 0.00992723 -0.00571991 0 0 0 0 0 0 1.04167e+10 1.04167e+10 1.04167e+10 
0.00564417 -0.00502085 0.00438224 -0.00936565 0.00651668 -0.00996359 0 0 0 0 0 0 1.04167e+10 1.04167e+10 1.04167e+10 
-0.00180449 0.00141134 -7.35274e-05 -0.00104733 0.00250263 0.00166637 0 0 0 0 0 0 1.04167e+10 1.04167e+10 1.04167e+10 
-0.00180449 0.00141134 -0.00331399 -0.00116604 -7.35274e-05 -0.00104733 0 0 0 0 0 0 1.04167e+10 1.04167e+10 1.04167e+10 
0.02 -0.00545455 0.02 -0.005 0.0178653 -0.00484732 0 0 0 0 0 0 1.04167e+10 1.04167e+10 1.04167e+10 
0.0108685 -0.00988528 0.00651668 -0.00996359 0.00966106 -0.0118677 0 0 0 0 0 0 1.04167e+10 1.04167e+10 1.04167e+10 
0.0108685 -0.00988528 0.00992723 -0.00571991 0.00651668 -0.00996359 0 0 0 0 0 0 1.04167e+10 1.04167e+10 1.04167e+10 
0.0108685 -0.00988528 0.00966106 -0.0118677 0.0129318 -0.0122339 0 0 0 0 0 0 1.04167e+10 1.04167e+10 1.04167e+10 
0.0108685 -0.00988528 0.0129318 -0.0122339 0.014106 -0.00823521 0 0 0 0 0 0 1.04167e+10 1.04167e+10 1.04167e+10 
-0.0163636 0.02 -0.02 0.02 -0.02 0.0163636 0 0 0 0 0 0 1.04167e+10 1.04167e+10 1.04167e+10 
0.00628646 -0.0126831 0.00966106 -0.0118677 0.00651668 -0.00996359 0 0 0 0 0 0 1.04167e+10 1.04167e+10 1.04167e+10 
0.00628646 -0.0126831 0.00651668 -0.00996359 0.00438224 -0.00936565 0 0 0 0 0 0 1.04167e+10 1.04167e+10 1.04167e+10 
0.00318329 -0.00505281 -0.00134975 -0.00466939 -0.000523248 -0.00879413 0 0 0 0 0 0 1.04167e+10 1.04167e+10 1.04167e+10 
0.00318329 -0.00505281 -0.000523248 -0.00879413 0.00438224 -0.00936565 0 0 0 0 0 0 1.04167e+10 1.04167e+10 1.04167e+10 
0.00318329 -0.00505281 0.00438224 -0.00936565 0.00564417 -0.00502085 0 0 0 0 0 0 1.04167e+10 1.04167e+10 1.04167e+10 
0.00318329 -0.00505281 -7.35274e-05 -0.00104733 -0.00134975 -0.00466939 0 0 0 0 0 0 1.04167e+10 1.04167e+10 1.04167e+10 
0.00813133 -0.0156069 0.00966106 -0.0118677 0.00628646 -0.0126831 0 0 0 0 0 0 1.04167e+10 1.04167e+10 1.04167e+10 
0.00813133 -0.0156069 0.00628646 -0.0126831 0.00342688 -0.0163393 0 0 0 0 0 0 1.04167e+10 1.04167e+10 1.04167e+10 
0.0152025 0.0115451 0.0102185 0.00792088 0.0152908 0.00845492 0 0 0 0 0 0 2.08333e+10 2.08333e+10 2.08333e+10 
-0.000557688 0.0169655 0.0032717 0.0168069 0.00181818 0.02 0 0 0 0 0 0 1.04167e+10 1.04167e+10 1.04167e+10 
0.00560761 0.014226 0.0032717 0.0168069 0.00341654 0.0128227 0 0 0 0 0 0 1.04167e+10 1.04167e+10 1.04167e+10 
-0.0127273 0.02 -0.0116949 0.016598 -0.00909091 0.02 0 0 0 0 0 0 1.04167e+10 1.04167e+10 1.04167e+10 
0.0136507 -0.00606187 0.0137688 -0.00364448 0.00992723 -0.00571991 0 0 0 0 0 0 1.04167e+10 1.04167e+10 1.04167e+10 
0.0136507 -0.00606187 0.0178653 -0.00484732 0.0137688 -0.00364448 0 0 0 0 0 0 1.04167e+10 1.04167e+10 1.04167e+10 
0.0136507 -0.00606187 0.014106 -0.00823521 0.0178653 -0.00484732 0 0 0 0 0 0 1.04167e+10 1.04167e+10 1.04167e+10 
0.0136507 -0.00606187 0.00992723 -0.00571991 0.0108685 -0.00988528 0 0 0 0 0 0 1.04167e+10 1.04167e+10 1.04167e+10 
0.0136507 -0.00606187 0.0108685 -0.00988528 0.014106 -0.00823521 0 0 0 0 0 0 1.04167e+10 1.04167e+10 1.04167e+10 
-0.011928 0.00142011 -0.0155253 0.00169446 -0.0150019 -0.00110296 0 0 0 0 0 0 1.04167e+10 1.04167e+10 1.04167e+10 
-0.011928 0.00142011 -0.0150019 -0.00110296 -0.0111448 -0.00147878 0 0 0 0 0 0 1.04167e+10 1.04167e+10 1.04167e+10 
0.0073812 0.0181096 0.0119098 0.0158779 0.00881966 0.02 0 0 0 0 0 0 2.08333e+10 2.08333e+10 2.08333e+10 
0.0073812 0.0181096 0.00560761 0.014226 0.0119098 0.0158779 0 0 0 0 0 0 2.08333e+10 2.08333e+10 2.08333e+10 
0.0073812 0.0181096 0.00881966 0.02 0.00545455 0.02 0 0 0 0 0 0 1.04167e+10 1.04167e+10 1.04167e+10 
0.0073812 0.0181096 0.00545455 0.02 0.0032717 0.0168069 0 0 0 0 0 0 1.04167e+10 1.04167e+10 1.04167e+10 
0.0073812 0.0181096 0.0032717 0.0168069 0.00560761 0.014226 0 0 0 0 0 0 1.04167e+10 1.04167e+10 1.04167e+10 
-0.00801863 -0.00827395 -0.00355274 -0.00984353 -0.00481526 -0.00629222 0 0 0 0 0 0 1.04167e+10 1.04167e+10 1.04167e+10 
-0.00801863 -0.00827395 -0.00396559 -0.0132395 -0.00355274 -0.00984353 0 0 0 0 0 0 1.04167e+10 1.04167e+10 1.04167e+10 
-0.00801863 -0.00827395 -0.0091822 -0.0134385 -0.00396559 -0.0132395 0 0 0 0 0 0 1.04167e+10 1.04167e+10 1.04167e+10 
0.0169468 0.0140451 0.015 0.0186603 0.0119098 0.0158779 0 0 0 0 0 0 2.08333e+10 2.08333e+10 2.08333e+10 
0.0169468 0.0140451 0.0119098 0.0158779 0.0152025 0.0115451 0 0 0 0 0 0 2.08333e+10 2.08333e+10 2.08333e+10 
0.0169468 0.0140451 0.02 0.0127273 0.0198572 0.015 0 0 0 0 0 0 2.08333e+10 2.08333e+10 2.08333e+10 
0.0169468 0.0140451 0.0152025 0.0115451 0.02 0.0127273 0 0 0 0 0 0 2.08333e+10 2.08333e+10 2.08333e+10 
0.00348807 -0.00124588 0.0073812 0.00189039 0.00250263 0.00166637 0 0 0 0 0 0 1.04167e+10 1.04167e+10 1.04167e+10 
0.00348807 -0.00124588 0.0101771 -0.00133624 0.0073812 0.00189039 0 0 0 0 0 0 1.04167e+10 1.04167e+10 1.04167e+10 
0.00348807 -0.00124588 0.00564417 -0.00502085 0.0101771 -0.00133624 0 0 0 0 0 0 1.04167e+10 1.04167e+10 1.04167e+10 
0.00348807 -0.00124588 0.00318329 -0.00505281 0.00564417 -0.00502085 0 0 0 0 0 0 1.04167e+10 1.04167e+10 1.04167e+10 
0.00348807 -0.00124588 0.00250263 0.00166637 -7.35274e-05 -0.00104733 0 0 0 0 0 0 1.04167e+10 1.04167e+10 1.04167e+10 
0.00348807 -0.00124588 -7.35274e-05 -0.00104733 0.00318329 -0.00505281 0 0 0 0 0 0 1.04167e+10 1.04167e+10 1.04167e+10 
0.0111922 -0.0159686 0.00813133 -0.0156069 0.00909091 -0.02 0 0 0 0 0 0 1.04167e+10 1.04167e+10 1.04167e+10 
0.0111922 -0.0159686 0.0129318 -0.0122339 0.00966106 -0.0118677 0 0 0 0 0 0 1.04167e+10 1.04167e+10 1.04167e+10 
0.0111922 -0.0159686 0.00966106 -0.0118677 0.00813133 -0.0156069 0 0 0 0 0 0 1.04167e+10 1.04167e+10 1.04167e+10 
-0.00753596 -0.0158759 -0.00396559 -0.0132395 -0.0091822 -0.0134385 0 0 0 0 0 0 1.04167e+10 1.04167e+10 1.04167e+10 
-0.00753596 -0.0158759 -0.00909091 -0.02 -0.00545455 -0.02 0 0 0 0 0 0 1.04167e+10 1.04167e+10 1.04167e+10 
-0.0084863 -0.00514959 -0.0111448 -0.00147878 -0.0123724 -0.00498137 0 0 0 0 0 0 1.04167e+10 1.04167e+10 1.04167e+10 
-0.0084863 -0.00514959 -0.00640642 -0.00165702 -0.0111448 -0.00147878 0 0 0 0 0 0 1.04167e+10 1.04167e+10 1.04167e+10 
-0.0084863 -0.00514959 -0.00481526 -0.00629222 -0.00640642 -0.00165702 0 0 0 0 0 0 1.04167e+10 1.04167e+10 1.04167e+10 
-0.0084863 -0.00514959 -0.00801863 -0.00827395 -0.00481526 -0.00629222 0 0 0 0 0 0 1.04167e+10 1.04167e+10 1.04167e+10 
-0.00181818 0.02 -0.000557688 0.0169655 0.00181818 0.02 0 0 0 0 0 0 1.04167e+10 1.04167e+10 1.04167e+10 
-0.00924822 0.0084271 -0.0118919 0.00956315 -0.011247 0.00496775 0 0 0 0 0 0 1.04167e+10 1.04167e+10 1.04167e+10 
0.02 -0.0127273 0.02 -0.00909091 0.0169941 -0.0122365 0 0 0 0 0 0 1.04167e+10 1.04167e+10 1.04167e+10 
0.02 -0.0127273 0.0169941 -0.0122365 0.0173387 -0.0168311 0 0 0 0 0 0 1.04167e+10 1.04167e+10 1.04167e+10 
0.0102185 0.0120791 0.0102185 0.00792088 0.0152025 0.0115451 0 0 0 0 0 0 2.08333e+10 2.08333e+10 2.08333e+10 
0.0102185 0.0120791 0.0152025 0.0115451 0.0119098 0.0158779 0 0 0 0 0 0 2.08333e+10 2.08333e+10 2.08333e+10 
0.0102185 0.0120791 0.0119098 0.0158779 0.00560761 0.014226 0 0 0 0 0 0 2.08333e+10 2.08333e+10 2.08333e+10 
-0.00708275 0.00498984 -0.00924822 0.0084271 -0.011247 0.00496775 0 0 0 0 0 0 1.04167e+10 1.04167e+10 1.04167e+10 
0.0189495 -0.00845287 0.014106 -0.00823521 0.0169941 -0.0122365 0 0 0 0 0 0 1.04167e+10 1.04167e+10 1.04167e+10 
0.0189495 -0.00845287 0.0169941 -0.0122365 0.02 -0.00909091 0 0 0 0 0 0 1.04167e+10 1.04167e+10 1.04167e+10 
0.0189495 -0.00845287 0.0178653 -0.00484732 0.014106 -0.00823521 0 0 0 0 0 0 1.04167e+10 1.04167e+10 1.04167e+10 
0.0189495 -0.00845287 0.02 -0.00545455 0.0178653 -0.00484732 0 0 0 0 0 0 1.04167e+10 1.04167e+10 1.04167e+10 
0.0189495 -0.00845287 0.02 -0.00909091 0.02 -0.00545455 0 0 0 0 0 0 1.04167e+10 1.04167e+10 1.04167e+10 
-0.02 -0.00181818 -0.02 -0.00545455 -0.0175469 -0.00212666 0 0 0 0 0 0 1.04167e+10 1.04167e+10 1.04167e+10 
0.02 0.0163636 0.02 0.02 0.0189547 0.0199452 0 0 0 0 0 0 2.08333e+10 2.08333e+10 2.08333e+10 
0.02 0.0163636 0.0198572 0.015 0.02 0.0127273 0 0 0 0 0 0 2.08333e+10 2.08333e+10 2.08333e+10 
0.02 0.0163636 0.015 0.0186603 0.0169468 0.0140451 0 0 0 0 0 0 2.08333e+10 2.08333e+10 2.08333e+10 
0.02 0.0163636 0.0169468 0.0140451 0.0198572 0.015 0 0 0 0 0 0 2.08333e+10 2.08333e+10 2.08333e+10 
0.0163636 0.02 0.0189547 0.0199452 0.02 0.02 0 0 0 0 0 0 2.08333e+10 2.08333e+10 2.08333e+10 
0.0163636 0.02 0.0127273 0.02 0.015 0.0186603 0 0 0 0 0 0 2.08333e+10 2.08333e+10 2.08333e+10 
0.0163636 0.02 0.02 0.0163636 0.0189547 0.0199452 0 0 0 0 0 0 2.08333e+10 2.08333e+10 2.08333e+10 
0.0163636 0.02 0.015 0.0186603 0.02 0.0163636 0 0 0 0 0 0 2.08333e+10 2.08333e+10 2.08333e+10 
-0.00121285 -0.0121107 -0.000523248 -0.00879413 -0.00355274 -0.00984353 0 0 0 0 0 0 1.04167e+10 1.04167e+10 1.04167e+10 
-0.00121285 -0.0121107 -0.00355274 -0.00984353 -0.00396559 -0.0132395 0 0 0 0 0 0 1.04167e+10 1.04167e+10 1.04167e+10 
-0.00121285 -0.0121107 -0.00396559 -0.0132395 -4.73263e-06 -0.0161293 0 0 0 0 0 0 1.04167e+10 1.04167e+10 1.04167e+10 
-0.00496903 0.00132019 -0.00640642 -0.00165702 -0.00331399 -0.00116604 0 0 0 0 0 0 1.04167e+10 1.04167e+10 1.04167e+10 
-0.00496903 0.00132019 -0.00331399 -0.00116604 -0.00180449 0.00141134 0 0 0 0 0 0 1.04167e+10 1.04167e+10 1.04167e+10 
-0.00496903 0.00132019 -0.00180449 0.00141134 -0.00423202 0.00587663 0 0 0 0 0 0 1.04167e+10 1.04167e+10 1.04167e+10 
-0.00496903 0.00132019 -0.00423202 0.00587663 -0.00708275 0.00498984 0 0 0 0 0 0 1.04167e+10 1.04167e+10 1.04167e+10 
-0.02 0.00181818 -0.0175469 -0.00212666 -0.0155253 0.00169446 0 0 0 0 0 0 1.04167e+10 1.04167e+10 1.04167e+10 
-0.02 0.00181818 -0.02 -0.00181818 -0.0175469 -0.00212666 0 0 0 0 0 0 1.04167e+10 1.04167e+10 1.04167e+10 
-0.02 0.00181818 -0.0155253 0.00169446 -0.0178101 0.00524216 0 0 0 0 0 0 1.04167e+10 1.04167e+10 1.04167e+10 
-0.02 0.00181818 -0.0178101 0.00524216 -0.02 0.00545455 0 0 0 0 0 0 1.04167e+10 1.04167e+10 1.04167e+10 
-0.014055 0.00521575 -0.0118919 0.00956315 -0.0154972 0.00994074 0 0 0 0 0 0 1.04167e+10 1.04167e+10 1.04167e+10 
-0.014055 0.00521575 -0.011247 0.00496775 -0.0118919 0.00956315 0 0 0 0 0 0 1.04167e+10 1.04167e+10 1.04167e+10 
-0.014055 0.00521575 -0.0155253 0.00169446 -0.011928 0.00142011 0 0 0 0 0 0 1.04167e+10 1.04167e+10 1.04167e+10 
-0.014055 0.00521575 -0.011928 0.00142011 -0.011247 0.00496775 0 0 0 0 0 0 1.04167e+10 1.04167e+10 1.04167e+10 
-0.014055 0.00521575 -0.0154972 0.00994074 -0.0178101 0.00524216 0 0 0 0 0 0 1.04167e+10 1.04167e+10 1.04167e+10 
-0.014055 0.00521575 -0.0178101 0.00524216 -0.0155253 0.00169446 0 0 0 0 0 0 1.04167e+10 1.04167e+10 1.04167e+10 
0.0119098 0.00412215 0.00560761 0.00577401 0.0073812 0.00189039 0 0 0 0 0 0 2.08333e+10 2.08333e+10 2.08333e+10 
0.0119098 0.00412215 0.0102185 0.00792088 0.00560761 0.00577401 0 0 0 0 0 0 2.08333e+10 2.08333e+10 2.08333e+10 
0.0119098 0.00412215 0.0101771 -0.00133624 0.015 0.00133975 0 0 0 0 0 0 2.08333e+10 2.08333e+10 2.08333e+10 
0.0119098 0.00412215 0.0073812 0.00189039 0.0101771 -0.00133624 0 0 0 0 0 0 2.08333e+10 2.08333e+10 2.08333e+10 
0.0119098 0.00412215 0.0152908 0.00845492 0.0102185 0.00792088 0 0 0 0 0 0 2.08333e+10 2.08333e+10 2.08333e+10 
0.0119098 0.00412215 0.0171778 0.00595492 0.0152908 0.00845492 0 0 0 0 0 0 2.08333e+10 2.08333e+10 2.08333e+10 
0.0119098 0.00412215 0.015 0.00133975 0.0171778 0.00595492 0 0 0 0 0 0 2.08333e+10 2.08333e+10 2.08333e+10 
-0.00483598 0.00832406 -0.00423202 0.00587663 -0.00201835 0.00855392 0 0 0 0 0 0 1.04167e+10 1.04167e+10 1.04167e+10 
-0.00483598 0.00832406 -0.00201835 0.00855392 -0.00421249 0.0125303 0 0 0 0 0 0 1.04167e+10 1.04167e+10 1.04167e+10 
-0.00483598 0.00832406 -0.00924822 0.0084271 -0.00708275 0.00498984 0 0 0 0 0 0 1.04167e+10 1.04167e+10 1.04167e+10 
-0.00483598 0.00832406 -0.00708275 0.00498984 -0.00423202 0.00587663 0 0 0 0 0 0 1.04167e+10 1.04167e+10 1.04167e+10 
-0.0103132 -0.00832904 -0.0123724 -0.00498137 -0.0149031 -0.00935917 0 0 0 0 0 0 1.04167e+10 1.04167e+10 1.04167e+10 
-0.0103132 -0.00832904 -0.0084863 -0.00514959 -0.0123724 -0.00498137 0 0 0 0 0 0 1.04167e+10 1.04167e+10 1.04167e+10 
-0.0103132 -0.00832904 -0.00801863 -0.00827395 -0.0084863 -0.00514959 0 0 0 0 0 0 1.04167e+10 1.04167e+10 1.04167e+10 
-0.0103132 -0.00832904 -0.0149031 -0.00935917 -0.0127697 -0.0129074 0 0 0 0 0 0 1.04167e+10 1.04167e+10 1.04167e+10 
-0.0103132 -0.00832904 -0.0091822 -0.0134385 -0.00801863 -0.00827395 0 0 0 0 0 0 1.04167e+10 1.04167e+10 1.04167e+10 
-0.0103132 -0.00832904 -0.0127697 -0.0129074 -0.0091822 -0.0134385 0 0 0 0 0 0 1.04167e+10 1.04167e+10 1.04167e+10 
0.02 -0.0163636 0.0173387 -0.0168311 0.02 -0.02 0 0 0 0 0 0 1.04167e+10 1.04167e+10 1.04167e+10 
0.02 -0.0163636 0.02 -0.0127273 0.0173387 -0.0168311 0 0 0 0 0 0 1.04167e+10 1.04167e+10 1.04167e+10 
0.00545455 -0.02 0.00342688 -0.0163393 0.00181818 -0.02 0 0 0 0 0 0 1.04167e+10 1.04167e+10 1.04167e+10 
0.00545455 -0.02 0.00813133 -0.0156069 0.00342688 -0.0163393 0 0 0 0 0 0 1.04167e+10 1.04167e+10 1.04167e+10 
0.00545455 -0.02 0.00909091 -0.02 0.00813133 -0.0156069 0 0 0 0 0 0 1.04167e+10 1.04167e+10 1.04167e+10 
0.0026048 -0.0130981 0.00438224 -0.00936565 -0.000523248 -0.00879413 0 0 0 0 0 0 1.04167e+10 1.04167e+10 1.04167e+10 
0.0026048 -0.0130981 -0.000523248 -0.00879413 -0.00121285 -0.0121107 0 0 0 0 0 0 1.04167e+10 1.04167e+10 1.04167e+10 
0.0026048 -0.0130981 -4.73263e-06 -0.0161293 0.00342688 -0.0163393 0 0 0 0 0 0 1.04167e+10 1.04167e+10 1.04167e+10 
0.0026048 -0.0130981 -0.00121285 -0.0121107 -4.73263e-06 -0.0161293 0 0 0 0 0 0 1.04167e+10 1.04167e+10 1.04167e+10 
0.0026048 -0.0130981 0.00628646 -0.0126831 0.00438224 -0.00936565 0 0 0 0 0 0 1.04167e+10 1.04167e+10 1.04167e+10 
0.0026048 -0.0130981 0.00342688 -0.0163393 0.00628646 -0.0126831 0 0 0 0 0 0 1.04167e+10 1.04167e+10 1.04167e+10 
-0.0175269 -0.0165557 -0.02 -0.0163636 -0.02 -0.02 0 0 0 0 0 0 1.04167e+10 1.04167e+10 1.04167e+10 
-0.0175269 -0.0165557 -0.02 -0.0127273 -0.02 -0.0163636 0 0 0 0 0 0 1.04167e+10 1.04167e+10 1.04167e+10 
-0.0164414 -0.0121742 -0.0149031 -0.00935917 -0.0183269 -0.00837904 0 0 0 0 0 0 1.04167e+10 1.04167e+10 1.04167e+10 
-0.0164414 -0.0121742 -0.0127697 -0.0129074 -0.0149031 -0.00935917 0 0 0 0 0 0 1.04167e+10 1.04167e+10 1.04167e+10 
-0.0164414 -0.0121742 -0.0139944 -0.015821 -0.0127697 -0.0129074 0 0 0 0 0 0 1.04167e+10 1.04167e+10 1.04167e+10 
-0.0164414 -0.0121742 -0.0175269 -0.0165557 -0.0139944 -0.015821 0 0 0 0 0 0 1.04167e+10 1.04167e+10 1.04167e+10 
-0.0164414 -0.0121742 -0.02 -0.0127273 -0.0175269 -0.0165557 0 0 0 0 0 0 1.04167e+10 1.04167e+10 1.04167e+10 
-0.0156419 0.0170502 -0.0138354 0.0119497 -0.0117743 0.0134965 0 0 0 0 0 0 1.04167e+10 1.04167e+10 1.04167e+10 
-0.0156419 0.0170502 -0.0117743 0.0134965 -0.0116949 0.016598 0 0 0 0 0 0 1.04167e+10 1.04167e+10 1.04167e+10 
-0.0156419 0.0170502 -0.0172404 0.0119165 -0.0138354 0.0119497 0 0 0 0 0 0 1.04167e+10 1.04167e+10 1.04167e+10 
-0.0156419 0.0170502 -0.02 0.0163636 -0.0172404 0.0119165 0 0 0 0 0 0 1.04167e+10 1.04167e+10 1.04167e+10 
-0.0156419 0.0170502 -0.0163636 0.02 -0.02 0.0163636 0 0 0 0 0 0 1.04167e+10 1.04167e+10 1.04167e+10 
-0.0156419 0.0170502 -0.0116949 0.016598 -0.0127273 0.02 0 0 0 0 0 0 1.04167e+10 1.04167e+10 1.04167e+10 
-0.0156419 0.0170502 -0.0127273 0.02 -0.0163636 0.02 0 0 0 0 0 0 1.04167e+10 1.04167e+10 1.04167e+10 
0.0163636 -0.02 0.02 -0.02 0.0173387 -0.0168311 0 0 0 0 0 0 1.04167e+10 1.04167e+10 1.04167e+10 
-0.00400405 -0.0162655 -0.00181818 -0.02 -4.73263e-06 -0.0161293 0 0 0 0 0 0 1.04167e+10 1.04167e+10 1.04167e+10 
-0.00400405 -0.0162655 -4.73263e-06 -0.0161293 -0.00396559 -0.0132395 0 0 0 0 0 0 1.04167e+10 1.04167e+10 1.04167e+10 
-0.00400405 -0.0162655 -0.00545455 -0.02 -0.00181818 -0.02 0 0 0 0 0 0 1.04167e+10 1.04167e+10 1.04167e+10 
-0.00400405 -0.0162655 -0.00396559 -0.0132395 -0.00753596 -0.0158759 0 0 0 0 0 0 1.04167e+10 1.04167e+10 1.04167e+10 
-0.00400405 -0.0162655 -0.00753596 -0.0158759 -0.00545455 -0.02 0 0 0 0 0 0 1.04167e+10 1.04167e+10 1.04167e+10 
0.0127273 -0.02 0.0111922 -0.0159686 0.00909091 -0.02 0 0 0 0 0 0 1.04167e+10 1.04167e+10 1.04167e+10 
-0.000644591 0.00598813 -0.00201835 0.00855392 -0.00423202 0.00587663 0 0 0 0 0 0 1.04167e+10 1.04167e+10 1.04167e+10 
-0.000644591 0.00598813 0.00250263 0.00166637 0.003062 0.00590013 0 0 0 0 0 0 1.04167e+10 1.04167e+10 1.04167e+10 
-0.000644591 0.00598813 -0.00180449 0.00141134 0.00250263 0.00166637 0 0 0 0 0 0 1.04167e+10 1.04167e+10 1.04167e+10 
-0.000644591 0.00598813 -0.00423202 0.00587663 -0.00180449 0.00141134 0 0 0 0 0 0 1.04167e+10 1.04167e+10 1.04167e+10 
0.00232986 0.00967214 -0.00201835 0.00855392 -0.000644591 0.00598813 0 0 0 0 0 0 1.04167e+10 1.04167e+10 1.04167e+10 
0.00232986 0.00967214 -0.000644591 0.00598813 0.003062 0.00590013 0 0 0 0 0 0 1.04167e+10 1.04167e+10 1.04167e+10 
0.0139302 -0.0161691 0.0169941 -0.0122365 0.0129318 -0.0122339 0 0 0 0 0 0 1.04167e+10 1.04167e+10 1.04167e+10 
0.0139302 -0.0161691 0.0173387 -0.0168311 0.0169941 -0.0122365 0 0 0 0 0 0 1.04167e+10 1.04167e+10 1.04167e+10 
0.0139302 -0.0161691 0.0129318 -0.0122339 0.0111922 -0.0159686 0 0 0 0 0 0 1.04167e+10 1.04167e+10 1.04167e+10 
0.0139302 -0.0161691 0.0111922 -0.0159686 0.0127273 -0.02 0 0 0 0 0 0 1.04167e+10 1.04167e+10 1.04167e+10 
0.0139302 -0.0161691 0.0163636 -0.02 0.0173387 -0.0168311 0 0 0 0 0 0 1.04167e+10 1.04167e+10 1.04167e+10 
0.0139302 -0.0161691 0.0127273 -0.02 0.0163636 -0.02 0 0 0 0 0 0 1.04167e+10 1.04167e+10 1.04167e+10 
-0.02 -0.00909091 -0.0183269 -0.00837904 -0.02 -0.00545455 0 0 0 0 0 0 1.04167e+10 1.04167e+10 1.04167e+10 
-0.02 -0.00909091 -0.0164414 -0.0121742 -0.0183269 -0.00837904 0 0 0 0 0 0 1.04167e+10 1.04167e+10 1.04167e+10 
-0.02 -0.00909091 -0.02 -0.0127273 -0.0164414 -0.0121742 0 0 0 0 0 0 1.04167e+10 1.04167e+10 1.04167e+10 
-0.02 0.00909091 -0.0154972 0.00994074 -0.0172404 0.0119165 0 0 0 0 0 0 1.04167e+10 1.04167e+10 1.04167e+10 
-0.02 0.00909091 -0.02 0.00545455 -0.0178101 0.00524216 0 0 0 0 0 0 1.04167e+10 1.04167e+10 1.04167e+10 
-0.02 0.00909091 -0.0178101 0.00524216 -0.0154972 0.00994074 0 0 0 0 0 0 1.04167e+10 1.04167e+10 1.04167e+10 
-0.02 0.00909091 -0.0172404 0.0119165 -0.02 0.0127273 0 0 0 0 0 0 1.04167e+10 1.04167e+10 1.04167e+10 
0.000787321 0.0133085 -0.000557688 0.0169655 -0.00421249 0.0125303 0 0 0 0 0 0 1.04167e+10 1.04167e+10 1.04167e+10 
0.000787321 0.0133085 0.0032717 0.0168069 -0.000557688 0.0169655 0 0 0 0 0 0 1.04167e+10 1.04167e+10 1.04167e+10 
0.000787321 0.0133085 0.00341654 0.0128227 0.0032717 0.0168069 0 0 0 0 0 0 1.04167e+10 1.04167e+10 1.04167e+10 
0.000787321 0.0133085 0.00232986 0.00967214 0.00341654 0.0128227 0 0 0 0 0 0 1.04167e+10 1.04167e+10 1.04167e+10 
0.000787321 0.0133085 -0.00421249 0.0125303 -0.00201835 0.00855392 0 0 0 0 0 0 1.04167e+10 1.04167e+10 1.04167e+10 
0.000787321 0.0133085 -0.00201835 0.00855392 0.00232986 0.00967214 0 0 0 0 0 0 1.04167e+10 1.04167e+10 1.04167e+10 
-0.0101243 -0.0169135 -0.0127273 -0.02 -0.00909091 -0.02 0 0 0 0 0 0 1.04167e+10 1.04167e+10 1.04167e+10 
-0.0101243 -0.0169135 -0.0139944 -0.015821 -0.0127273 -0.02 0 0 0 0 0 0 1.04167e+10 1.04167e+10 1.04167e+10 
-0.0101243 -0.0169135 -0.00753596 -0.0158759 -0.0091822 -0.0134385 0 0 0 0 0 0 1.04167e+10 1.04167e+10 1.04167e+10 
-0.0101243 -0.0169135 -0.00909091 -0.02 -0.00753596 -0.0158759 0 0 0 0 0 0 1.04167e+10 1.04167e+10 1.04167e+10 
-0.0101243 -0.0169135 -0.0091822 -0.0134385 -0.0127697 -0.0129074 0 0 0 0 0 0 1.04167e+10 1.04167e+10 1.04167e+10 
-0.0101243 -0.0169135 -0.0127697 -0.0129074 -0.0139944 -0.015821 0 0 0 0 0 0 1.04167e+10 1.04167e+10 1.04167e+10 
-0.0163636 -0.02 -0.0175269 -0.0165557 -0.02 -0.02 0 0 0 0 0 0 1.04167e+10 1.04167e+10 1.04167e+10 
-0.0163636 -0.02 -0.0139944 -0.015821 -0.0175269 -0.0165557 0 0 0 0 0 0 1.04167e+10 1.04167e+10 1.04167e+10 
-0.0163636 -0.02 -0.0127273 -0.02 -0.0139944 -0.015821 0 0 0 0 0 0 1.04167e+10 1.04167e+10 1.04167e+10 
0.02 0.01 0.02 0.0127273 0.0152025 0.0115451 0 0 0 0 0 0 2.08333e+10 2.08333e+10 2.08333e+10 
0.02 0.01 0.0152908 0.00845492 0.02 0.00909091 0 0 0 0 0 0 2.08333e+10 2.08333e+10 2.08333e+10 
0.02 0.01 0.0152025 0.0115451 0.0152908 0.00845492 0 0 0 0 0 0 2.08333e+10 2.08333e+10 2.08333e+10 
-0.00706565 0.0121461 -0.0117743 0.0134965 -0.0118919 0.00956315 0 0 0 0 0 0 1.04167e+10 1.04167e+10 1.04167e+10 
-0.00706565 0.0121461 -0.0118919 0.00956315 -0.00924822 0.0084271 0 0 0 0 0 0 1.04167e+10 1.04167e+10 1.04167e+10 
-0.00706565 0.0121461 -0.00483598 0.00832406 -0.00421249 0.0125303 0 0 0 0 0 0 1.04167e+10 1.04167e+10 1.04167e+10 
-0.00706565 0.0121461 -0.00924822 0.0084271 -0.00483598 0.00832406 0 0 0 0 0 0 1.04167e+10 1.04167e+10 1.04167e+10 
-0.00798909 0.00146811 -0.011928 0.00142011 -0.0111448 -0.00147878 0 0 0 0 0 0 1.04167e+10 1.04167e+10 1.04167e+10 
-0.00798909 0.00146811 -0.0111448 -0.00147878 -0.00640642 -0.00165702 0 0 0 0 0 0 1.04167e+10 1.04167e+10 1.04167e+10 
-0.00798909 0.00146811 -0.00708275 0.00498984 -0.011247 0.00496775 0 0 0 0 0 0 1.04167e+10 1.04167e+10 1.04167e+10 
-0.00798909 0.00146811 -0.011247 0.00496775 -0.011928 0.00142011 0 0 0 0 0 0 1.04167e+10 1.04167e+10 1.04167e+10 
-0.00798909 0.00146811 -0.00640642 -0.00165702 -0.00496903 0.00132019 0 0 0 0 0 0 1.04167e+10 1.04167e+10 1.04167e+10 
-0.00798909 0.00146811 -0.00496903 0.00132019 -0.00708275 0.00498984 0 0 0 0 0 0 1.04167e+10 1.04167e+10 1.04167e+10 
-0.00426684 0.017137 -0.00706565 0.0121461 -0.00421249 0.0125303 0 0 0 0 0 0 1.04167e+10 1.04167e+10 1.04167e+10 
-0.00426684 0.017137 -0.00421249 0.0125303 -0.000557688 0.0169655 0 0 0 0 0 0 1.04167e+10 1.04167e+10 1.04167e+10 
-0.00426684 0.017137 -0.000557688 0.0169655 -0.00181818 0.02 0 0 0 0 0 0 1.04167e+10 1.04167e+10 1.04167e+10 
-0.00426684 0.017137 -0.00181818 0.02 -0.00545455 0.02 0 0 0 0 0 0 1.04167e+10 1.04167e+10 1.04167e+10 
-0.00935378 0.0168142 -0.0116949 0.016598 -0.0117743 0.0134965 0 0 0 0 0 0 1.04167e+10 1.04167e+10 1.04167e+10 
-0.00935378 0.0168142 -0.0117743 0.0134965 -0.00706565 0.0121461 0 0 0 0 0 0 1.04167e+10 1.04167e+10 1.04167e+10 
-0.00935378 0.0168142 -0.00706565 0.0121461 -0.00426684 0.017137 0 0 0 0 0 0 1.04167e+10 1.04167e+10 1.04167e+10 
-0.00935378 0.0168142 -0.00909091 0.02 -0.0116949 0.016598 0 0 0 0 0 0 1.04167e+10 1.04167e+10 1.04167e+10 
-0.00935378 0.0168142 -0.00545455 0.02 -0.00909091 0.02 0 0 0 0 0 0 1.04167e+10 1.04167e+10 1.04167e+10 
-0.00935378 0.0168142 -0.00426684 0.017137 -0.00545455 0.02 0 0 0 0 0 0 1.04167e+10 1.04167e+10 1.04167e+10 
0.005 0.01 0.003062 0.00590013 0.00560761 0.00577401 0 0 0 0 0 0 1.04167e+10 1.04167e+10 1.04167e+10 
0.005 0.01 0.00232986 0.00967214 0.003062 0.00590013 0 0 0 0 0 0 1.04167e+10 1.04167e+10 1.04167e+10 
0.005 0.01 0.0102185 0.00792088 0.0102185 0.0120791 0 0 0 0 0 0 2.08333e+10 2.08333e+10 2.08333e+10 
0.005 0.01 0.00341654 0.0128227 0.00232986 0.00967214 0 0 0 0 0 0 1.04167e+10 1.04167e+10 1.04167e+10 
0.005 0.01 0.00560761 0.00577401 0.0102185 0.00792088 0 0 0 0 0 0 2.08333e+10 2.08333e+10 2.08333e+10 
0.005 0.01 0.00560761 0.014226 0.00341654 0.0128227 0 0 0 0 0 0 1.04167e+10 1.04167e+10 1.04167e+10 
0.005 0.01 0.0102185 0.0120791 0.00560761 0.014226 0 0 0 0 0 0 2.08333e+10 2.08333e+10 2.08333e+10 
