TRIANGLES
250
3
3
-0.00283156 -0.00205725 0 0 -0.0035 4.28626e-19 0 0 0 0 0 0 3.125e+10 3.125e+10 3.125e+10 
-0.0143924 0.00422599 -0.0178101 0.00524216 -0.015 1.83697e-18 0 0 0 0 0 0 1.04167e+10 1.04167e+10 1.04167e+10 
-0.00982291 0.0113362 -0.0138354 0.0119497 -0.0126188 0.00810961 0 0 0 0 0 0 1.04167e+10 1.04167e+10 1.04167e+10 
0.00468391 -0.00520201 0.00216312 -0.0066574 0.00669131 -0.00743145 0 0 0 0 0 0 2.08333e+10 2.08333e+10 2.08333e+10 
0.00468391 -0.00520201 0.00669131 -0.00743145 0.00913545 -0.00406737 0 0 0 0 0 0 2.08333e+10 2.08333e+10 2.08333e+10 
0.007 0 0.00913545 0.00406737 0.00639482 0.00284716 0 0 0 0 0 0 2.08333e+10 2.08333e+10 2.08333e+10 
-0.00108156 -0.0033287 0 0 -0.00283156 -0.00205725 0 0 0 0 0 0 3.125e+10 3.125e+10 3.125e+10 
0.0126981 0.0169637 0.0176526 0.0155945 0.0163636 0.02 0 0 0 0 0 0 1.04167e+10 1.04167e+10 1.04167e+10 
-0.0149031 -0.00935917 -0.0126188 -0.00810961 -0.0162061 -0.00538225 0 0 0 0 0 0 1.04167e+10 1.04167e+10 1.04167e+10 
-0.0175269 -0.0165557 -0.02 -0.02 -0.0163636 -0.02 0 0 0 0 0 0 1.04167e+10 1.04167e+10 1.04167e+10 
0.0126188 -0.00810961 0.0169941 -0.0122365 0.0189495 -0.00845287 0 0 0 0 0 0 1.04167e+10 1.04167e+10 1.04167e+10 
0.0126188 -0.00810961 0.00913545 -0.00406737 0.00669131 -0.00743145 0 0 0 0 0 0 2.08333e+10 2.08333e+10 2.08333e+10 
0.0126188 -0.00810961 0.0143924 -0.00422599 0.00913545 -0.00406737 0 0 0 0 0 0 2.08333e+10 2.08333e+10 2.08333e+10 
-0.02 -0.0163636 -0.02 -0.02 -0.0175269 -0.0165557 0 0 0 0 0 0 1.04167e+10 1.04167e+10 1.04167e+10 
-0.02 -0.0163636 -0.0175269 -0.0165557 -0.02 -0.0127273 0 0 0 0 0 0 1.04167e+10 1.04167e+10 1.04167e+10 
0.0127273 0.02 0.0126981 0.0169637 0.0163636 0.02 0 0 0 0 0 0 1.04167e+10 1.04167e+10 1.04167e+10 
0.0173387 -0.0168311 0.02 -0.0127273 0.0169941 -0.0122365 0 0 0 0 0 0 1.04167e+10 1.04167e+10 1.04167e+10 
-0.00213472 -0.0148473 -0.00181818 -0.02 0.00213472 -0.0148473 0 0 0 0 0 0 1.04167e+10 1.04167e+10 1.04167e+10 
0.01 0 0.00913545 0.00406737 0.007 0 0 0 0 0 0 0 2.08333e+10 2.08333e+10 2.08333e+10 
0.01 0 0.007 0 0.00913545 -0.00406737 0 0 0 0 0 0 2.08333e+10 2.08333e+10 2.08333e+10 
0.01 0 0.00913545 -0.00406737 0.0143924 -0.00422599 0 0 0 0 0 0 2.08333e+10 2.08333e+10 2.08333e+10 
-0.0035 -0.00606218 -0.00566312 -0.0041145 -0.00809017 -0.00587785 0 0 0 0 0 0 2.08333e+10 2.08333e+10 2.08333e+10 
-0.0035 -0.00606218 -0.000731699 -0.00696165 -0.00108156 -0.0033287 0 0 0 0 0 0 3.125e+10 3.125e+10 3.125e+10 
-0.0035 -0.00606218 -0.00283156 -0.00205725 -0.00566312 -0.0041145 0 0 0 0 0 0 3.125e+10 3.125e+10 3.125e+10 
-0.0035 -0.00606218 -0.00108156 -0.0033287 -0.00283156 -0.00205725 0 0 0 0 0 0 3.125e+10 3.125e+10 3.125e+10 
0.0035 0 0.007 0 0.00639482 0.00284716 0 0 0 0 0 0 3.125e+10 3.125e+10 3.125e+10 
0.0035 0 0.00639482 0.00284716 0.00283156 0.00205725 0 0 0 0 0 0 3.125e+10 3.125e+10 3.125e+10 
0.0035 0 0 0 0.00283156 -0.00205725 0 0 0 0 0 0 3.125e+10 3.125e+10 3.125e+10 
0.0035 0 0.00283156 0.00205725 0 0 0 0 0 0 0 0 3.125e+10 3.125e+10 3.125e+10 
0.02 -0.0163636 0.0173387 -0.0168311 0.02 -0.02 0 0 0 0 0 0 1.04167e+10 1.04167e+10 1.04167e+10 
0.02 -0.0163636 0.02 -0.0127273 0.0173387 -0.0168311 0 0 0 0 0 0 1.04167e+10 1.04167e+10 1.04167e+10 
0.015 0 0.01 0 0.0143924 -0.00422599 0 0 0 0 0 0 2.08333e+10 2.08333e+10 2.08333e+10 
0.0139302 -0.0161691 0.0173387 -0.0168311 0.0169941 -0.0122365 0 0 0 0 0 0 1.04167e+10 1.04167e+10 1.04167e+10 
-0.00982291 -0.0113362 -0.0101243 -0.0169135 -0.00753596 -0.0158759 0 0 0 0 0 0 1.04167e+10 1.04167e+10 1.04167e+10 
-0.00982291 -0.0113362 -0.00753596 -0.0158759 -0.00623123 -0.0136445 0 0 0 0 0 0 1.04167e+10 1.04167e+10 1.04167e+10 
-0.00982291 -0.0113362 -0.00809017 -0.00587785 -0.0126188 -0.00810961 0 0 0 0 0 0 2.08333e+10 2.08333e+10 2.08333e+10 
-0.00400405 -0.0162655 -0.00213472 -0.0148473 -0.00623123 -0.0136445 0 0 0 0 0 0 1.04167e+10 1.04167e+10 1.04167e+10 
-0.00400405 -0.0162655 -0.00623123 -0.0136445 -0.00753596 -0.0158759 0 0 0 0 0 0 1.04167e+10 1.04167e+10 1.04167e+10 
-0.00400405 -0.0162655 -0.00181818 -0.02 -0.00213472 -0.0148473 0 0 0 0 0 0 1.04167e+10 1.04167e+10 1.04167e+10 
-0.0164414 -0.0121742 -0.02 -0.00909091 -0.02 -0.0127273 0 0 0 0 0 0 1.04167e+10 1.04167e+10 1.04167e+10 
-0.0164414 -0.0121742 -0.02 -0.0127273 -0.0175269 -0.0165557 0 0 0 0 0 0 1.04167e+10 1.04167e+10 1.04167e+10 
-0.02 0.00181818 -0.015 1.83697e-18 -0.0178101 0.00524216 0 0 0 0 0 0 1.04167e+10 1.04167e+10 1.04167e+10 
-0.02 0.00181818 -0.0178101 0.00524216 -0.02 0.00545455 0 0 0 0 0 0 1.04167e+10 1.04167e+10 1.04167e+10 
-0.0183269 -0.00837904 -0.0149031 -0.00935917 -0.0162061 -0.00538225 0 0 0 0 0 0 1.04167e+10 1.04167e+10 1.04167e+10 
-0.0183269 -0.00837904 -0.02 -0.00909091 -0.0164414 -0.0121742 0 0 0 0 0 0 1.04167e+10 1.04167e+10 1.04167e+10 
-0.0183269 -0.00837904 -0.0164414 -0.0121742 -0.0149031 -0.00935917 0 0 0 0 0 0 1.04167e+10 1.04167e+10 1.04167e+10 
0.00468391 0.00520201 0.00639482 0.00284716 0.00913545 0.00406737 0 0 0 0 0 0 2.08333e+10 2.08333e+10 2.08333e+10 
0.00468391 0.00520201 0.00283156 0.00205725 0.00639482 0.00284716 0 0 0 0 0 0 3.125e+10 3.125e+10 3.125e+10 
0.00909091 -0.02 0.00813133 -0.0156069 0.00545455 -0.02 0 0 0 0 0 0 1.04167e+10 1.04167e+10 1.04167e+10 
-0.0035 0.00606218 -0.000731699 0.00696165 -0.005 0.00866025 0 0 0 0 0 0 2.08333e+10 2.08333e+10 2.08333e+10 
0.0143924 0.00422599 0.0187596 0.00587755 0.0176545 0.00840994 0 0 0 0 0 0 1.04167e+10 1.04167e+10 1.04167e+10 
0.0143924 0.00422599 0.00913545 0.00406737 0.01 0 0 0 0 0 0 0 2.08333e+10 2.08333e+10 2.08333e+10 
0.0143924 0.00422599 0.01 0 0.015 0 0 0 0 0 0 0 2.08333e+10 2.08333e+10 2.08333e+10 
-0.00566312 0.0041145 -0.0035 0.00606218 -0.005 0.00866025 0 0 0 0 0 0 2.08333e+10 2.08333e+10 2.08333e+10 
-0.00909091 -0.02 -0.00753596 -0.0158759 -0.0101243 -0.0169135 0 0 0 0 0 0 1.04167e+10 1.04167e+10 1.04167e+10 
-0.0127697 -0.0129074 -0.0126188 -0.00810961 -0.0149031 -0.00935917 0 0 0 0 0 0 1.04167e+10 1.04167e+10 1.04167e+10 
-0.0127697 -0.0129074 -0.00982291 -0.0113362 -0.0126188 -0.00810961 0 0 0 0 0 0 1.04167e+10 1.04167e+10 1.04167e+10 
-0.0127697 -0.0129074 -0.0149031 -0.00935917 -0.0164414 -0.0121742 0 0 0 0 0 0 1.04167e+10 1.04167e+10 1.04167e+10 
-0.0127697 -0.0129074 -0.0101243 -0.0169135 -0.00982291 -0.0113362 0 0 0 0 0 0 1.04167e+10 1.04167e+10 1.04167e+10 
0.0126188 0.00810961 0.0143924 0.00422599 0.0176545 0.00840994 0 0 0 0 0 0 1.04167e+10 1.04167e+10 1.04167e+10 
0.0126188 0.00810961 0.00913545 0.00406737 0.0143924 0.00422599 0 0 0 0 0 0 2.08333e+10 2.08333e+10 2.08333e+10 
0.00309017 -0.00951057 0.00213472 -0.0148473 0.00623123 -0.0136445 0 0 0 0 0 0 2.08333e+10 2.08333e+10 2.08333e+10 
0.00309017 -0.00951057 0.00216312 -0.0066574 -0.000731699 -0.00696165 0 0 0 0 0 0 2.08333e+10 2.08333e+10 2.08333e+10 
0.00309017 -0.00951057 0.00669131 -0.00743145 0.00216312 -0.0066574 0 0 0 0 0 0 2.08333e+10 2.08333e+10 2.08333e+10 
0.00309017 -0.00951057 0.00623123 -0.0136445 0.00669131 -0.00743145 0 0 0 0 0 0 2.08333e+10 2.08333e+10 2.08333e+10 
-0.000557688 0.0169655 -0.00426684 0.017137 -0.00213472 0.0148473 0 0 0 0 0 0 1.04167e+10 1.04167e+10 1.04167e+10 
-0.000557688 0.0169655 -0.00181818 0.02 -0.00426684 0.017137 0 0 0 0 0 0 1.04167e+10 1.04167e+10 1.04167e+10 
-0.000557688 0.0169655 0.00181818 0.02 -0.00181818 0.02 0 0 0 0 0 0 1.04167e+10 1.04167e+10 1.04167e+10 
0.0111922 -0.0159686 0.00813133 -0.0156069 0.00909091 -0.02 0 0 0 0 0 0 1.04167e+10 1.04167e+10 1.04167e+10 
0.0111922 -0.0159686 0.0127273 -0.02 0.0139302 -0.0161691 0 0 0 0 0 0 1.04167e+10 1.04167e+10 1.04167e+10 
0.0111922 -0.0159686 0.00909091 -0.02 0.0127273 -0.02 0 0 0 0 0 0 1.04167e+10 1.04167e+10 1.04167e+10 
0.0163636 -0.02 0.02 -0.02 0.0173387 -0.0168311 0 0 0 0 0 0 1.04167e+10 1.04167e+10 1.04167e+10 
0.0163636 -0.02 0.0173387 -0.0168311 0.0139302 -0.0161691 0 0 0 0 0 0 1.04167e+10 1.04167e+10 1.04167e+10 
0.0163636 -0.02 0.0139302 -0.0161691 0.0127273 -0.02 0 0 0 0 0 0 1.04167e+10 1.04167e+10 1.04167e+10 
-0.00623123 0.0136445 -0.00213472 0.0148473 -0.00426684 0.017137 0 0 0 0 0 0 1.04167e+10 1.04167e+10 1.04167e+10 
-0.00623123 0.0136445 -0.00982291 0.0113362 -0.005 0.00866025 0 0 0 0 0 0 2.08333e+10 2.08333e+10 2.08333e+10 
0.00639482 -0.00284716 0.00468391 -0.00520201 0.00913545 -0.00406737 0 0 0 0 0 0 2.08333e+10 2.08333e+10 2.08333e+10 
0.00639482 -0.00284716 0.00913545 -0.00406737 0.007 0 0 0 0 0 0 0 2.08333e+10 2.08333e+10 2.08333e+10 
0.00639482 -0.00284716 0.00283156 -0.00205725 0.00468391 -0.00520201 0 0 0 0 0 0 3.125e+10 3.125e+10 3.125e+10 
0.00639482 -0.00284716 0.007 0 0.0035 0 0 0 0 0 0 0 3.125e+10 3.125e+10 3.125e+10 
0.00639482 -0.00284716 0.0035 0 0.00283156 -0.00205725 0 0 0 0 0 0 3.125e+10 3.125e+10 3.125e+10 
0.0129318 -0.0122339 0.0169941 -0.0122365 0.0126188 -0.00810961 0 0 0 0 0 0 1.04167e+10 1.04167e+10 1.04167e+10 
0.0129318 -0.0122339 0.0139302 -0.0161691 0.0169941 -0.0122365 0 0 0 0 0 0 1.04167e+10 1.04167e+10 1.04167e+10 
0.0129318 -0.0122339 0.0111922 -0.0159686 0.0139302 -0.0161691 0 0 0 0 0 0 1.04167e+10 1.04167e+10 1.04167e+10 
-0.00809017 0.00587785 -0.00982291 0.0113362 -0.0126188 0.00810961 0 0 0 0 0 0 2.08333e+10 2.08333e+10 2.08333e+10 
-0.00809017 0.00587785 -0.005 0.00866025 -0.00982291 0.0113362 0 0 0 0 0 0 2.08333e+10 2.08333e+10 2.08333e+10 
-0.00809017 0.00587785 -0.00566312 0.0041145 -0.005 0.00866025 0 0 0 0 0 0 2.08333e+10 2.08333e+10 2.08333e+10 
-0.00809017 0.00587785 -0.0126188 0.00810961 -0.0143924 0.00422599 0 0 0 0 0 0 2.08333e+10 2.08333e+10 2.08333e+10 
-0.0154972 0.00994074 -0.0126188 0.00810961 -0.0138354 0.0119497 0 0 0 0 0 0 1.04167e+10 1.04167e+10 1.04167e+10 
-0.0154972 0.00994074 -0.0178101 0.00524216 -0.0143924 0.00422599 0 0 0 0 0 0 1.04167e+10 1.04167e+10 1.04167e+10 
-0.0154972 0.00994074 -0.0143924 0.00422599 -0.0126188 0.00810961 0 0 0 0 0 0 1.04167e+10 1.04167e+10 1.04167e+10 
-0.00283156 0.00205725 -0.0035 4.28626e-19 0 0 0 0 0 0 0 0 3.125e+10 3.125e+10 3.125e+10 
-0.00283156 0.00205725 -0.0035 0.00606218 -0.00566312 0.0041145 0 0 0 0 0 0 3.125e+10 3.125e+10 3.125e+10 
-0.0172404 0.0119165 -0.0154972 0.00994074 -0.0138354 0.0119497 0 0 0 0 0 0 1.04167e+10 1.04167e+10 1.04167e+10 
0.02 -0.00909091 0.0189495 -0.00845287 0.0169941 -0.0122365 0 0 0 0 0 0 1.04167e+10 1.04167e+10 1.04167e+10 
0.02 -0.00909091 0.0169941 -0.0122365 0.02 -0.0127273 0 0 0 0 0 0 1.04167e+10 1.04167e+10 1.04167e+10 
0.00108156 0.0033287 0.00216312 0.0066574 -0.000731699 0.00696165 0 0 0 0 0 0 3.125e+10 3.125e+10 3.125e+10 
0.00108156 0.0033287 0 0 0.00283156 0.00205725 0 0 0 0 0 0 3.125e+10 3.125e+10 3.125e+10 
0.00108156 0.0033287 0.00468391 0.00520201 0.00216312 0.0066574 0 0 0 0 0 0 3.125e+10 3.125e+10 3.125e+10 
0.00108156 0.0033287 0.00283156 0.00205725 0.00468391 0.00520201 0 0 0 0 0 0 3.125e+10 3.125e+10 3.125e+10 
0.00342688 -0.0163393 0.00623123 -0.0136445 0.00213472 -0.0148473 0 0 0 0 0 0 1.04167e+10 1.04167e+10 1.04167e+10 
0.00342688 -0.0163393 0.00545455 -0.02 0.00813133 -0.0156069 0 0 0 0 0 0 1.04167e+10 1.04167e+10 1.04167e+10 
0.00342688 -0.0163393 0.00813133 -0.0156069 0.00623123 -0.0136445 0 0 0 0 0 0 1.04167e+10 1.04167e+10 1.04167e+10 
0.0178268 0.0026091 0.0187596 0.00587755 0.0143924 0.00422599 0 0 0 0 0 0 1.04167e+10 1.04167e+10 1.04167e+10 
0.0178268 0.0026091 0.0143924 0.00422599 0.015 0 0 0 0 0 0 0 1.04167e+10 1.04167e+10 1.04167e+10 
0.0178268 0.0026091 0.02 0.00545455 0.0187596 0.00587755 0 0 0 0 0 0 1.04167e+10 1.04167e+10 1.04167e+10 
-0.00684703 0.00145538 -0.00566312 0.0041145 -0.00809017 0.00587785 0 0 0 0 0 0 2.08333e+10 2.08333e+10 2.08333e+10 
-0.00684703 0.00145538 -0.0035 4.28626e-19 -0.00283156 0.00205725 0 0 0 0 0 0 3.125e+10 3.125e+10 3.125e+10 
-0.00684703 0.00145538 -0.00283156 0.00205725 -0.00566312 0.0041145 0 0 0 0 0 0 3.125e+10 3.125e+10 3.125e+10 
0.00213472 0.0148473 -0.000557688 0.0169655 -0.00213472 0.0148473 0 0 0 0 0 0 1.04167e+10 1.04167e+10 1.04167e+10 
0.00108156 -0.0033287 -0.00108156 -0.0033287 -0.000731699 -0.00696165 0 0 0 0 0 0 3.125e+10 3.125e+10 3.125e+10 
0.00108156 -0.0033287 -0.000731699 -0.00696165 0.00216312 -0.0066574 0 0 0 0 0 0 3.125e+10 3.125e+10 3.125e+10 
0.00108156 -0.0033287 0.00216312 -0.0066574 0.00468391 -0.00520201 0 0 0 0 0 0 3.125e+10 3.125e+10 3.125e+10 
0.00108156 -0.0033287 0.00468391 -0.00520201 0.00283156 -0.00205725 0 0 0 0 0 0 3.125e+10 3.125e+10 3.125e+10 
0.00108156 -0.0033287 0 0 -0.00108156 -0.0033287 0 0 0 0 0 0 3.125e+10 3.125e+10 3.125e+10 
0.00108156 -0.0033287 0.00283156 -0.00205725 0 0 0 0 0 0 0 0 3.125e+10 3.125e+10 3.125e+10 
-0.00684703 -0.00145538 -0.00283156 -0.00205725 -0.0035 4.28626e-19 0 0 0 0 0 0 3.125e+10 3.125e+10 3.125e+10 
-0.00684703 -0.00145538 -0.00566312 -0.0041145 -0.00283156 -0.00205725 0 0 0 0 0 0 3.125e+10 3.125e+10 3.125e+10 
-0.00684703 -0.00145538 -0.00809017 -0.00587785 -0.00566312 -0.0041145 0 0 0 0 0 0 2.08333e+10 2.08333e+10 2.08333e+10 
-0.00684703 -0.00145538 -0.0035 4.28626e-19 -0.00684703 0.00145538 0 0 0 0 0 0 3.125e+10 3.125e+10 3.125e+10 
0.00309017 0.00951057 0.00216312 0.0066574 0.00468391 0.00520201 0 0 0 0 0 0 2.08333e+10 2.08333e+10 2.08333e+10 
0.00309017 0.00951057 0.00623123 0.0136445 0.00213472 0.0148473 0 0 0 0 0 0 2.08333e+10 2.08333e+10 2.08333e+10 
0.00309017 0.00951057 -0.000731699 0.00696165 0.00216312 0.0066574 0 0 0 0 0 0 2.08333e+10 2.08333e+10 2.08333e+10 
-0.0139944 -0.015821 -0.0175269 -0.0165557 -0.0163636 -0.02 0 0 0 0 0 0 1.04167e+10 1.04167e+10 1.04167e+10 
-0.0139944 -0.015821 -0.0101243 -0.0169135 -0.0127697 -0.0129074 0 0 0 0 0 0 1.04167e+10 1.04167e+10 1.04167e+10 
-0.0139944 -0.015821 -0.0164414 -0.0121742 -0.0175269 -0.0165557 0 0 0 0 0 0 1.04167e+10 1.04167e+10 1.04167e+10 
-0.0139944 -0.015821 -0.0127697 -0.0129074 -0.0164414 -0.0121742 0 0 0 0 0 0 1.04167e+10 1.04167e+10 1.04167e+10 
-0.00978148 -0.00207912 -0.00809017 -0.00587785 -0.00684703 -0.00145538 0 0 0 0 0 0 2.08333e+10 2.08333e+10 2.08333e+10 
-0.00978148 -0.00207912 -0.00684703 -0.00145538 -0.00684703 0.00145538 0 0 0 0 0 0 2.08333e+10 2.08333e+10 2.08333e+10 
-0.00104528 0.00994522 -0.005 0.00866025 -0.000731699 0.00696165 0 0 0 0 0 0 2.08333e+10 2.08333e+10 2.08333e+10 
-0.00104528 0.00994522 -0.00213472 0.0148473 -0.00623123 0.0136445 0 0 0 0 0 0 2.08333e+10 2.08333e+10 2.08333e+10 
-0.00104528 0.00994522 -0.00623123 0.0136445 -0.005 0.00866025 0 0 0 0 0 0 2.08333e+10 2.08333e+10 2.08333e+10 
-0.00104528 0.00994522 -0.000731699 0.00696165 0.00309017 0.00951057 0 0 0 0 0 0 2.08333e+10 2.08333e+10 2.08333e+10 
-0.00104528 0.00994522 0.00213472 0.0148473 -0.00213472 0.0148473 0 0 0 0 0 0 2.08333e+10 2.08333e+10 2.08333e+10 
-0.00104528 0.00994522 0.00309017 0.00951057 0.00213472 0.0148473 0 0 0 0 0 0 2.08333e+10 2.08333e+10 2.08333e+10 
-0.0175469 -0.00212666 -0.015 1.83697e-18 -0.02 0.00181818 0 0 0 0 0 0 1.04167e+10 1.04167e+10 1.04167e+10 
-0.0175469 -0.00212666 -0.02 0.00181818 -0.02 -0.00181818 0 0 0 0 0 0 1.04167e+10 1.04167e+10 1.04167e+10 
-0.0117743 0.0134965 -0.0138354 0.0119497 -0.00982291 0.0113362 0 0 0 0 0 0 1.04167e+10 1.04167e+10 1.04167e+10 
-0.00104528 -0.00994522 -0.00623123 -0.0136445 -0.00213472 -0.0148473 0 0 0 0 0 0 2.08333e+10 2.08333e+10 2.08333e+10 
-0.00104528 -0.00994522 -0.000731699 -0.00696165 -0.0035 -0.00606218 0 0 0 0 0 0 2.08333e+10 2.08333e+10 2.08333e+10 
-0.00104528 -0.00994522 0.00309017 -0.00951057 -0.000731699 -0.00696165 0 0 0 0 0 0 2.08333e+10 2.08333e+10 2.08333e+10 
-0.00104528 -0.00994522 -0.00213472 -0.0148473 0.00213472 -0.0148473 0 0 0 0 0 0 2.08333e+10 2.08333e+10 2.08333e+10 
-0.00104528 -0.00994522 0.00213472 -0.0148473 0.00309017 -0.00951057 0 0 0 0 0 0 2.08333e+10 2.08333e+10 2.08333e+10 
0.02 -0.00545455 0.0189495 -0.00845287 0.02 -0.00909091 0 0 0 0 0 0 1.04167e+10 1.04167e+10 1.04167e+10 
-0.02 0.00909091 -0.02 0.00545455 -0.0178101 0.00524216 0 0 0 0 0 0 1.04167e+10 1.04167e+10 1.04167e+10 
-0.02 0.00909091 -0.0178101 0.00524216 -0.0154972 0.00994074 0 0 0 0 0 0 1.04167e+10 1.04167e+10 1.04167e+10 
-0.02 0.00909091 -0.0172404 0.0119165 -0.02 0.0127273 0 0 0 0 0 0 1.04167e+10 1.04167e+10 1.04167e+10 
-0.02 0.00909091 -0.0154972 0.00994074 -0.0172404 0.0119165 0 0 0 0 0 0 1.04167e+10 1.04167e+10 1.04167e+10 
-0.00978148 0.00207912 -0.00809017 0.00587785 -0.0143924 0.00422599 0 0 0 0 0 0 2.08333e+10 2.08333e+10 2.08333e+10 
-0.00978148 0.00207912 -0.00684703 0.00145538 -0.00809017 0.00587785 0 0 0 0 0 0 2.08333e+10 2.08333e+10 2.08333e+10 
-0.00978148 0.00207912 -0.0143924 0.00422599 -0.015 1.83697e-18 0 0 0 0 0 0 2.08333e+10 2.08333e+10 2.08333e+10 
-0.00978148 0.00207912 -0.015 1.83697e-18 -0.00978148 -0.00207912 0 0 0 0 0 0 2.08333e+10 2.08333e+10 2.08333e+10 
-0.00978148 0.00207912 -0.00978148 -0.00207912 -0.00684703 0.00145538 0 0 0 0 0 0 2.08333e+10 2.08333e+10 2.08333e+10 
0.0175776 -0.00112534 0.015 0 0.0143924 -0.00422599 0 0 0 0 0 0 1.04167e+10 1.04167e+10 1.04167e+10 
0.0175776 -0.00112534 0.0178268 0.0026091 0.015 0 0 0 0 0 0 0 1.04167e+10 1.04167e+10 1.04167e+10 
-0.02 -0.00545455 -0.0183269 -0.00837904 -0.0162061 -0.00538225 0 0 0 0 0 0 1.04167e+10 1.04167e+10 1.04167e+10 
-0.02 -0.00545455 -0.02 -0.00909091 -0.0183269 -0.00837904 0 0 0 0 0 0 1.04167e+10 1.04167e+10 1.04167e+10 
-0.02 -0.00545455 -0.0162061 -0.00538225 -0.0175469 -0.00212666 0 0 0 0 0 0 1.04167e+10 1.04167e+10 1.04167e+10 
-0.02 -0.00545455 -0.0175469 -0.00212666 -0.02 -0.00181818 0 0 0 0 0 0 1.04167e+10 1.04167e+10 1.04167e+10 
-0.005 -0.00866025 -0.0035 -0.00606218 -0.00809017 -0.00587785 0 0 0 0 0 0 2.08333e+10 2.08333e+10 2.08333e+10 
-0.005 -0.00866025 -0.00982291 -0.0113362 -0.00623123 -0.0136445 0 0 0 0 0 0 2.08333e+10 2.08333e+10 2.08333e+10 
-0.005 -0.00866025 -0.00809017 -0.00587785 -0.00982291 -0.0113362 0 0 0 0 0 0 2.08333e+10 2.08333e+10 2.08333e+10 
-0.005 -0.00866025 -0.00623123 -0.0136445 -0.00104528 -0.00994522 0 0 0 0 0 0 2.08333e+10 2.08333e+10 2.08333e+10 
-0.005 -0.00866025 -0.00104528 -0.00994522 -0.0035 -0.00606218 0 0 0 0 0 0 2.08333e+10 2.08333e+10 2.08333e+10 
-0.0127273 -0.02 -0.00909091 -0.02 -0.0101243 -0.0169135 0 0 0 0 0 0 1.04167e+10 1.04167e+10 1.04167e+10 
-0.0127273 -0.02 -0.0139944 -0.015821 -0.0163636 -0.02 0 0 0 0 0 0 1.04167e+10 1.04167e+10 1.04167e+10 
-0.0127273 -0.02 -0.0101243 -0.0169135 -0.0139944 -0.015821 0 0 0 0 0 0 1.04167e+10 1.04167e+10 1.04167e+10 
0.0168366 -0.0047635 0.0126188 -0.00810961 0.0189495 -0.00845287 0 0 0 0 0 0 1.04167e+10 1.04167e+10 1.04167e+10 
0.0168366 -0.0047635 0.0143924 -0.00422599 0.0126188 -0.00810961 0 0 0 0 0 0 1.04167e+10 1.04167e+10 1.04167e+10 
0.0168366 -0.0047635 0.0189495 -0.00845287 0.02 -0.00545455 0 0 0 0 0 0 1.04167e+10 1.04167e+10 1.04167e+10 
0.0168366 -0.0047635 0.0175776 -0.00112534 0.0143924 -0.00422599 0 0 0 0 0 0 1.04167e+10 1.04167e+10 1.04167e+10 
0.0168366 -0.0047635 0.02 -0.00545455 0.02 -0.00181818 0 0 0 0 0 0 1.04167e+10 1.04167e+10 1.04167e+10 
0.0168366 -0.0047635 0.02 -0.00181818 0.0175776 -0.00112534 0 0 0 0 0 0 1.04167e+10 1.04167e+10 1.04167e+10 
0.00545455 0.02 0.00676976 0.0172429 0.00909091 0.02 0 0 0 0 0 0 1.04167e+10 1.04167e+10 1.04167e+10 
0.00669131 0.00743145 0.00468391 0.00520201 0.00913545 0.00406737 0 0 0 0 0 0 2.08333e+10 2.08333e+10 2.08333e+10 
0.00669131 0.00743145 0.0126188 0.00810961 0.00982291 0.0113362 0 0 0 0 0 0 2.08333e+10 2.08333e+10 2.08333e+10 
0.00669131 0.00743145 0.00913545 0.00406737 0.0126188 0.00810961 0 0 0 0 0 0 2.08333e+10 2.08333e+10 2.08333e+10 
0.00669131 0.00743145 0.00309017 0.00951057 0.00468391 0.00520201 0 0 0 0 0 0 2.08333e+10 2.08333e+10 2.08333e+10 
0.00669131 0.00743145 0.00982291 0.0113362 0.00623123 0.0136445 0 0 0 0 0 0 2.08333e+10 2.08333e+10 2.08333e+10 
0.00669131 0.00743145 0.00623123 0.0136445 0.00309017 0.00951057 0 0 0 0 0 0 2.08333e+10 2.08333e+10 2.08333e+10 
0.02 0.00181818 0.02 0.00545455 0.0178268 0.0026091 0 0 0 0 0 0 1.04167e+10 1.04167e+10 1.04167e+10 
0.02 0.00181818 0.0178268 0.0026091 0.0175776 -0.00112534 0 0 0 0 0 0 1.04167e+10 1.04167e+10 1.04167e+10 
0.02 0.00181818 0.0175776 -0.00112534 0.02 -0.00181818 0 0 0 0 0 0 1.04167e+10 1.04167e+10 1.04167e+10 
-0.00545455 0.02 -0.00426684 0.017137 -0.00181818 0.02 0 0 0 0 0 0 1.04167e+10 1.04167e+10 1.04167e+10 
-0.02 0.0163636 -0.0163636 0.02 -0.02 0.02 0 0 0 0 0 0 1.04167e+10 1.04167e+10 1.04167e+10 
-0.02 0.0163636 -0.02 0.0127273 -0.0172404 0.0119165 0 0 0 0 0 0 1.04167e+10 1.04167e+10 1.04167e+10 
0.02 0.0163636 0.0176526 0.0155945 0.0178624 0.0136222 0 0 0 0 0 0 1.04167e+10 1.04167e+10 1.04167e+10 
0.02 0.0163636 0.02 0.02 0.0163636 0.02 0 0 0 0 0 0 1.04167e+10 1.04167e+10 1.04167e+10 
0.02 0.0163636 0.0163636 0.02 0.0176526 0.0155945 0 0 0 0 0 0 1.04167e+10 1.04167e+10 1.04167e+10 
-0.0143924 -0.00422599 -0.00978148 -0.00207912 -0.015 1.83697e-18 0 0 0 0 0 0 2.08333e+10 2.08333e+10 2.08333e+10 
-0.0143924 -0.00422599 -0.0162061 -0.00538225 -0.0126188 -0.00810961 0 0 0 0 0 0 1.04167e+10 1.04167e+10 1.04167e+10 
-0.0143924 -0.00422599 -0.0126188 -0.00810961 -0.00809017 -0.00587785 0 0 0 0 0 0 2.08333e+10 2.08333e+10 2.08333e+10 
-0.0143924 -0.00422599 -0.00809017 -0.00587785 -0.00978148 -0.00207912 0 0 0 0 0 0 2.08333e+10 2.08333e+10 2.08333e+10 
-0.0143924 -0.00422599 -0.015 1.83697e-18 -0.0175469 -0.00212666 0 0 0 0 0 0 1.04167e+10 1.04167e+10 1.04167e+10 
-0.0143924 -0.00422599 -0.0175469 -0.00212666 -0.0162061 -0.00538225 0 0 0 0 0 0 1.04167e+10 1.04167e+10 1.04167e+10 
0.00181818 -0.02 0.00213472 -0.0148473 -0.00181818 -0.02 0 0 0 0 0 0 1.04167e+10 1.04167e+10 1.04167e+10 
0.00181818 -0.02 0.00342688 -0.0163393 0.00213472 -0.0148473 0 0 0 0 0 0 1.04167e+10 1.04167e+10 1.04167e+10 
0.00181818 -0.02 0.00545455 -0.02 0.00342688 -0.0163393 0 0 0 0 0 0 1.04167e+10 1.04167e+10 1.04167e+10 
0.0032717 0.0168069 0.00181818 0.02 -0.000557688 0.0169655 0 0 0 0 0 0 1.04167e+10 1.04167e+10 1.04167e+10 
0.0032717 0.0168069 -0.000557688 0.0169655 0.00213472 0.0148473 0 0 0 0 0 0 1.04167e+10 1.04167e+10 1.04167e+10 
0.0032717 0.0168069 0.00623123 0.0136445 0.00676976 0.0172429 0 0 0 0 0 0 1.04167e+10 1.04167e+10 1.04167e+10 
0.0032717 0.0168069 0.00213472 0.0148473 0.00623123 0.0136445 0 0 0 0 0 0 1.04167e+10 1.04167e+10 1.04167e+10 
0.0032717 0.0168069 0.00545455 0.02 0.00181818 0.02 0 0 0 0 0 0 1.04167e+10 1.04167e+10 1.04167e+10 
0.0032717 0.0168069 0.00676976 0.0172429 0.00545455 0.02 0 0 0 0 0 0 1.04167e+10 1.04167e+10 1.04167e+10 
-0.00545455 -0.02 -0.00400405 -0.0162655 -0.00753596 -0.0158759 0 0 0 0 0 0 1.04167e+10 1.04167e+10 1.04167e+10 
-0.00545455 -0.02 -0.00753596 -0.0158759 -0.00909091 -0.02 0 0 0 0 0 0 1.04167e+10 1.04167e+10 1.04167e+10 
-0.00545455 -0.02 -0.00181818 -0.02 -0.00400405 -0.0162655 0 0 0 0 0 0 1.04167e+10 1.04167e+10 1.04167e+10 
-0.00108156 0.0033287 -0.000731699 0.00696165 -0.0035 0.00606218 0 0 0 0 0 0 3.125e+10 3.125e+10 3.125e+10 
-0.00108156 0.0033287 -0.0035 0.00606218 -0.00283156 0.00205725 0 0 0 0 0 0 3.125e+10 3.125e+10 3.125e+10 
-0.00108156 0.0033287 -0.00283156 0.00205725 0 0 0 0 0 0 0 0 3.125e+10 3.125e+10 3.125e+10 
-0.00108156 0.0033287 0 0 0.00108156 0.0033287 0 0 0 0 0 0 3.125e+10 3.125e+10 3.125e+10 
-0.00108156 0.0033287 0.00108156 0.0033287 -0.000731699 0.00696165 0 0 0 0 0 0 3.125e+10 3.125e+10 3.125e+10 
-0.00935378 0.0168142 -0.00623123 0.0136445 -0.00426684 0.017137 0 0 0 0 0 0 1.04167e+10 1.04167e+10 1.04167e+10 
-0.00935378 0.0168142 -0.00426684 0.017137 -0.00545455 0.02 0 0 0 0 0 0 1.04167e+10 1.04167e+10 1.04167e+10 
-0.00935378 0.0168142 -0.0116949 0.016598 -0.0117743 0.0134965 0 0 0 0 0 0 1.04167e+10 1.04167e+10 1.04167e+10 
-0.00935378 0.0168142 -0.00982291 0.0113362 -0.00623123 0.0136445 0 0 0 0 0 0 1.04167e+10 1.04167e+10 1.04167e+10 
-0.00935378 0.0168142 -0.0117743 0.0134965 -0.00982291 0.0113362 0 0 0 0 0 0 1.04167e+10 1.04167e+10 1.04167e+10 
0.00982291 -0.0113362 0.0126188 -0.00810961 0.00669131 -0.00743145 0 0 0 0 0 0 2.08333e+10 2.08333e+10 2.08333e+10 
0.00982291 -0.0113362 0.0129318 -0.0122339 0.0126188 -0.00810961 0 0 0 0 0 0 1.04167e+10 1.04167e+10 1.04167e+10 
0.00982291 -0.0113362 0.00669131 -0.00743145 0.00623123 -0.0136445 0 0 0 0 0 0 2.08333e+10 2.08333e+10 2.08333e+10 
0.00982291 -0.0113362 0.00623123 -0.0136445 0.00813133 -0.0156069 0 0 0 0 0 0 1.04167e+10 1.04167e+10 1.04167e+10 
0.00982291 -0.0113362 0.00813133 -0.0156069 0.0111922 -0.0159686 0 0 0 0 0 0 1.04167e+10 1.04167e+10 1.04167e+10 
0.00982291 -0.0113362 0.0111922 -0.0159686 0.0129318 -0.0122339 0 0 0 0 0 0 1.04167e+10 1.04167e+10 1.04167e+10 
-0.00909091 0.02 -0.0127273 0.02 -0.0116949 0.016598 0 0 0 0 0 0 1.04167e+10 1.04167e+10 1.04167e+10 
-0.00909091 0.02 -0.0116949 0.016598 -0.00935378 0.0168142 0 0 0 0 0 0 1.04167e+10 1.04167e+10 1.04167e+10 
-0.00909091 0.02 -0.00935378 0.0168142 -0.00545455 0.02 0 0 0 0 0 0 1.04167e+10 1.04167e+10 1.04167e+10 
0.0146378 0.0131951 0.0176545 0.00840994 0.0178624 0.0136222 0 0 0 0 0 0 1.04167e+10 1.04167e+10 1.04167e+10 
0.0146378 0.0131951 0.0126188 0.00810961 0.0176545 0.00840994 0 0 0 0 0 0 1.04167e+10 1.04167e+10 1.04167e+10 
0.0146378 0.0131951 0.00982291 0.0113362 0.0126188 0.00810961 0 0 0 0 0 0 1.04167e+10 1.04167e+10 1.04167e+10 
0.0146378 0.0131951 0.0176526 0.0155945 0.0126981 0.0169637 0 0 0 0 0 0 1.04167e+10 1.04167e+10 1.04167e+10 
0.0146378 0.0131951 0.0178624 0.0136222 0.0176526 0.0155945 0 0 0 0 0 0 1.04167e+10 1.04167e+10 1.04167e+10 
0.00997615 0.0163587 0.0126981 0.0169637 0.0127273 0.02 0 0 0 0 0 0 1.04167e+10 1.04167e+10 1.04167e+10 
0.00997615 0.0163587 0.0127273 0.02 0.00909091 0.02 0 0 0 0 0 0 1.04167e+10 1.04167e+10 1.04167e+10 
0.00997615 0.0163587 0.00909091 0.02 0.00676976 0.0172429 0 0 0 0 0 0 1.04167e+10 1.04167e+10 1.04167e+10 
0.00997615 0.0163587 0.00623123 0.0136445 0.00982291 0.0113362 0 0 0 0 0 0 1.04167e+10 1.04167e+10 1.04167e+10 
0.00997615 0.0163587 0.00676976 0.0172429 0.00623123 0.0136445 0 0 0 0 0 0 1.04167e+10 1.04167e+10 1.04167e+10 
0.00997615 0.0163587 0.00982291 0.0113362 0.0146378 0.0131951 0 0 0 0 0 0 1.04167e+10 1.04167e+10 1.04167e+10 
0.00997615 0.0163587 0.0146378 0.0131951 0.0126981 0.0169637 0 0 0 0 0 0 1.04167e+10 1.04167e+10 1.04167e+10 
0.02 0.00909091 0.0176545 0.00840994 0.0187596 0.00587755 0 0 0 0 0 0 1.04167e+10 1.04167e+10 1.04167e+10 
0.02 0.00909091 0.0187596 0.00587755 0.02 0.00545455 0 0 0 0 0 0 1.04167e+10 1.04167e+10 1.04167e+10 
-0.0156419 0.0170502 -0.0127273 0.02 -0.0163636 0.02 0 0 0 0 0 0 1.04167e+10 1.04167e+10 1.04167e+10 
-0.0156419 0.0170502 -0.0116949 0.016598 -0.0127273 0.02 0 0 0 0 0 0 1.04167e+10 1.04167e+10 1.04167e+10 
-0.0156419 0.0170502 -0.0172404 0.0119165 -0.0138354 0.0119497 0 0 0 0 0 0 1.04167e+10 1.04167e+10 1.04167e+10 
-0.0156419 0.0170502 -0.0163636 0.02 -0.02 0.0163636 0 0 0 0 0 0 1.04167e+10 1.04167e+10 1.04167e+10 
-0.0156419 0.0170502 -0.02 0.0163636 -0.0172404 0.0119165 0 0 0 0 0 0 1.04167e+10 1.04167e+10 1.04167e+10 
-0.0156419 0.0170502 -0.0138354 0.0119497 -0.0117743 0.0134965 0 0 0 0 0 0 1.04167e+10 1.04167e+10 1.04167e+10 
-0.0156419 0.0170502 -0.0117743 0.0134965 -0.0116949 0.016598 0 0 0 0 0 0 1.04167e+10 1.04167e+10 1.04167e+10 
0.02 0.0127273 0.0178624 0.0136222 0.0176545 0.00840994 0 0 0 0 0 0 1.04167e+10 1.04167e+10 1.04167e+10 
0.02 0.0127273 0.0176545 0.00840994 0.02 0.00909091 0 0 0 0 0 0 1.04167e+10 1.04167e+10 1.04167e+10 
0.02 0.0127273 0.02 0.0163636 0.0178624 0.0136222 0 0 0 0 0 0 1.04167e+10 1.04167e+10 1.04167e+10 
