TRIANGLES
832
3
3
0.00490505 0.0116049 0.00606868 0.0134162 0.00361377 0.0136581 0 0 0 0 0 0 2.60417e+10 2.60417e+10 2.60417e+10 
0.0103159 0.00713391 0.00865365 0.00465166 0.0106603 0.00470824 0 0 0 0 0 0 2.60417e+10 2.60417e+10 2.60417e+10 
-0.02 -0.0056 -0.0175505 -0.00507936 -0.02 -0.004 0 0 0 0 0 0 1.04167e+10 1.04167e+10 1.04167e+10 
-0.00459694 0.0113143 -0.00491774 0.0130296 -0.0057082 0.0120534 0 0 0 0 0 0 2.60417e+10 2.60417e+10 2.60417e+10 
0.00820435 0.00702515 0.00865365 0.00465166 0.0103159 0.00713391 0 0 0 0 0 0 2.60417e+10 2.60417e+10 2.60417e+10 
0.0188438 0.0125262 0.0182479 0.00968157 0.02 0.0104 0 0 0 0 0 0 1.04167e+10 1.04167e+10 1.04167e+10 
0.00313298 -0.0130623 0.00477799 -0.0125882 0.00367614 -0.0113447 0 0 0 0 0 0 2.08333e+10 2.08333e+10 2.08333e+10 
-0.0177527 -0.0033525 -0.02 -0.004 -0.0175505 -0.00507936 0 0 0 0 0 0 1.04167e+10 1.04167e+10 1.04167e+10 
0.00911856 0.00927139 0.00662849 0.00885601 0.00820435 0.00702515 0 0 0 0 0 0 2.60417e+10 2.60417e+10 2.60417e+10 
0.00911856 0.00927139 0.00820435 0.00702515 0.0103159 0.00713391 0 0 0 0 0 0 2.60417e+10 2.60417e+10 2.60417e+10 
-0.0184 -0.02 -0.02 -0.0184 -0.02 -0.02 0 0 0 0 0 0 1.04167e+10 1.04167e+10 1.04167e+10 
0.0126109 -0.00964405 0.011412 -0.00709102 0.0104494 -0.0100731 0 0 0 0 0 0 1.04167e+10 1.04167e+10 1.04167e+10 
0.0141274 0.00165134 0.0154127 0.0012918 0.0157378 0.00250506 0 0 0 0 0 0 2.60417e+10 2.60417e+10 2.60417e+10 
0.0141274 0.00165134 0.0149625 0.00011916 0.0154127 0.0012918 0 0 0 0 0 0 2.60417e+10 2.60417e+10 2.60417e+10 
0.0145266 0.00327684 0.0157378 0.00250506 0.0159343 0.00374566 0 0 0 0 0 0 2.60417e+10 2.60417e+10 2.60417e+10 
0.0145266 0.00327684 0.0159343 0.00374566 0.0146665 0.00494478 0 0 0 0 0 0 2.60417e+10 2.60417e+10 2.60417e+10 
0.0145266 0.00327684 0.0146665 0.00494478 0.0126249 0.00415012 0 0 0 0 0 0 2.60417e+10 2.60417e+10 2.60417e+10 
0.0145266 0.00327684 0.0126249 0.00415012 0.0141274 0.00165134 0 0 0 0 0 0 2.60417e+10 2.60417e+10 2.60417e+10 
0.0145266 0.00327684 0.0141274 0.00165134 0.0157378 0.00250506 0 0 0 0 0 0 2.60417e+10 2.60417e+10 2.60417e+10 
-0.0140665 0.0176528 -0.0147713 0.0153401 -0.0121205 0.0147111 0 0 0 0 0 0 1.04167e+10 1.04167e+10 1.04167e+10 
-0.0169441 -0.01026 -0.0155439 -0.00932041 -0.0171463 -0.00853309 0 0 0 0 0 0 2.08333e+10 2.08333e+10 2.08333e+10 
-0.0125697 -0.0126802 -0.0119483 -0.0113097 -0.0140278 -0.0118735 0 0 0 0 0 0 2.08333e+10 2.08333e+10 2.08333e+10 
-0.0113431 -0.00650176 -0.00867596 -0.00797742 -0.00924269 -0.00509244 0 0 0 0 0 0 2.08333e+10 2.08333e+10 2.08333e+10 
0.0034614 -0.0174064 0.00585176 -0.017725 0.00542275 -0.0153622 0 0 0 0 0 0 1.04167e+10 1.04167e+10 1.04167e+10 
-0.0184273 -0.0175924 -0.02 -0.0184 -0.0184 -0.02 0 0 0 0 0 0 1.04167e+10 1.04167e+10 1.04167e+10 
-0.0184273 -0.0175924 -0.0184 -0.02 -0.0168 -0.02 0 0 0 0 0 0 1.04167e+10 1.04167e+10 1.04167e+10 
-0.0184273 -0.0175924 -0.0170014 -0.0151785 -0.02 -0.0152 0 0 0 0 0 0 1.04167e+10 1.04167e+10 1.04167e+10 
0.0125186 -0.01542 0.0109746 -0.0175867 0.0134511 -0.0178423 0 0 0 0 0 0 1.04167e+10 1.04167e+10 1.04167e+10 
0.015363 -0.0153823 0.0134511 -0.0178423 0.0167116 -0.0177465 0 0 0 0 0 0 1.04167e+10 1.04167e+10 1.04167e+10 
0.015363 -0.0153823 0.0125186 -0.01542 0.0134511 -0.0178423 0 0 0 0 0 0 1.04167e+10 1.04167e+10 1.04167e+10 
0.015363 -0.0153823 0.0167116 -0.0177465 0.017671 -0.0145882 0 0 0 0 0 0 1.04167e+10 1.04167e+10 1.04167e+10 
0.0187863 -0.0172033 0.02 -0.0152 0.017671 -0.0145882 0 0 0 0 0 0 1.04167e+10 1.04167e+10 1.04167e+10 
0.0187863 -0.0172033 0.017671 -0.0145882 0.0167116 -0.0177465 0 0 0 0 0 0 1.04167e+10 1.04167e+10 1.04167e+10 
-0.00279625 0.0103779 -0.00459694 0.0113143 -0.00547887 0.00989171 0 0 0 0 0 0 2.60417e+10 2.60417e+10 2.60417e+10 
0.017896 -0.00977208 0.0187927 -0.00786905 0.0159193 -0.00781946 0 0 0 0 0 0 1.04167e+10 1.04167e+10 1.04167e+10 
0.017896 -0.00977208 0.0159193 -0.00781946 0.0150528 -0.0103272 0 0 0 0 0 0 1.04167e+10 1.04167e+10 1.04167e+10 
-0.02 0.0136 -0.02 0.012 -0.0188031 0.0120672 0 0 0 0 0 0 1.04167e+10 1.04167e+10 1.04167e+10 
-0.02 0.0136 -0.0170168 0.0148792 -0.02 0.0152 0 0 0 0 0 0 1.04167e+10 1.04167e+10 1.04167e+10 
-0.02 0.0136 -0.0188031 0.0120672 -0.0170168 0.0148792 0 0 0 0 0 0 1.04167e+10 1.04167e+10 1.04167e+10 
-0.000246544 -0.000139194 0.00137151 0.00114399 -0.000204347 0.00297485 0 0 0 0 0 0 2.60417e+10 2.60417e+10 2.60417e+10 
-0.00573573 -0.00703276 -0.00924269 -0.00509244 -0.00867596 -0.00797742 0 0 0 0 0 0 2.08333e+10 2.08333e+10 2.08333e+10 
0.0117152 0.00894801 0.00911856 0.00927139 0.0103159 0.00713391 0 0 0 0 0 0 2.60417e+10 2.60417e+10 2.60417e+10 
-0.0137461 -0.0103151 -0.0140278 -0.0118735 -0.0119483 -0.0113097 0 0 0 0 0 0 2.08333e+10 2.08333e+10 2.08333e+10 
0.0113208 0.0178671 0.012 0.02 0.0104 0.02 0 0 0 0 0 0 1.04167e+10 1.04167e+10 1.04167e+10 
-0.0096534 -0.0142938 -0.00819525 -0.0151005 -0.0083528 -0.0132991 0 0 0 0 0 0 2.08333e+10 2.08333e+10 2.08333e+10 
0.02 -0.0088 0.0187927 -0.00786905 0.017896 -0.00977208 0 0 0 0 0 0 1.04167e+10 1.04167e+10 1.04167e+10 
0.0120296 0.0139177 0.0115814 0.0125033 0.0129177 0.0130296 0 0 0 0 0 0 2.60417e+10 2.60417e+10 2.60417e+10 
0.012 -0.02 0.0136 -0.02 0.0134511 -0.0178423 0 0 0 0 0 0 1.04167e+10 1.04167e+10 1.04167e+10 
0.012 -0.02 0.0134511 -0.0178423 0.0109746 -0.0175867 0 0 0 0 0 0 1.04167e+10 1.04167e+10 1.04167e+10 
-0.0098627 -0.00989224 -0.00867596 -0.00797742 -0.0113431 -0.00650176 0 0 0 0 0 0 2.08333e+10 2.08333e+10 2.08333e+10 
-0.0098627 -0.00989224 -0.0083528 -0.0132991 -0.00628193 -0.0118734 0 0 0 0 0 0 2.08333e+10 2.08333e+10 2.08333e+10 
-0.0022904 -0.000961711 -0.0023143 -0.00359694 -0.000355985 -0.00249243 0 0 0 0 0 0 2.60417e+10 2.60417e+10 2.60417e+10 
-0.0022904 -0.000961711 -0.00358142 -0.00250332 -0.0023143 -0.00359694 0 0 0 0 0 0 2.60417e+10 2.60417e+10 2.60417e+10 
-0.0022904 -0.000961711 -0.000355985 -0.00249243 -0.000246544 -0.000139194 0 0 0 0 0 0 2.60417e+10 2.60417e+10 2.60417e+10 
0.0103143 0.0135969 0.0115814 0.0125033 0.0120296 0.0139177 0 0 0 0 0 0 2.60417e+10 2.60417e+10 2.60417e+10 
0.02 -0.0072 0.0187927 -0.00786905 0.02 -0.0088 0 0 0 0 0 0 1.04167e+10 1.04167e+10 1.04167e+10 
0.02 0.0024 0.02 0.004 0.0186259 0.00222853 0 0 0 0 0 0 1.04167e+10 1.04167e+10 1.04167e+10 
-0.00350332 0.0125814 -0.00491774 0.0130296 -0.00459694 0.0113143 0 0 0 0 0 0 2.60417e+10 2.60417e+10 2.60417e+10 
-0.00350332 0.0125814 -0.00459694 0.0113143 -0.00279625 0.0103779 0 0 0 0 0 0 2.60417e+10 2.60417e+10 2.60417e+10 
0.00722991 0.010832 0.00606868 0.0134162 0.00490505 0.0116049 0 0 0 0 0 0 2.60417e+10 2.60417e+10 2.60417e+10 
0.00722991 0.010832 0.00835598 0.0124924 0.00606868 0.0134162 0 0 0 0 0 0 2.60417e+10 2.60417e+10 2.60417e+10 
0.00722991 0.010832 0.00662849 0.00885601 0.00911856 0.00927139 0 0 0 0 0 0 2.60417e+10 2.60417e+10 2.60417e+10 
0.00722991 0.010832 0.00490505 0.0116049 0.00434834 0.00965365 0 0 0 0 0 0 2.60417e+10 2.60417e+10 2.60417e+10 
0.00722991 0.010832 0.00434834 0.00965365 0.00662849 0.00885601 0 0 0 0 0 0 2.60417e+10 2.60417e+10 2.60417e+10 
0.0107415 -0.0151322 0.0109746 -0.0175867 0.0125186 -0.01542 0 0 0 0 0 0 1.04167e+10 1.04167e+10 1.04167e+10 
0.0159417 0.0125784 0.0188438 0.0125262 0.0180102 0.0152941 0 0 0 0 0 0 1.04167e+10 1.04167e+10 1.04167e+10 
-0.0169149 0.00114021 -0.0146769 0.00105669 -0.0156728 0.0021792 0 0 0 0 0 0 2.08333e+10 2.08333e+10 2.08333e+10 
0.02 0.0136 0.02 0.0152 0.0180102 0.0152941 0 0 0 0 0 0 1.04167e+10 1.04167e+10 1.04167e+10 
0.02 0.0136 0.0180102 0.0152941 0.0188438 0.0125262 0 0 0 0 0 0 1.04167e+10 1.04167e+10 1.04167e+10 
-0.00616153 0.00175638 -0.00773777 0.00250506 -0.00741268 0.0012918 0 0 0 0 0 0 2.60417e+10 2.60417e+10 2.60417e+10 
-0.00616153 0.00175638 -0.0037152 0.00105199 -0.00451496 0.00338554 0 0 0 0 0 0 2.60417e+10 2.60417e+10 2.60417e+10 
-0.00616153 0.00175638 -0.00552901 0.000206705 -0.0037152 0.00105199 0 0 0 0 0 0 2.60417e+10 2.60417e+10 2.60417e+10 
0.0168 0.02 0.0152 0.02 0.0164481 0.0173355 0 0 0 0 0 0 1.04167e+10 1.04167e+10 1.04167e+10 
-0.000416328 -0.0125243 -0.00246256 -0.0131141 -0.00180206 -0.0144848 0 0 0 0 0 0 2.08333e+10 2.08333e+10 2.08333e+10 
-0.000416328 -0.0125243 -0.000745062 -0.0102775 -0.00246256 -0.0131141 0 0 0 0 0 0 2.08333e+10 2.08333e+10 2.08333e+10 
0.0184 -0.02 0.0187863 -0.0172033 0.0167116 -0.0177465 0 0 0 0 0 0 1.04167e+10 1.04167e+10 1.04167e+10 
0.0184 -0.02 0.0167116 -0.0177465 0.0168 -0.02 0 0 0 0 0 0 1.04167e+10 1.04167e+10 1.04167e+10 
0.0151878 0.0152435 0.0180102 0.0152941 0.0164481 0.0173355 0 0 0 0 0 0 1.04167e+10 1.04167e+10 1.04167e+10 
0.0151878 0.0152435 0.0159417 0.0125784 0.0180102 0.0152941 0 0 0 0 0 0 1.04167e+10 1.04167e+10 1.04167e+10 
0.0134789 0.000108294 0.0149625 0.00011916 0.0141274 0.00165134 0 0 0 0 0 0 2.60417e+10 2.60417e+10 2.60417e+10 
-0.00402957 -0.00391774 -0.00305342 -0.0047082 -0.0023143 -0.00359694 0 0 0 0 0 0 2.60417e+10 2.60417e+10 2.60417e+10 
-0.00402957 -0.00391774 -0.0023143 -0.00359694 -0.00358142 -0.00250332 0 0 0 0 0 0 2.60417e+10 2.60417e+10 2.60417e+10 
-0.00015705 -0.0140106 -0.000416328 -0.0125243 -0.00180206 -0.0144848 0 0 0 0 0 0 2.08333e+10 2.08333e+10 2.08333e+10 
0.0126619 0.0112249 0.0129177 0.0130296 0.0115814 0.0125033 0 0 0 0 0 0 2.60417e+10 2.60417e+10 2.60417e+10 
0.0126619 0.0112249 0.0137082 0.0120534 0.0129177 0.0130296 0 0 0 0 0 0 2.60417e+10 2.60417e+10 2.60417e+10 
0.0126619 0.0112249 0.0117152 0.00894801 0.013529 0.0097933 0 0 0 0 0 0 2.60417e+10 2.60417e+10 2.60417e+10 
0.0126619 0.0112249 0.0143923 0.011 0.0137082 0.0120534 0 0 0 0 0 0 2.60417e+10 2.60417e+10 2.60417e+10 
0.0126619 0.0112249 0.013529 0.0097933 0.0143923 0.011 0 0 0 0 0 0 2.60417e+10 2.60417e+10 2.60417e+10 
-0.0140046 0.00766116 -0.0122475 0.00964226 -0.0147194 0.00981474 0 0 0 0 0 0 1.04167e+10 1.04167e+10 1.04167e+10 
-0.00696255 0.00011916 -0.00616153 0.00175638 -0.00741268 0.0012918 0 0 0 0 0 0 2.60417e+10 2.60417e+10 2.60417e+10 
-0.00696255 0.00011916 -0.00552901 0.000206705 -0.00616153 0.00175638 0 0 0 0 0 0 2.60417e+10 2.60417e+10 2.60417e+10 
0.02 0.012 0.0188438 0.0125262 0.02 0.0104 0 0 0 0 0 0 1.04167e+10 1.04167e+10 1.04167e+10 
0.02 0.012 0.02 0.0136 0.0188438 0.0125262 0 0 0 0 0 0 1.04167e+10 1.04167e+10 1.04167e+10 
0.012515 0.00661446 0.0103159 0.00713391 0.0106603 0.00470824 0 0 0 0 0 0 2.60417e+10 2.60417e+10 2.60417e+10 
0.012515 0.00661446 0.0106603 0.00470824 0.0126249 0.00415012 0 0 0 0 0 0 2.60417e+10 2.60417e+10 2.60417e+10 
0.012515 0.00661446 0.0117152 0.00894801 0.0103159 0.00713391 0 0 0 0 0 0 2.60417e+10 2.60417e+10 2.60417e+10 
0.012515 0.00661446 0.0126249 0.00415012 0.0146665 0.00494478 0 0 0 0 0 0 2.60417e+10 2.60417e+10 2.60417e+10 
0.00238593 0.0155438 0.00361377 0.0136581 0.00405522 0.0156665 0 0 0 0 0 0 2.60417e+10 2.60417e+10 2.60417e+10 
0.00238593 0.0155438 0.00119016 0.0131985 0.00361377 0.0136581 0 0 0 0 0 0 2.60417e+10 2.60417e+10 2.60417e+10 
0.0110534 -0.0047082 0.0102249 -0.00366186 0.01 -0.0053923 0 0 0 0 0 0 2.60417e+10 2.60417e+10 2.60417e+10 
0.00148796 -0.0135365 -0.000416328 -0.0125243 -0.00015705 -0.0140106 0 0 0 0 0 0 2.08333e+10 2.08333e+10 2.08333e+10 
-0.00150909 0.00875424 0.000219114 0.0104908 -0.00279625 0.0103779 0 0 0 0 0 0 2.60417e+10 2.60417e+10 2.60417e+10 
0.00189671 -0.00132618 0.00137151 0.00114399 -0.000246544 -0.000139194 0 0 0 0 0 0 2.60417e+10 2.60417e+10 2.60417e+10 
0.00189671 -0.00132618 -0.000246544 -0.000139194 -0.000355985 -0.00249243 0 0 0 0 0 0 2.60417e+10 2.60417e+10 2.60417e+10 
0.00189671 -0.00132618 -0.000355985 -0.00249243 0.00193132 -0.00341616 0 0 0 0 0 0 2.60417e+10 2.60417e+10 2.60417e+10 
0.0166744 -0.0124224 0.017671 -0.0145882 0.0189126 -0.0121862 0 0 0 0 0 0 1.04167e+10 1.04167e+10 1.04167e+10 
0.0166744 -0.0124224 0.015363 -0.0153823 0.017671 -0.0145882 0 0 0 0 0 0 1.04167e+10 1.04167e+10 1.04167e+10 
0.0166744 -0.0124224 0.0189126 -0.0121862 0.017896 -0.00977208 0 0 0 0 0 0 1.04167e+10 1.04167e+10 1.04167e+10 
0.0166744 -0.0124224 0.017896 -0.00977208 0.0150528 -0.0103272 0 0 0 0 0 0 1.04167e+10 1.04167e+10 1.04167e+10 
0.00900581 -0.00207481 0.0115033 -0.00258142 0.0107962 -0.000377931 0 0 0 0 0 0 2.60417e+10 2.60417e+10 2.60417e+10 
0.00900581 -0.00207481 0.0102249 -0.00366186 0.0115033 -0.00258142 0 0 0 0 0 0 2.60417e+10 2.60417e+10 2.60417e+10 
0.00900581 -0.00207481 0.0107962 -0.000377931 0.00872545 0.000297386 0 0 0 0 0 0 2.60417e+10 2.60417e+10 2.60417e+10 
-0.02 0.0008 -0.02 -0.0008 -0.018157 0.000101232 0 0 0 0 0 0 1.04167e+10 1.04167e+10 1.04167e+10 
-0.00100581 0.0120748 0.000219114 0.0104908 0.00119016 0.0131985 0 0 0 0 0 0 2.60417e+10 2.60417e+10 2.60417e+10 
-0.00100581 0.0120748 0.00119016 0.0131985 -0.000793295 0.014529 0 0 0 0 0 0 2.60417e+10 2.60417e+10 2.60417e+10 
-0.00100581 0.0120748 -0.00350332 0.0125814 -0.00279625 0.0103779 0 0 0 0 0 0 2.60417e+10 2.60417e+10 2.60417e+10 
-0.00100581 0.0120748 -0.00279625 0.0103779 0.000219114 0.0104908 0 0 0 0 0 0 2.60417e+10 2.60417e+10 2.60417e+10 
-0.0112375 0.00100027 -0.0127808 0.00264271 -0.0146769 0.00105669 0 0 0 0 0 0 2.08333e+10 2.08333e+10 2.08333e+10 
0.00438623 -0.00365806 0.00394478 -0.00566652 0.00561407 -0.00554384 0 0 0 0 0 0 2.60417e+10 2.60417e+10 2.60417e+10 
0.0184 0.02 0.0168 0.02 0.0164481 0.0173355 0 0 0 0 0 0 1.04167e+10 1.04167e+10 1.04167e+10 
-0.015486 -0.0110667 -0.0155439 -0.00932041 -0.0169441 -0.01026 0 0 0 0 0 0 2.08333e+10 2.08333e+10 2.08333e+10 
-0.015486 -0.0110667 -0.0140278 -0.0118735 -0.0137461 -0.0103151 0 0 0 0 0 0 2.08333e+10 2.08333e+10 2.08333e+10 
-0.015486 -0.0110667 -0.0137461 -0.0103151 -0.0155439 -0.00932041 0 0 0 0 0 0 2.08333e+10 2.08333e+10 2.08333e+10 
-0.0063923 0.011 -0.00696255 0.00988084 -0.00547887 0.00989171 0 0 0 0 0 0 2.60417e+10 2.60417e+10 2.60417e+10 
-0.0063923 0.011 -0.00459694 0.0113143 -0.0057082 0.0120534 0 0 0 0 0 0 2.60417e+10 2.60417e+10 2.60417e+10 
-0.0063923 0.011 -0.00547887 0.00989171 -0.00459694 0.0113143 0 0 0 0 0 0 2.60417e+10 2.60417e+10 2.60417e+10 
0.00547 -0.0109571 0.00367614 -0.0113447 0.00477799 -0.0125882 0 0 0 0 0 0 2.08333e+10 2.08333e+10 2.08333e+10 
0.00670757 -0.00109209 0.00900581 -0.00207481 0.00872545 0.000297386 0 0 0 0 0 0 2.60417e+10 2.60417e+10 2.60417e+10 
-0.02 0.0104 -0.0188031 0.0120672 -0.02 0.012 0 0 0 0 0 0 1.04167e+10 1.04167e+10 1.04167e+10 
-0.02 0.0072 -0.02 0.0056 -0.0187568 0.00780532 0 0 0 0 0 0 1.04167e+10 1.04167e+10 1.04167e+10 
-0.00891945 -0.0174528 -0.0088 -0.02 -0.0072 -0.02 0 0 0 0 0 0 1.04167e+10 1.04167e+10 1.04167e+10 
-0.00891945 -0.0174528 -0.0104 -0.02 -0.0088 -0.02 0 0 0 0 0 0 1.04167e+10 1.04167e+10 1.04167e+10 
0.02 0.0056 0.018219 0.00499335 0.02 0.004 0 0 0 0 0 0 1.04167e+10 1.04167e+10 1.04167e+10 
-0.0163157 -0.0027271 -0.0179548 -0.00162563 -0.0177527 -0.0033525 0 0 0 0 0 0 2.08333e+10 2.08333e+10 2.08333e+10 
-0.02 -0.0136 -0.0183731 -0.0121929 -0.02 -0.012 0 0 0 0 0 0 1.04167e+10 1.04167e+10 1.04167e+10 
-0.02 -0.0136 -0.02 -0.0152 -0.0170014 -0.0151785 0 0 0 0 0 0 1.04167e+10 1.04167e+10 1.04167e+10 
-0.02 -0.0136 -0.0170014 -0.0151785 -0.0183731 -0.0121929 0 0 0 0 0 0 1.04167e+10 1.04167e+10 1.04167e+10 
0.00569706 0.00705697 0.00820435 0.00702515 0.00662849 0.00885601 0 0 0 0 0 0 2.60417e+10 2.60417e+10 2.60417e+10 
0.00569706 0.00705697 0.00662849 0.00885601 0.00434834 0.00965365 0 0 0 0 0 0 2.60417e+10 2.60417e+10 2.60417e+10 
-0.0174431 0.0101288 -0.0188031 0.0120672 -0.02 0.0104 0 0 0 0 0 0 1.04167e+10 1.04167e+10 1.04167e+10 
0.0034499 0.00760931 0.00197485 0.00920435 0.00161698 0.00619679 0 0 0 0 0 0 2.60417e+10 2.60417e+10 2.60417e+10 
0.0034499 0.00760931 0.00434834 0.00965365 0.00197485 0.00920435 0 0 0 0 0 0 2.60417e+10 2.60417e+10 2.60417e+10 
0.0034499 0.00760931 0.00569706 0.00705697 0.00434834 0.00965365 0 0 0 0 0 0 2.60417e+10 2.60417e+10 2.60417e+10 
-0.0035135 -0.0110754 -0.00246256 -0.0131141 -0.000745062 -0.0102775 0 0 0 0 0 0 2.08333e+10 2.08333e+10 2.08333e+10 
-0.0035135 -0.0110754 -0.00628193 -0.0118734 -0.0045088 -0.0137039 0 0 0 0 0 0 2.08333e+10 2.08333e+10 2.08333e+10 
-0.0035135 -0.0110754 -0.0045088 -0.0137039 -0.00246256 -0.0131141 0 0 0 0 0 0 2.08333e+10 2.08333e+10 2.08333e+10 
0.013897 -0.00727273 0.0159193 -0.00781946 0.0154695 -0.0050415 0 0 0 0 0 0 1.04167e+10 1.04167e+10 1.04167e+10 
0.013897 -0.00727273 0.011412 -0.00709102 0.0126109 -0.00964405 0 0 0 0 0 0 1.04167e+10 1.04167e+10 1.04167e+10 
0.013897 -0.00727273 0.0126109 -0.00964405 0.0150528 -0.0103272 0 0 0 0 0 0 1.04167e+10 1.04167e+10 1.04167e+10 
0.013897 -0.00727273 0.0150528 -0.0103272 0.0159193 -0.00781946 0 0 0 0 0 0 1.04167e+10 1.04167e+10 1.04167e+10 
0.00734866 0.0151274 0.00606868 0.0134162 0.00835598 0.0124924 0 0 0 0 0 0 2.60417e+10 2.60417e+10 2.60417e+10 
0.0139377 0.0177711 0.012 0.02 0.0113208 0.0178671 0 0 0 0 0 0 1.04167e+10 1.04167e+10 1.04167e+10 
0.0139377 0.0177711 0.0164481 0.0173355 0.0152 0.02 0 0 0 0 0 0 1.04167e+10 1.04167e+10 1.04167e+10 
0.0139377 0.0177711 0.0151878 0.0152435 0.0164481 0.0173355 0 0 0 0 0 0 1.04167e+10 1.04167e+10 1.04167e+10 
-0.00403609 0.00824536 -0.00279625 0.0103779 -0.00547887 0.00989171 0 0 0 0 0 0 2.60417e+10 2.60417e+10 2.60417e+10 
-0.00403609 0.00824536 -0.00150909 0.00875424 -0.00279625 0.0103779 0 0 0 0 0 0 2.60417e+10 2.60417e+10 2.60417e+10 
0.00274566 -0.00693426 0.004 -0.007 0.00394478 -0.00566652 0 0 0 0 0 0 2.60417e+10 2.60417e+10 2.60417e+10 
-0.012 -0.02 -0.0133648 -0.0177646 -0.0136 -0.02 0 0 0 0 0 0 1.04167e+10 1.04167e+10 1.04167e+10 
0.00763069 -0.0148572 0.0107415 -0.0151322 0.00906305 -0.0126485 0 0 0 0 0 0 1.04167e+10 1.04167e+10 1.04167e+10 
0.00763069 -0.0148572 0.00542275 -0.0153622 0.00585176 -0.017725 0 0 0 0 0 0 1.04167e+10 1.04167e+10 1.04167e+10 
-0.0160584 -0.00492487 -0.0175505 -0.00507936 -0.0173484 -0.00680623 0 0 0 0 0 0 2.08333e+10 2.08333e+10 2.08333e+10 
-0.0160584 -0.00492487 -0.0177527 -0.0033525 -0.0175505 -0.00507936 0 0 0 0 0 0 2.08333e+10 2.08333e+10 2.08333e+10 
-0.0160584 -0.00492487 -0.0163157 -0.0027271 -0.0177527 -0.0033525 0 0 0 0 0 0 2.08333e+10 2.08333e+10 2.08333e+10 
-0.0160584 -0.00492487 -0.0138202 -0.00469312 -0.0163157 -0.0027271 0 0 0 0 0 0 2.08333e+10 2.08333e+10 2.08333e+10 
0.00845758 -0.0172338 0.00763069 -0.0148572 0.00585176 -0.017725 0 0 0 0 0 0 1.04167e+10 1.04167e+10 1.04167e+10 
0.00845758 -0.0172338 0.0109746 -0.0175867 0.0107415 -0.0151322 0 0 0 0 0 0 1.04167e+10 1.04167e+10 1.04167e+10 
0.00845758 -0.0172338 0.0107415 -0.0151322 0.00763069 -0.0148572 0 0 0 0 0 0 1.04167e+10 1.04167e+10 1.04167e+10 
-0.0166762 0.00456563 -0.0187568 0.00780532 -0.02 0.0056 0 0 0 0 0 0 1.04167e+10 1.04167e+10 1.04167e+10 
-0.0166762 0.00456563 -0.02 0.004 -0.0188003 0.00267149 0 0 0 0 0 0 1.04167e+10 1.04167e+10 1.04167e+10 
-0.0166762 0.00456563 -0.02 0.0056 -0.02 0.004 0 0 0 0 0 0 1.04167e+10 1.04167e+10 1.04167e+10 
-0.00950399 0.0150225 -0.00911948 0.0124555 -0.00699594 0.0150842 0 0 0 0 0 0 1.04167e+10 1.04167e+10 1.04167e+10 
-0.00793426 0.00374566 -0.00666652 0.00505522 -0.008 0.005 0 0 0 0 0 0 2.60417e+10 2.60417e+10 2.60417e+10 
-0.0113692 -0.0172653 -0.0104 -0.02 -0.00891945 -0.0174528 0 0 0 0 0 0 1.04167e+10 1.04167e+10 1.04167e+10 
-0.0113692 -0.0172653 -0.0133648 -0.0177646 -0.012 -0.02 0 0 0 0 0 0 1.04167e+10 1.04167e+10 1.04167e+10 
-0.0113692 -0.0172653 -0.012 -0.02 -0.0104 -0.02 0 0 0 0 0 0 1.04167e+10 1.04167e+10 1.04167e+10 
0.00889171 0.0144789 0.00835598 0.0124924 0.0103143 0.0135969 0 0 0 0 0 0 2.60417e+10 2.60417e+10 2.60417e+10 
0.00889171 0.0144789 0.00734866 0.0151274 0.00835598 0.0124924 0 0 0 0 0 0 2.60417e+10 2.60417e+10 2.60417e+10 
0.00889171 0.0144789 0.01 0.0153923 0.00888084 0.0159625 0 0 0 0 0 0 2.60417e+10 2.60417e+10 2.60417e+10 
0.00889171 0.0144789 0.00888084 0.0159625 0.00734866 0.0151274 0 0 0 0 0 0 2.60417e+10 2.60417e+10 2.60417e+10 
0.00889171 0.0144789 0.0103143 0.0135969 0.01 0.0153923 0 0 0 0 0 0 2.60417e+10 2.60417e+10 2.60417e+10 
-0.00181627 0.00174187 -0.00451496 0.00338554 -0.0037152 0.00105199 0 0 0 0 0 0 2.60417e+10 2.60417e+10 2.60417e+10 
-0.00181627 0.00174187 -0.000246544 -0.000139194 -0.000204347 0.00297485 0 0 0 0 0 0 2.60417e+10 2.60417e+10 2.60417e+10 
-0.00181627 0.00174187 -0.0037152 0.00105199 -0.0022904 -0.000961711 0 0 0 0 0 0 2.60417e+10 2.60417e+10 2.60417e+10 
-0.00181627 0.00174187 -0.0022904 -0.000961711 -0.000246544 -0.000139194 0 0 0 0 0 0 2.60417e+10 2.60417e+10 2.60417e+10 
0.0110378 -0.0121558 0.0107415 -0.0151322 0.0125186 -0.01542 0 0 0 0 0 0 1.04167e+10 1.04167e+10 1.04167e+10 
0.0110378 -0.0121558 0.0126109 -0.00964405 0.0104494 -0.0100731 0 0 0 0 0 0 1.04167e+10 1.04167e+10 1.04167e+10 
0.0110378 -0.0121558 0.0104494 -0.0100731 0.00906305 -0.0126485 0 0 0 0 0 0 1.04167e+10 1.04167e+10 1.04167e+10 
0.0110378 -0.0121558 0.00906305 -0.0126485 0.0107415 -0.0151322 0 0 0 0 0 0 1.04167e+10 1.04167e+10 1.04167e+10 
-0.02 0.0088 -0.02 0.0072 -0.0187568 0.00780532 0 0 0 0 0 0 1.04167e+10 1.04167e+10 1.04167e+10 
-0.02 0.0088 -0.0174431 0.0101288 -0.02 0.0104 0 0 0 0 0 0 1.04167e+10 1.04167e+10 1.04167e+10 
-0.02 0.0088 -0.0187568 0.00780532 -0.0174431 0.0101288 0 0 0 0 0 0 1.04167e+10 1.04167e+10 1.04167e+10 
-0.002 -0.0053923 -0.0023143 -0.00359694 -0.00305342 -0.0047082 0 0 0 0 0 0 2.60417e+10 2.60417e+10 2.60417e+10 
0.00162991 -0.0119345 -0.000745062 -0.0102775 -0.000416328 -0.0125243 0 0 0 0 0 0 2.08333e+10 2.08333e+10 2.08333e+10 
0.00162991 -0.0119345 -0.000416328 -0.0125243 0.00148796 -0.0135365 0 0 0 0 0 0 2.08333e+10 2.08333e+10 2.08333e+10 
0.00162991 -0.0119345 0.00313298 -0.0130623 0.00367614 -0.0113447 0 0 0 0 0 0 2.08333e+10 2.08333e+10 2.08333e+10 
0.00162991 -0.0119345 0.00148796 -0.0135365 0.00313298 -0.0130623 0 0 0 0 0 0 2.08333e+10 2.08333e+10 2.08333e+10 
-0.0188929 0.0172559 -0.02 0.0152 -0.0170168 0.0148792 0 0 0 0 0 0 1.04167e+10 1.04167e+10 1.04167e+10 
-0.0108847 0.00422873 -0.0131886 0.00425716 -0.0127808 0.00264271 0 0 0 0 0 0 2.08333e+10 2.08333e+10 2.08333e+10 
-0.0108847 0.00422873 -0.0119465 0.00529614 -0.0131886 0.00425716 0 0 0 0 0 0 2.08333e+10 2.08333e+10 2.08333e+10 
-0.0108847 0.00422873 -0.0127808 0.00264271 -0.0112375 0.00100027 0 0 0 0 0 0 2.08333e+10 2.08333e+10 2.08333e+10 
-0.002 0.0153923 -0.000793295 0.014529 -0.00088084 0.0159625 0 0 0 0 0 0 2.60417e+10 2.60417e+10 2.60417e+10 
0.0104 -0.02 0.012 -0.02 0.0109746 -0.0175867 0 0 0 0 0 0 1.04167e+10 1.04167e+10 1.04167e+10 
-0.0024 -0.02 -0.0008 -0.02 -0.000829299 -0.0171358 0 0 0 0 0 0 1.04167e+10 1.04167e+10 1.04167e+10 
-0.00260049 0.00406297 -0.000204347 0.00297485 -0.000653648 0.00534834 0 0 0 0 0 0 2.60417e+10 2.60417e+10 2.60417e+10 
-0.00260049 0.00406297 -0.00181627 0.00174187 -0.000204347 0.00297485 0 0 0 0 0 0 2.60417e+10 2.60417e+10 2.60417e+10 
-0.00260049 0.00406297 -0.00451496 0.00338554 -0.00181627 0.00174187 0 0 0 0 0 0 2.60417e+10 2.60417e+10 2.60417e+10 
-0.0107044 0.00633513 -0.0119465 0.00529614 -0.0108847 0.00422873 0 0 0 0 0 0 2.08333e+10 2.08333e+10 2.08333e+10 
0.0141615 0.00824362 0.013529 0.0097933 0.0117152 0.00894801 0 0 0 0 0 0 2.60417e+10 2.60417e+10 2.60417e+10 
0.0141615 0.00824362 0.0117152 0.00894801 0.012515 0.00661446 0 0 0 0 0 0 2.60417e+10 2.60417e+10 2.60417e+10 
0.0141615 0.00824362 0.0157378 0.00749494 0.0154127 0.0087082 0 0 0 0 0 0 2.60417e+10 2.60417e+10 2.60417e+10 
-0.0165729 -0.000529327 -0.018157 0.000101232 -0.0179548 -0.00162563 0 0 0 0 0 0 2.08333e+10 2.08333e+10 2.08333e+10 
-0.0165729 -0.000529327 -0.0169149 0.00114021 -0.018157 0.000101232 0 0 0 0 0 0 2.08333e+10 2.08333e+10 2.08333e+10 
-0.0165729 -0.000529327 -0.0146769 0.00105669 -0.0169149 0.00114021 0 0 0 0 0 0 2.08333e+10 2.08333e+10 2.08333e+10 
-0.0165729 -0.000529327 -0.0179548 -0.00162563 -0.0163157 -0.0027271 0 0 0 0 0 0 2.08333e+10 2.08333e+10 2.08333e+10 
-0.02 0.0024 -0.02 0.0008 -0.0188003 0.00267149 0 0 0 0 0 0 1.04167e+10 1.04167e+10 1.04167e+10 
-0.02 0.0024 -0.0188003 0.00267149 -0.02 0.004 0 0 0 0 0 0 1.04167e+10 1.04167e+10 1.04167e+10 
0.02 -0.0168 0.02 -0.0152 0.0187863 -0.0172033 0 0 0 0 0 0 1.04167e+10 1.04167e+10 1.04167e+10 
-0.00491774 -0.00302957 -0.00402957 -0.00391774 -0.00358142 -0.00250332 0 0 0 0 0 0 2.60417e+10 2.60417e+10 2.60417e+10 
0.00227684 -0.00552656 0.00394478 -0.00566652 0.00438623 -0.00365806 0 0 0 0 0 0 2.60417e+10 2.60417e+10 2.60417e+10 
0.00227684 -0.00552656 0.00438623 -0.00365806 0.00193132 -0.00341616 0 0 0 0 0 0 2.60417e+10 2.60417e+10 2.60417e+10 
0.00227684 -0.00552656 0.00274566 -0.00693426 0.00394478 -0.00566652 0 0 0 0 0 0 2.60417e+10 2.60417e+10 2.60417e+10 
-0.0139055 0.0121628 -0.0147194 0.00981474 -0.0122475 0.00964226 0 0 0 0 0 0 1.04167e+10 1.04167e+10 1.04167e+10 
-0.0139055 0.0121628 -0.0121205 0.0147111 -0.0147713 0.0153401 0 0 0 0 0 0 1.04167e+10 1.04167e+10 1.04167e+10 
0.0072 -0.02 0.00585176 -0.017725 0.0056 -0.02 0 0 0 0 0 0 1.04167e+10 1.04167e+10 1.04167e+10 
0.0072 -0.02 0.00845758 -0.0172338 0.00585176 -0.017725 0 0 0 0 0 0 1.04167e+10 1.04167e+10 1.04167e+10 
0.0120296 -0.00391774 0.0129177 -0.00302957 0.0115033 -0.00258142 0 0 0 0 0 0 2.60417e+10 2.60417e+10 2.60417e+10 
0.0120296 -0.00391774 0.0102249 -0.00366186 0.0110534 -0.0047082 0 0 0 0 0 0 2.60417e+10 2.60417e+10 2.60417e+10 
0.0120296 -0.00391774 0.0115033 -0.00258142 0.0102249 -0.00366186 0 0 0 0 0 0 2.60417e+10 2.60417e+10 2.60417e+10 
-0.00898719 0.0174135 -0.00950399 0.0150225 -0.00699594 0.0150842 0 0 0 0 0 0 1.04167e+10 1.04167e+10 1.04167e+10 
0.0110534 0.0147082 0.0103143 0.0135969 0.0120296 0.0139177 0 0 0 0 0 0 2.60417e+10 2.60417e+10 2.60417e+10 
0.0110534 0.0147082 0.01 0.0153923 0.0103143 0.0135969 0 0 0 0 0 0 2.60417e+10 2.60417e+10 2.60417e+10 
-0.004 0.02 -0.00396038 0.0174 -0.0024 0.02 0 0 0 0 0 0 1.04167e+10 1.04167e+10 1.04167e+10 
-0.004 0.02 -0.0056 0.02 -0.00396038 0.0174 0 0 0 0 0 0 1.04167e+10 1.04167e+10 1.04167e+10 
-0.0162285 0.00731717 -0.0140046 0.00766116 -0.0147194 0.00981474 0 0 0 0 0 0 1.04167e+10 1.04167e+10 1.04167e+10 
-0.0162285 0.00731717 -0.0147194 0.00981474 -0.0174431 0.0101288 0 0 0 0 0 0 1.04167e+10 1.04167e+10 1.04167e+10 
-0.0162285 0.00731717 -0.0174431 0.0101288 -0.0187568 0.00780532 0 0 0 0 0 0 1.04167e+10 1.04167e+10 1.04167e+10 
-0.0162285 0.00731717 -0.0187568 0.00780532 -0.0166762 0.00456563 0 0 0 0 0 0 1.04167e+10 1.04167e+10 1.04167e+10 
-0.0134435 -0.00791108 -0.0113431 -0.00650176 -0.0138202 -0.00469312 0 0 0 0 0 0 2.08333e+10 2.08333e+10 2.08333e+10 
-0.0134435 -0.00791108 -0.0155439 -0.00932041 -0.0137461 -0.0103151 0 0 0 0 0 0 2.08333e+10 2.08333e+10 2.08333e+10 
-0.0134435 -0.00791108 -0.0098627 -0.00989224 -0.0113431 -0.00650176 0 0 0 0 0 0 2.08333e+10 2.08333e+10 2.08333e+10 
-0.0134435 -0.00791108 -0.0137461 -0.0103151 -0.0119483 -0.0113097 0 0 0 0 0 0 2.08333e+10 2.08333e+10 2.08333e+10 
-0.0134435 -0.00791108 -0.0119483 -0.0113097 -0.0098627 -0.00989224 0 0 0 0 0 0 2.08333e+10 2.08333e+10 2.08333e+10 
0.0136 0.02 0.012 0.02 0.0139377 0.0177711 0 0 0 0 0 0 1.04167e+10 1.04167e+10 1.04167e+10 
0.0136 0.02 0.0139377 0.0177711 0.0152 0.02 0 0 0 0 0 0 1.04167e+10 1.04167e+10 1.04167e+10 
0.016 0.005 0.018219 0.00499335 0.0159343 0.00625434 0 0 0 0 0 0 1.04167e+10 1.04167e+10 1.04167e+10 
0.016 0.005 0.0146665 0.00494478 0.0159343 0.00374566 0 0 0 0 0 0 2.60417e+10 2.60417e+10 2.60417e+10 
0.016 0.005 0.0159343 0.00625434 0.0146665 0.00494478 0 0 0 0 0 0 2.60417e+10 2.60417e+10 2.60417e+10 
0.00150506 -0.00673777 0.00274566 -0.00693426 0.00227684 -0.00552656 0 0 0 0 0 0 2.60417e+10 2.60417e+10 2.60417e+10 
-0.00944468 -0.00336684 -0.0113431 -0.00650176 -0.00924269 -0.00509244 0 0 0 0 0 0 2.08333e+10 2.08333e+10 2.08333e+10 
0.00456239 -0.00925585 0.00367614 -0.0113447 0.00547 -0.0109571 0 0 0 0 0 0 2.08333e+10 2.08333e+10 2.08333e+10 
0.00456239 -0.00925585 0.00547 -0.0109571 0.00616201 -0.00932611 0 0 0 0 0 0 2.08333e+10 2.08333e+10 2.08333e+10 
0.00245795 0.0114859 0.00434834 0.00965365 0.00490505 0.0116049 0 0 0 0 0 0 2.60417e+10 2.60417e+10 2.60417e+10 
0.00245795 0.0114859 0.00197485 0.00920435 0.00434834 0.00965365 0 0 0 0 0 0 2.60417e+10 2.60417e+10 2.60417e+10 
0.00245795 0.0114859 0.00490505 0.0116049 0.00361377 0.0136581 0 0 0 0 0 0 2.60417e+10 2.60417e+10 2.60417e+10 
0.00245795 0.0114859 0.00361377 0.0136581 0.00119016 0.0131985 0 0 0 0 0 0 2.60417e+10 2.60417e+10 2.60417e+10 
0.00245795 0.0114859 0.000219114 0.0104908 0.00197485 0.00920435 0 0 0 0 0 0 2.60417e+10 2.60417e+10 2.60417e+10 
0.00245795 0.0114859 0.00119016 0.0131985 0.000219114 0.0104908 0 0 0 0 0 0 2.60417e+10 2.60417e+10 2.60417e+10 
0.00202337 -0.00947948 0.00162991 -0.0119345 0.00367614 -0.0113447 0 0 0 0 0 0 2.08333e+10 2.08333e+10 2.08333e+10 
0.00202337 -0.00947948 0.00367614 -0.0113447 0.00456239 -0.00925585 0 0 0 0 0 0 2.08333e+10 2.08333e+10 2.08333e+10 
0.00202337 -0.00947948 -0.000745062 -0.0102775 0.00162991 -0.0119345 0 0 0 0 0 0 2.08333e+10 2.08333e+10 2.08333e+10 
0.0066663 0.00495568 0.00865365 0.00465166 0.00820435 0.00702515 0 0 0 0 0 0 2.60417e+10 2.60417e+10 2.60417e+10 
0.0066663 0.00495568 0.00820435 0.00702515 0.00569706 0.00705697 0 0 0 0 0 0 2.60417e+10 2.60417e+10 2.60417e+10 
0.0152 -0.02 0.0167116 -0.0177465 0.0134511 -0.0178423 0 0 0 0 0 0 1.04167e+10 1.04167e+10 1.04167e+10 
0.0152 -0.02 0.0134511 -0.0178423 0.0136 -0.02 0 0 0 0 0 0 1.04167e+10 1.04167e+10 1.04167e+10 
0.0152 -0.02 0.0168 -0.02 0.0167116 -0.0177465 0 0 0 0 0 0 1.04167e+10 1.04167e+10 1.04167e+10 
-0.0118208 -0.002421 -0.0138202 -0.00469312 -0.0113431 -0.00650176 0 0 0 0 0 0 2.08333e+10 2.08333e+10 2.08333e+10 
-0.0118208 -0.002421 -0.0113431 -0.00650176 -0.00944468 -0.00336684 0 0 0 0 0 0 2.08333e+10 2.08333e+10 2.08333e+10 
-0.0118208 -0.002421 -0.00969419 -0.00064217 -0.0112375 0.00100027 0 0 0 0 0 0 2.08333e+10 2.08333e+10 2.08333e+10 
-0.0118208 -0.002421 -0.00944468 -0.00336684 -0.00969419 -0.00064217 0 0 0 0 0 0 2.08333e+10 2.08333e+10 2.08333e+10 
-0.0136 0.02 -0.0152 0.02 -0.0140665 0.0176528 0 0 0 0 0 0 1.04167e+10 1.04167e+10 1.04167e+10 
0.02 -0.0104 0.0189126 -0.0121862 0.02 -0.012 0 0 0 0 0 0 1.04167e+10 1.04167e+10 1.04167e+10 
0.02 -0.0104 0.017896 -0.00977208 0.0189126 -0.0121862 0 0 0 0 0 0 1.04167e+10 1.04167e+10 1.04167e+10 
0.02 -0.0104 0.02 -0.0088 0.017896 -0.00977208 0 0 0 0 0 0 1.04167e+10 1.04167e+10 1.04167e+10 
-0.0159773 -0.0172389 -0.0184273 -0.0175924 -0.0168 -0.02 0 0 0 0 0 0 1.04167e+10 1.04167e+10 1.04167e+10 
-0.0159773 -0.0172389 -0.0170014 -0.0151785 -0.0184273 -0.0175924 0 0 0 0 0 0 1.04167e+10 1.04167e+10 1.04167e+10 
-0.0159773 -0.0172389 -0.0144796 -0.0149787 -0.0170014 -0.0151785 0 0 0 0 0 0 1.04167e+10 1.04167e+10 1.04167e+10 
-0.0159773 -0.0172389 -0.0133648 -0.0177646 -0.0144796 -0.0149787 0 0 0 0 0 0 1.04167e+10 1.04167e+10 1.04167e+10 
-0.0109052 0.0126934 -0.00911948 0.0124555 -0.00950399 0.0150225 0 0 0 0 0 0 1.04167e+10 1.04167e+10 1.04167e+10 
-0.0109052 0.0126934 -0.00950399 0.0150225 -0.0121205 0.0147111 0 0 0 0 0 0 1.04167e+10 1.04167e+10 1.04167e+10 
-0.0109052 0.0126934 -0.0121205 0.0147111 -0.0139055 0.0121628 0 0 0 0 0 0 1.04167e+10 1.04167e+10 1.04167e+10 
-0.0109052 0.0126934 -0.0122475 0.00964226 -0.00966359 0.0103802 0 0 0 0 0 0 1.04167e+10 1.04167e+10 1.04167e+10 
-0.0109052 0.0126934 -0.0139055 0.0121628 -0.0122475 0.00964226 0 0 0 0 0 0 1.04167e+10 1.04167e+10 1.04167e+10 
-0.0109052 0.0126934 -0.00966359 0.0103802 -0.00911948 0.0124555 0 0 0 0 0 0 1.04167e+10 1.04167e+10 1.04167e+10 
0.000143992 0.00762849 0.000219114 0.0104908 -0.00150909 0.00875424 0 0 0 0 0 0 2.60417e+10 2.60417e+10 2.60417e+10 
0.000143992 0.00762849 0.00197485 0.00920435 0.000219114 0.0104908 0 0 0 0 0 0 2.60417e+10 2.60417e+10 2.60417e+10 
0.000143992 0.00762849 0.00161698 0.00619679 0.00197485 0.00920435 0 0 0 0 0 0 2.60417e+10 2.60417e+10 2.60417e+10 
0.000143992 0.00762849 -0.000653648 0.00534834 0.00161698 0.00619679 0 0 0 0 0 0 2.60417e+10 2.60417e+10 2.60417e+10 
-0.02 -0.0168 -0.02 -0.0184 -0.0184273 -0.0175924 0 0 0 0 0 0 1.04167e+10 1.04167e+10 1.04167e+10 
-0.02 -0.0168 -0.0184273 -0.0175924 -0.02 -0.0152 0 0 0 0 0 0 1.04167e+10 1.04167e+10 1.04167e+10 
0.0024 -0.02 0.0034614 -0.0174064 0.00139375 -0.0173099 0 0 0 0 0 0 1.04167e+10 1.04167e+10 1.04167e+10 
-0.00466186 -0.00122495 -0.00358142 -0.00250332 -0.0022904 -0.000961711 0 0 0 0 0 0 2.60417e+10 2.60417e+10 2.60417e+10 
-0.00466186 -0.00122495 -0.0037152 0.00105199 -0.00552901 0.000206705 0 0 0 0 0 0 2.60417e+10 2.60417e+10 2.60417e+10 
-0.00466186 -0.00122495 -0.0022904 -0.000961711 -0.0037152 0.00105199 0 0 0 0 0 0 2.60417e+10 2.60417e+10 2.60417e+10 
-0.00466186 -0.00122495 -0.0057082 -0.00205342 -0.00491774 -0.00302957 0 0 0 0 0 0 2.60417e+10 2.60417e+10 2.60417e+10 
-0.00466186 -0.00122495 -0.00491774 -0.00302957 -0.00358142 -0.00250332 0 0 0 0 0 0 2.60417e+10 2.60417e+10 2.60417e+10 
-0.00600883 -0.00945308 -0.00573573 -0.00703276 -0.00867596 -0.00797742 0 0 0 0 0 0 2.08333e+10 2.08333e+10 2.08333e+10 
-0.00600883 -0.00945308 -0.00867596 -0.00797742 -0.0098627 -0.00989224 0 0 0 0 0 0 2.08333e+10 2.08333e+10 2.08333e+10 
-0.00600883 -0.00945308 -0.0098627 -0.00989224 -0.00628193 -0.0118734 0 0 0 0 0 0 2.08333e+10 2.08333e+10 2.08333e+10 
-0.00600883 -0.00945308 -0.00628193 -0.0118734 -0.0035135 -0.0110754 0 0 0 0 0 0 2.08333e+10 2.08333e+10 2.08333e+10 
0.0149625 0.00988084 0.0143923 0.011 0.013529 0.0097933 0 0 0 0 0 0 2.60417e+10 2.60417e+10 2.60417e+10 
0.0149625 0.00988084 0.013529 0.0097933 0.0141615 0.00824362 0 0 0 0 0 0 2.60417e+10 2.60417e+10 2.60417e+10 
0.0149625 0.00988084 0.0141615 0.00824362 0.0154127 0.0087082 0 0 0 0 0 0 2.60417e+10 2.60417e+10 2.60417e+10 
0.0186252 -0.002735 0.02 -0.0024 0.02 -0.0008 0 0 0 0 0 0 1.04167e+10 1.04167e+10 1.04167e+10 
0.0186252 -0.002735 0.02 -0.0008 0.0180066 -0.000401744 0 0 0 0 0 0 1.04167e+10 1.04167e+10 1.04167e+10 
0.0186252 -0.002735 0.02 -0.004 0.02 -0.0024 0 0 0 0 0 0 1.04167e+10 1.04167e+10 1.04167e+10 
0.004 0.005 0.00336349 0.00241041 0.00562776 0.00288777 0 0 0 0 0 0 2.60417e+10 2.60417e+10 2.60417e+10 
0.004 0.005 0.0034499 0.00760931 0.00161698 0.00619679 0 0 0 0 0 0 2.60417e+10 2.60417e+10 2.60417e+10 
0.004 0.005 0.00569706 0.00705697 0.0034499 0.00760931 0 0 0 0 0 0 2.60417e+10 2.60417e+10 2.60417e+10 
0.004 0.005 0.0066663 0.00495568 0.00569706 0.00705697 0 0 0 0 0 0 2.60417e+10 2.60417e+10 2.60417e+10 
0.004 0.005 0.00562776 0.00288777 0.0066663 0.00495568 0 0 0 0 0 0 2.60417e+10 2.60417e+10 2.60417e+10 
0.02 0.0184 0.02 0.02 0.0184 0.02 0 0 0 0 0 0 1.04167e+10 1.04167e+10 1.04167e+10 
0.0189027 0.0170678 0.0180102 0.0152941 0.02 0.0152 0 0 0 0 0 0 1.04167e+10 1.04167e+10 1.04167e+10 
0.0189027 0.0170678 0.02 0.0152 0.02 0.0168 0 0 0 0 0 0 1.04167e+10 1.04167e+10 1.04167e+10 
0.0189027 0.0170678 0.0164481 0.0173355 0.0180102 0.0152941 0 0 0 0 0 0 1.04167e+10 1.04167e+10 1.04167e+10 
0.0189027 0.0170678 0.02 0.0168 0.02 0.0184 0 0 0 0 0 0 1.04167e+10 1.04167e+10 1.04167e+10 
0.0189027 0.0170678 0.0184 0.02 0.0164481 0.0173355 0 0 0 0 0 0 1.04167e+10 1.04167e+10 1.04167e+10 
0.0189027 0.0170678 0.02 0.0184 0.0184 0.02 0 0 0 0 0 0 1.04167e+10 1.04167e+10 1.04167e+10 
0.02 -0.0136 0.02 -0.012 0.0189126 -0.0121862 0 0 0 0 0 0 1.04167e+10 1.04167e+10 1.04167e+10 
0.02 -0.0136 0.017671 -0.0145882 0.02 -0.0152 0 0 0 0 0 0 1.04167e+10 1.04167e+10 1.04167e+10 
0.02 -0.0136 0.0189126 -0.0121862 0.017671 -0.0145882 0 0 0 0 0 0 1.04167e+10 1.04167e+10 1.04167e+10 
0.0087933 -0.00452901 0.0102249 -0.00366186 0.00900581 -0.00207481 0 0 0 0 0 0 2.60417e+10 2.60417e+10 2.60417e+10 
0.0087933 -0.00452901 0.01 -0.0053923 0.0102249 -0.00366186 0 0 0 0 0 0 2.60417e+10 2.60417e+10 2.60417e+10 
0.0087933 -0.00452901 0.00888084 -0.00596255 0.01 -0.0053923 0 0 0 0 0 0 2.60417e+10 2.60417e+10 2.60417e+10 
0.0087933 -0.00452901 0.00724362 -0.00516153 0.00888084 -0.00596255 0 0 0 0 0 0 2.60417e+10 2.60417e+10 2.60417e+10 
-0.0061274 0.00834866 -0.00547887 0.00989171 -0.00696255 0.00988084 0 0 0 0 0 0 2.60417e+10 2.60417e+10 2.60417e+10 
-0.0061274 0.00834866 -0.00696255 0.00988084 -0.00741268 0.0087082 0 0 0 0 0 0 2.60417e+10 2.60417e+10 2.60417e+10 
-0.0061274 0.00834866 -0.00403609 0.00824536 -0.00547887 0.00989171 0 0 0 0 0 0 2.60417e+10 2.60417e+10 2.60417e+10 
-0.00655504 -0.0142937 -0.00628193 -0.0118734 -0.0083528 -0.0132991 0 0 0 0 0 0 2.08333e+10 2.08333e+10 2.08333e+10 
-0.00655504 -0.0142937 -0.0045088 -0.0137039 -0.00628193 -0.0118734 0 0 0 0 0 0 2.08333e+10 2.08333e+10 2.08333e+10 
-0.00655504 -0.0142937 -0.0083528 -0.0132991 -0.00819525 -0.0151005 0 0 0 0 0 0 2.08333e+10 2.08333e+10 2.08333e+10 
-0.00655504 -0.0142937 -0.00819525 -0.0151005 -0.0067371 -0.0159073 0 0 0 0 0 0 2.08333e+10 2.08333e+10 2.08333e+10 
0.0008 -0.02 0.00139375 -0.0173099 -0.000829299 -0.0171358 0 0 0 0 0 0 1.04167e+10 1.04167e+10 1.04167e+10 
0.0008 -0.02 -0.000829299 -0.0171358 -0.0008 -0.02 0 0 0 0 0 0 1.04167e+10 1.04167e+10 1.04167e+10 
0.0008 -0.02 0.0024 -0.02 0.00139375 -0.0173099 0 0 0 0 0 0 1.04167e+10 1.04167e+10 1.04167e+10 
0.00525434 -0.00693426 0.00561407 -0.00554384 0.00394478 -0.00566652 0 0 0 0 0 0 2.60417e+10 2.60417e+10 2.60417e+10 
0.00525434 -0.00693426 0.00394478 -0.00566652 0.004 -0.007 0 0 0 0 0 0 2.60417e+10 2.60417e+10 2.60417e+10 
-0.00222495 0.0136619 -0.00100581 0.0120748 -0.000793295 0.014529 0 0 0 0 0 0 2.60417e+10 2.60417e+10 2.60417e+10 
-0.00222495 0.0136619 -0.00350332 0.0125814 -0.00100581 0.0120748 0 0 0 0 0 0 2.60417e+10 2.60417e+10 2.60417e+10 
-0.00222495 0.0136619 -0.002 0.0153923 -0.00305342 0.0147082 0 0 0 0 0 0 2.60417e+10 2.60417e+10 2.60417e+10 
-0.00222495 0.0136619 -0.000793295 0.014529 -0.002 0.0153923 0 0 0 0 0 0 2.60417e+10 2.60417e+10 2.60417e+10 
-0.0111115 -0.013487 -0.0119483 -0.0113097 -0.0125697 -0.0126802 0 0 0 0 0 0 2.08333e+10 2.08333e+10 2.08333e+10 
0.0101051 0.00232197 0.00872545 0.000297386 0.0107962 -0.000377931 0 0 0 0 0 0 2.60417e+10 2.60417e+10 2.60417e+10 
0.0101051 0.00232197 0.0126249 0.00415012 0.0106603 0.00470824 0 0 0 0 0 0 2.60417e+10 2.60417e+10 2.60417e+10 
0.0101051 0.00232197 0.0106603 0.00470824 0.00865365 0.00465166 0 0 0 0 0 0 2.60417e+10 2.60417e+10 2.60417e+10 
0.0120361 0.00175464 0.0141274 0.00165134 0.0126249 0.00415012 0 0 0 0 0 0 2.60417e+10 2.60417e+10 2.60417e+10 
0.0120361 0.00175464 0.0126249 0.00415012 0.0101051 0.00232197 0 0 0 0 0 0 2.60417e+10 2.60417e+10 2.60417e+10 
0.0120361 0.00175464 0.0134789 0.000108294 0.0141274 0.00165134 0 0 0 0 0 0 2.60417e+10 2.60417e+10 2.60417e+10 
0.0120361 0.00175464 0.0107962 -0.000377931 0.0134789 0.000108294 0 0 0 0 0 0 2.60417e+10 2.60417e+10 2.60417e+10 
0.0120361 0.00175464 0.0101051 0.00232197 0.0107962 -0.000377931 0 0 0 0 0 0 2.60417e+10 2.60417e+10 2.60417e+10 
-0.02 -0.0024 -0.02 -0.004 -0.0177527 -0.0033525 0 0 0 0 0 0 1.04167e+10 1.04167e+10 1.04167e+10 
0.00274566 0.0169343 0.00238593 0.0155438 0.00405522 0.0156665 0 0 0 0 0 0 2.60417e+10 2.60417e+10 2.60417e+10 
0.00274566 0.0169343 0.00150506 0.0167378 0.00238593 0.0155438 0 0 0 0 0 0 2.60417e+10 2.60417e+10 2.60417e+10 
-0.0144307 0.00321818 -0.0156728 0.0021792 -0.0146769 0.00105669 0 0 0 0 0 0 2.08333e+10 2.08333e+10 2.08333e+10 
-0.0144307 0.00321818 -0.0146769 0.00105669 -0.0127808 0.00264271 0 0 0 0 0 0 2.08333e+10 2.08333e+10 2.08333e+10 
-0.0144307 0.00321818 -0.0127808 0.00264271 -0.0131886 0.00425716 0 0 0 0 0 0 2.08333e+10 2.08333e+10 2.08333e+10 
0.00432402 -0.00165879 0.00189671 -0.00132618 0.00193132 -0.00341616 0 0 0 0 0 0 2.60417e+10 2.60417e+10 2.60417e+10 
0.00432402 -0.00165879 0.00193132 -0.00341616 0.00438623 -0.00365806 0 0 0 0 0 0 2.60417e+10 2.60417e+10 2.60417e+10 
-0.02 0.0168 -0.02 0.0152 -0.0188929 0.0172559 0 0 0 0 0 0 1.04167e+10 1.04167e+10 1.04167e+10 
-0.0063863 0.0174423 -0.0056 0.02 -0.0072 0.02 0 0 0 0 0 0 1.04167e+10 1.04167e+10 1.04167e+10 
-0.0063863 0.0174423 -0.00396038 0.0174 -0.0056 0.02 0 0 0 0 0 0 1.04167e+10 1.04167e+10 1.04167e+10 
-0.0063863 0.0174423 -0.00898719 0.0174135 -0.00699594 0.0150842 0 0 0 0 0 0 1.04167e+10 1.04167e+10 1.04167e+10 
-0.0063863 0.0174423 -0.0072 0.02 -0.00898719 0.0174135 0 0 0 0 0 0 1.04167e+10 1.04167e+10 1.04167e+10 
-0.00509209 -0.0154331 -0.0045088 -0.0137039 -0.00655504 -0.0142937 0 0 0 0 0 0 2.08333e+10 2.08333e+10 2.08333e+10 
-0.00509209 -0.0154331 -0.00655504 -0.0142937 -0.0067371 -0.0159073 0 0 0 0 0 0 2.08333e+10 2.08333e+10 2.08333e+10 
0.02 0.0008 0.0186259 0.00222853 0.0180066 -0.000401744 0 0 0 0 0 0 1.04167e+10 1.04167e+10 1.04167e+10 
0.02 0.0008 0.0180066 -0.000401744 0.02 -0.0008 0 0 0 0 0 0 1.04167e+10 1.04167e+10 1.04167e+10 
0.02 0.0008 0.02 0.0024 0.0186259 0.00222853 0 0 0 0 0 0 1.04167e+10 1.04167e+10 1.04167e+10 
0.0164505 -0.00266024 0.0186252 -0.002735 0.0180066 -0.000401744 0 0 0 0 0 0 1.04167e+10 1.04167e+10 1.04167e+10 
0.000651341 -0.0051274 0.00193132 -0.00341616 -0.000355985 -0.00249243 0 0 0 0 0 0 2.60417e+10 2.60417e+10 2.60417e+10 
0.000651341 -0.0051274 0.00227684 -0.00552656 0.00193132 -0.00341616 0 0 0 0 0 0 2.60417e+10 2.60417e+10 2.60417e+10 
0.000651341 -0.0051274 0.00150506 -0.00673777 0.00227684 -0.00552656 0 0 0 0 0 0 2.60417e+10 2.60417e+10 2.60417e+10 
-0.00793426 0.00625434 -0.00946235 0.00737411 -0.0107044 0.00633513 0 0 0 0 0 0 2.08333e+10 2.08333e+10 2.08333e+10 
-0.00793426 0.00625434 -0.008 0.005 -0.00666652 0.00505522 0 0 0 0 0 0 2.60417e+10 2.60417e+10 2.60417e+10 
0.0088 -0.02 0.0109746 -0.0175867 0.00845758 -0.0172338 0 0 0 0 0 0 1.04167e+10 1.04167e+10 1.04167e+10 
0.0088 -0.02 0.0104 -0.02 0.0109746 -0.0175867 0 0 0 0 0 0 1.04167e+10 1.04167e+10 1.04167e+10 
0.0088 -0.02 0.00845758 -0.0172338 0.0072 -0.02 0 0 0 0 0 0 1.04167e+10 1.04167e+10 1.04167e+10 
0.000756385 0.0151615 -0.00088084 0.0159625 -0.000793295 0.014529 0 0 0 0 0 0 2.60417e+10 2.60417e+10 2.60417e+10 
0.000756385 0.0151615 0.000291796 0.0164127 -0.00088084 0.0159625 0 0 0 0 0 0 2.60417e+10 2.60417e+10 2.60417e+10 
0.000756385 0.0151615 0.00150506 0.0167378 0.000291796 0.0164127 0 0 0 0 0 0 2.60417e+10 2.60417e+10 2.60417e+10 
0.000756385 0.0151615 0.00238593 0.0155438 0.00150506 0.0167378 0 0 0 0 0 0 2.60417e+10 2.60417e+10 2.60417e+10 
0.000756385 0.0151615 0.00119016 0.0131985 0.00238593 0.0155438 0 0 0 0 0 0 2.60417e+10 2.60417e+10 2.60417e+10 
0.000756385 0.0151615 -0.000793295 0.014529 0.00119016 0.0131985 0 0 0 0 0 0 2.60417e+10 2.60417e+10 2.60417e+10 
-0.00249326 0.00651061 -0.00150909 0.00875424 -0.00403609 0.00824536 0 0 0 0 0 0 2.60417e+10 2.60417e+10 2.60417e+10 
-0.00249326 0.00651061 -0.00260049 0.00406297 -0.000653648 0.00534834 0 0 0 0 0 0 2.60417e+10 2.60417e+10 2.60417e+10 
-0.00249326 0.00651061 0.000143992 0.00762849 -0.00150909 0.00875424 0 0 0 0 0 0 2.60417e+10 2.60417e+10 2.60417e+10 
-0.00249326 0.00651061 -0.000653648 0.00534834 0.000143992 0.00762849 0 0 0 0 0 0 2.60417e+10 2.60417e+10 2.60417e+10 
0.000291796 -0.00641268 0.000651341 -0.0051274 -0.00088084 -0.00596255 0 0 0 0 0 0 2.60417e+10 2.60417e+10 2.60417e+10 
0.000291796 -0.00641268 0.00150506 -0.00673777 0.000651341 -0.0051274 0 0 0 0 0 0 2.60417e+10 2.60417e+10 2.60417e+10 
0.00680984 -0.00319853 0.00900581 -0.00207481 0.00670757 -0.00109209 0 0 0 0 0 0 2.60417e+10 2.60417e+10 2.60417e+10 
0.00680984 -0.00319853 0.0087933 -0.00452901 0.00900581 -0.00207481 0 0 0 0 0 0 2.60417e+10 2.60417e+10 2.60417e+10 
0.00680984 -0.00319853 0.00724362 -0.00516153 0.0087933 -0.00452901 0 0 0 0 0 0 2.60417e+10 2.60417e+10 2.60417e+10 
0.00680984 -0.00319853 0.00438623 -0.00365806 0.00561407 -0.00554384 0 0 0 0 0 0 2.60417e+10 2.60417e+10 2.60417e+10 
0.00680984 -0.00319853 0.00561407 -0.00554384 0.00724362 -0.00516153 0 0 0 0 0 0 2.60417e+10 2.60417e+10 2.60417e+10 
0.00680984 -0.00319853 0.00432402 -0.00165879 0.00438623 -0.00365806 0 0 0 0 0 0 2.60417e+10 2.60417e+10 2.60417e+10 
0.00680984 -0.00319853 0.00670757 -0.00109209 0.00432402 -0.00165879 0 0 0 0 0 0 2.60417e+10 2.60417e+10 2.60417e+10 
-0.010978 0.017692 -0.0140665 0.0176528 -0.0121205 0.0147111 0 0 0 0 0 0 1.04167e+10 1.04167e+10 1.04167e+10 
-0.010978 0.017692 -0.00898719 0.0174135 -0.0104 0.02 0 0 0 0 0 0 1.04167e+10 1.04167e+10 1.04167e+10 
-0.010978 0.017692 -0.00950399 0.0150225 -0.00898719 0.0174135 0 0 0 0 0 0 1.04167e+10 1.04167e+10 1.04167e+10 
-0.010978 0.017692 -0.0121205 0.0147111 -0.00950399 0.0150225 0 0 0 0 0 0 1.04167e+10 1.04167e+10 1.04167e+10 
0.0136441 -0.0123367 0.0166744 -0.0124224 0.0150528 -0.0103272 0 0 0 0 0 0 1.04167e+10 1.04167e+10 1.04167e+10 
0.0136441 -0.0123367 0.0110378 -0.0121558 0.0125186 -0.01542 0 0 0 0 0 0 1.04167e+10 1.04167e+10 1.04167e+10 
0.0136441 -0.0123367 0.0150528 -0.0103272 0.0126109 -0.00964405 0 0 0 0 0 0 1.04167e+10 1.04167e+10 1.04167e+10 
0.0136441 -0.0123367 0.0126109 -0.00964405 0.0110378 -0.0121558 0 0 0 0 0 0 1.04167e+10 1.04167e+10 1.04167e+10 
0.0136441 -0.0123367 0.0125186 -0.01542 0.015363 -0.0153823 0 0 0 0 0 0 1.04167e+10 1.04167e+10 1.04167e+10 
0.0136441 -0.0123367 0.015363 -0.0153823 0.0166744 -0.0124224 0 0 0 0 0 0 1.04167e+10 1.04167e+10 1.04167e+10 
-0.0152 -0.02 -0.0159773 -0.0172389 -0.0168 -0.02 0 0 0 0 0 0 1.04167e+10 1.04167e+10 1.04167e+10 
-0.0152 -0.02 -0.0136 -0.02 -0.0133648 -0.0177646 0 0 0 0 0 0 1.04167e+10 1.04167e+10 1.04167e+10 
-0.0152 -0.02 -0.0133648 -0.0177646 -0.0159773 -0.0172389 0 0 0 0 0 0 1.04167e+10 1.04167e+10 1.04167e+10 
-0.0164892 0.0175984 -0.0147713 0.0153401 -0.0140665 0.0176528 0 0 0 0 0 0 1.04167e+10 1.04167e+10 1.04167e+10 
-0.0164892 0.0175984 -0.0170168 0.0148792 -0.0147713 0.0153401 0 0 0 0 0 0 1.04167e+10 1.04167e+10 1.04167e+10 
-0.0164892 0.0175984 -0.0188929 0.0172559 -0.0170168 0.0148792 0 0 0 0 0 0 1.04167e+10 1.04167e+10 1.04167e+10 
-0.0164892 0.0175984 -0.0152 0.02 -0.0168 0.02 0 0 0 0 0 0 1.04167e+10 1.04167e+10 1.04167e+10 
-0.0164892 0.0175984 -0.0140665 0.0176528 -0.0152 0.02 0 0 0 0 0 0 1.04167e+10 1.04167e+10 1.04167e+10 
-0.0164892 0.0175984 -0.0168 0.02 -0.0184 0.02 0 0 0 0 0 0 1.04167e+10 1.04167e+10 1.04167e+10 
-0.0164892 0.0175984 -0.0184 0.02 -0.0188929 0.0172559 0 0 0 0 0 0 1.04167e+10 1.04167e+10 1.04167e+10 
-0.0088 0.02 -0.00898719 0.0174135 -0.0072 0.02 0 0 0 0 0 0 1.04167e+10 1.04167e+10 1.04167e+10 
-0.0088 0.02 -0.0104 0.02 -0.00898719 0.0174135 0 0 0 0 0 0 1.04167e+10 1.04167e+10 1.04167e+10 
0.0184698 0.00712598 0.018219 0.00499335 0.02 0.0056 0 0 0 0 0 0 1.04167e+10 1.04167e+10 1.04167e+10 
0.0184698 0.00712598 0.02 0.0056 0.02 0.0072 0 0 0 0 0 0 1.04167e+10 1.04167e+10 1.04167e+10 
-0.0141968 -0.00147516 -0.0112375 0.00100027 -0.0146769 0.00105669 0 0 0 0 0 0 2.08333e+10 2.08333e+10 2.08333e+10 
-0.0141968 -0.00147516 -0.0118208 -0.002421 -0.0112375 0.00100027 0 0 0 0 0 0 2.08333e+10 2.08333e+10 2.08333e+10 
-0.0141968 -0.00147516 -0.0146769 0.00105669 -0.0165729 -0.000529327 0 0 0 0 0 0 2.08333e+10 2.08333e+10 2.08333e+10 
-0.0141968 -0.00147516 -0.0165729 -0.000529327 -0.0163157 -0.0027271 0 0 0 0 0 0 2.08333e+10 2.08333e+10 2.08333e+10 
-0.0141968 -0.00147516 -0.0163157 -0.0027271 -0.0138202 -0.00469312 0 0 0 0 0 0 2.08333e+10 2.08333e+10 2.08333e+10 
-0.0141968 -0.00147516 -0.0138202 -0.00469312 -0.0118208 -0.002421 0 0 0 0 0 0 2.08333e+10 2.08333e+10 2.08333e+10 
0.0077082 -0.00641268 0.00888084 -0.00596255 0.00724362 -0.00516153 0 0 0 0 0 0 2.60417e+10 2.60417e+10 2.60417e+10 
-0.02 0.0184 -0.0184 0.02 -0.02 0.02 0 0 0 0 0 0 1.04167e+10 1.04167e+10 1.04167e+10 
-0.02 0.0184 -0.0188929 0.0172559 -0.0184 0.02 0 0 0 0 0 0 1.04167e+10 1.04167e+10 1.04167e+10 
-0.02 0.0184 -0.02 0.0168 -0.0188929 0.0172559 0 0 0 0 0 0 1.04167e+10 1.04167e+10 1.04167e+10 
-0.00281911 -0.00853368 -0.0035135 -0.0110754 -0.000745062 -0.0102775 0 0 0 0 0 0 2.08333e+10 2.08333e+10 2.08333e+10 
-0.00281911 -0.00853368 -0.00573573 -0.00703276 -0.00600883 -0.00945308 0 0 0 0 0 0 2.08333e+10 2.08333e+10 2.08333e+10 
-0.00281911 -0.00853368 -0.00600883 -0.00945308 -0.0035135 -0.0110754 0 0 0 0 0 0 2.08333e+10 2.08333e+10 2.08333e+10 
0.0102904 0.0109617 0.00911856 0.00927139 0.0117152 0.00894801 0 0 0 0 0 0 2.60417e+10 2.60417e+10 2.60417e+10 
0.0102904 0.0109617 0.0115814 0.0125033 0.0103143 0.0135969 0 0 0 0 0 0 2.60417e+10 2.60417e+10 2.60417e+10 
0.0102904 0.0109617 0.0103143 0.0135969 0.00835598 0.0124924 0 0 0 0 0 0 2.60417e+10 2.60417e+10 2.60417e+10 
0.0102904 0.0109617 0.00835598 0.0124924 0.00722991 0.010832 0 0 0 0 0 0 2.60417e+10 2.60417e+10 2.60417e+10 
0.0102904 0.0109617 0.00722991 0.010832 0.00911856 0.00927139 0 0 0 0 0 0 2.60417e+10 2.60417e+10 2.60417e+10 
0.0102904 0.0109617 0.0126619 0.0112249 0.0115814 0.0125033 0 0 0 0 0 0 2.60417e+10 2.60417e+10 2.60417e+10 
0.0102904 0.0109617 0.0117152 0.00894801 0.0126619 0.0112249 0 0 0 0 0 0 2.60417e+10 2.60417e+10 2.60417e+10 
0.00365166 0.000346352 0.00336349 0.00241041 0.00137151 0.00114399 0 0 0 0 0 0 2.60417e+10 2.60417e+10 2.60417e+10 
0.00365166 0.000346352 0.00137151 0.00114399 0.00189671 -0.00132618 0 0 0 0 0 0 2.60417e+10 2.60417e+10 2.60417e+10 
0.00365166 0.000346352 0.00189671 -0.00132618 0.00432402 -0.00165879 0 0 0 0 0 0 2.60417e+10 2.60417e+10 2.60417e+10 
0.02 0.0088 0.02 0.0104 0.0182479 0.00968157 0 0 0 0 0 0 1.04167e+10 1.04167e+10 1.04167e+10 
0.02 0.0088 0.0182479 0.00968157 0.0184698 0.00712598 0 0 0 0 0 0 1.04167e+10 1.04167e+10 1.04167e+10 
0.02 0.0088 0.0184698 0.00712598 0.02 0.0072 0 0 0 0 0 0 1.04167e+10 1.04167e+10 1.04167e+10 
0.0077082 0.0164127 0.00649494 0.0167378 0.00734866 0.0151274 0 0 0 0 0 0 2.60417e+10 2.60417e+10 2.60417e+10 
0.0077082 0.0164127 0.00734866 0.0151274 0.00888084 0.0159625 0 0 0 0 0 0 2.60417e+10 2.60417e+10 2.60417e+10 
-0.00773777 0.00749494 -0.00741268 0.0087082 -0.00946235 0.00737411 0 0 0 0 0 0 1.04167e+10 1.04167e+10 1.04167e+10 
-0.00773777 0.00749494 -0.00946235 0.00737411 -0.00793426 0.00625434 0 0 0 0 0 0 2.08333e+10 2.08333e+10 2.08333e+10 
-0.00773777 0.00749494 -0.0061274 0.00834866 -0.00741268 0.0087082 0 0 0 0 0 0 2.60417e+10 2.60417e+10 2.60417e+10 
-0.00384331 -0.0174883 -0.0024 -0.02 -0.000829299 -0.0171358 0 0 0 0 0 0 1.04167e+10 1.04167e+10 1.04167e+10 
-0.00384331 -0.0174883 -0.004 -0.02 -0.0024 -0.02 0 0 0 0 0 0 1.04167e+10 1.04167e+10 1.04167e+10 
-0.0101506 -0.0123044 -0.0096534 -0.0142938 -0.0083528 -0.0132991 0 0 0 0 0 0 2.08333e+10 2.08333e+10 2.08333e+10 
-0.0101506 -0.0123044 -0.0111115 -0.013487 -0.0096534 -0.0142938 0 0 0 0 0 0 2.08333e+10 2.08333e+10 2.08333e+10 
-0.0101506 -0.0123044 -0.0083528 -0.0132991 -0.0098627 -0.00989224 0 0 0 0 0 0 2.08333e+10 2.08333e+10 2.08333e+10 
-0.0101506 -0.0123044 -0.0098627 -0.00989224 -0.0119483 -0.0113097 0 0 0 0 0 0 2.08333e+10 2.08333e+10 2.08333e+10 
-0.0101506 -0.0123044 -0.0119483 -0.0113097 -0.0111115 -0.013487 0 0 0 0 0 0 2.08333e+10 2.08333e+10 2.08333e+10 
-0.0159771 0.0127401 -0.0139055 0.0121628 -0.0147713 0.0153401 0 0 0 0 0 0 1.04167e+10 1.04167e+10 1.04167e+10 
-0.0159771 0.0127401 -0.0147713 0.0153401 -0.0170168 0.0148792 0 0 0 0 0 0 1.04167e+10 1.04167e+10 1.04167e+10 
-0.0159771 0.0127401 -0.0147194 0.00981474 -0.0139055 0.0121628 0 0 0 0 0 0 1.04167e+10 1.04167e+10 1.04167e+10 
-0.0159771 0.0127401 -0.0174431 0.0101288 -0.0147194 0.00981474 0 0 0 0 0 0 1.04167e+10 1.04167e+10 1.04167e+10 
-0.0159771 0.0127401 -0.0170168 0.0148792 -0.0188031 0.0120672 0 0 0 0 0 0 1.04167e+10 1.04167e+10 1.04167e+10 
-0.0159771 0.0127401 -0.0188031 0.0120672 -0.0174431 0.0101288 0 0 0 0 0 0 1.04167e+10 1.04167e+10 1.04167e+10 
-0.0158011 -0.00712264 -0.0171463 -0.00853309 -0.0155439 -0.00932041 0 0 0 0 0 0 2.08333e+10 2.08333e+10 2.08333e+10 
-0.0158011 -0.00712264 -0.0173484 -0.00680623 -0.0171463 -0.00853309 0 0 0 0 0 0 2.08333e+10 2.08333e+10 2.08333e+10 
-0.0158011 -0.00712264 -0.0155439 -0.00932041 -0.0134435 -0.00791108 0 0 0 0 0 0 2.08333e+10 2.08333e+10 2.08333e+10 
-0.0158011 -0.00712264 -0.0138202 -0.00469312 -0.0160584 -0.00492487 0 0 0 0 0 0 2.08333e+10 2.08333e+10 2.08333e+10 
-0.0158011 -0.00712264 -0.0134435 -0.00791108 -0.0138202 -0.00469312 0 0 0 0 0 0 2.08333e+10 2.08333e+10 2.08333e+10 
-0.0158011 -0.00712264 -0.0160584 -0.00492487 -0.0173484 -0.00680623 0 0 0 0 0 0 2.08333e+10 2.08333e+10 2.08333e+10 
0.00157852 0.00388306 -0.000204347 0.00297485 0.00137151 0.00114399 0 0 0 0 0 0 2.60417e+10 2.60417e+10 2.60417e+10 
0.00157852 0.00388306 0.00137151 0.00114399 0.00336349 0.00241041 0 0 0 0 0 0 2.60417e+10 2.60417e+10 2.60417e+10 
0.00157852 0.00388306 -0.000653648 0.00534834 -0.000204347 0.00297485 0 0 0 0 0 0 2.60417e+10 2.60417e+10 2.60417e+10 
0.00157852 0.00388306 0.00161698 0.00619679 -0.000653648 0.00534834 0 0 0 0 0 0 2.60417e+10 2.60417e+10 2.60417e+10 
0.00157852 0.00388306 0.00336349 0.00241041 0.004 0.005 0 0 0 0 0 0 2.60417e+10 2.60417e+10 2.60417e+10 
0.00157852 0.00388306 0.004 0.005 0.00161698 0.00619679 0 0 0 0 0 0 2.60417e+10 2.60417e+10 2.60417e+10 
-0.00344708 -0.014959 -0.00180206 -0.0144848 -0.00246256 -0.0131141 0 0 0 0 0 0 2.08333e+10 2.08333e+10 2.08333e+10 
-0.00344708 -0.014959 -0.00246256 -0.0131141 -0.0045088 -0.0137039 0 0 0 0 0 0 2.08333e+10 2.08333e+10 2.08333e+10 
-0.00344708 -0.014959 -0.0045088 -0.0137039 -0.00509209 -0.0154331 0 0 0 0 0 0 2.08333e+10 2.08333e+10 2.08333e+10 
-0.00654384 0.00338593 -0.00616153 0.00175638 -0.00451496 0.00338554 0 0 0 0 0 0 2.60417e+10 2.60417e+10 2.60417e+10 
-0.00654384 0.00338593 -0.00451496 0.00338554 -0.00666652 0.00505522 0 0 0 0 0 0 2.60417e+10 2.60417e+10 2.60417e+10 
-0.00654384 0.00338593 -0.00666652 0.00505522 -0.00793426 0.00374566 0 0 0 0 0 0 2.60417e+10 2.60417e+10 2.60417e+10 
-0.00654384 0.00338593 -0.00773777 0.00250506 -0.00616153 0.00175638 0 0 0 0 0 0 2.60417e+10 2.60417e+10 2.60417e+10 
-0.00654384 0.00338593 -0.00793426 0.00374566 -0.00773777 0.00250506 0 0 0 0 0 0 2.60417e+10 2.60417e+10 2.60417e+10 
0.0125969 -0.0013143 0.0129177 -0.00302957 0.0137082 -0.00205342 0 0 0 0 0 0 2.60417e+10 2.60417e+10 2.60417e+10 
0.0125969 -0.0013143 0.0115033 -0.00258142 0.0129177 -0.00302957 0 0 0 0 0 0 2.60417e+10 2.60417e+10 2.60417e+10 
0.0125969 -0.0013143 0.0107962 -0.000377931 0.0115033 -0.00258142 0 0 0 0 0 0 2.60417e+10 2.60417e+10 2.60417e+10 
0.0125969 -0.0013143 0.0134789 0.000108294 0.0107962 -0.000377931 0 0 0 0 0 0 2.60417e+10 2.60417e+10 2.60417e+10 
0.004 -0.02 0.00585176 -0.017725 0.0034614 -0.0174064 0 0 0 0 0 0 1.04167e+10 1.04167e+10 1.04167e+10 
0.004 -0.02 0.0056 -0.02 0.00585176 -0.017725 0 0 0 0 0 0 1.04167e+10 1.04167e+10 1.04167e+10 
0.004 -0.02 0.0034614 -0.0174064 0.0024 -0.02 0 0 0 0 0 0 1.04167e+10 1.04167e+10 1.04167e+10 
0.018064 -0.00535031 0.0159193 -0.00781946 0.0187927 -0.00786905 0 0 0 0 0 0 1.04167e+10 1.04167e+10 1.04167e+10 
0.018064 -0.00535031 0.0154695 -0.0050415 0.0159193 -0.00781946 0 0 0 0 0 0 1.04167e+10 1.04167e+10 1.04167e+10 
0.018064 -0.00535031 0.0187927 -0.00786905 0.02 -0.0072 0 0 0 0 0 0 1.04167e+10 1.04167e+10 1.04167e+10 
0.018064 -0.00535031 0.02 -0.0072 0.02 -0.0056 0 0 0 0 0 0 1.04167e+10 1.04167e+10 1.04167e+10 
0.018064 -0.00535031 0.02 -0.0056 0.02 -0.004 0 0 0 0 0 0 1.04167e+10 1.04167e+10 1.04167e+10 
0.018064 -0.00535031 0.02 -0.004 0.0186252 -0.002735 0 0 0 0 0 0 1.04167e+10 1.04167e+10 1.04167e+10 
0.018064 -0.00535031 0.0186252 -0.002735 0.0164505 -0.00266024 0 0 0 0 0 0 1.04167e+10 1.04167e+10 1.04167e+10 
0.018064 -0.00535031 0.0164505 -0.00266024 0.0154695 -0.0050415 0 0 0 0 0 0 1.04167e+10 1.04167e+10 1.04167e+10 
0.02 -0.0184 0.0187863 -0.0172033 0.0184 -0.02 0 0 0 0 0 0 1.04167e+10 1.04167e+10 1.04167e+10 
0.02 -0.0184 0.0184 -0.02 0.02 -0.02 0 0 0 0 0 0 1.04167e+10 1.04167e+10 1.04167e+10 
0.02 -0.0184 0.02 -0.0168 0.0187863 -0.0172033 0 0 0 0 0 0 1.04167e+10 1.04167e+10 1.04167e+10 
0.00572316 0.0155266 0.00361377 0.0136581 0.00606868 0.0134162 0 0 0 0 0 0 2.60417e+10 2.60417e+10 2.60417e+10 
0.00572316 0.0155266 0.00405522 0.0156665 0.00361377 0.0136581 0 0 0 0 0 0 2.60417e+10 2.60417e+10 2.60417e+10 
0.00572316 0.0155266 0.00606868 0.0134162 0.00734866 0.0151274 0 0 0 0 0 0 2.60417e+10 2.60417e+10 2.60417e+10 
0.00572316 0.0155266 0.00734866 0.0151274 0.00649494 0.0167378 0 0 0 0 0 0 2.60417e+10 2.60417e+10 2.60417e+10 
0.00572316 0.0155266 0.00649494 0.0167378 0.00525434 0.0169343 0 0 0 0 0 0 2.60417e+10 2.60417e+10 2.60417e+10 
0.00572316 0.0155266 0.00525434 0.0169343 0.00405522 0.0156665 0 0 0 0 0 0 2.60417e+10 2.60417e+10 2.60417e+10 
0.00602515 0.000795653 0.00670757 -0.00109209 0.00872545 0.000297386 0 0 0 0 0 0 2.60417e+10 2.60417e+10 2.60417e+10 
0.00602515 0.000795653 0.00432402 -0.00165879 0.00670757 -0.00109209 0 0 0 0 0 0 2.60417e+10 2.60417e+10 2.60417e+10 
0.00602515 0.000795653 0.00365166 0.000346352 0.00432402 -0.00165879 0 0 0 0 0 0 2.60417e+10 2.60417e+10 2.60417e+10 
0.00602515 0.000795653 0.00562776 0.00288777 0.00336349 0.00241041 0 0 0 0 0 0 2.60417e+10 2.60417e+10 2.60417e+10 
0.00602515 0.000795653 0.00336349 0.00241041 0.00365166 0.000346352 0 0 0 0 0 0 2.60417e+10 2.60417e+10 2.60417e+10 
0.00649494 -0.00673777 0.00561407 -0.00554384 0.00525434 -0.00693426 0 0 0 0 0 0 2.60417e+10 2.60417e+10 2.60417e+10 
0.00649494 -0.00673777 0.00525434 -0.00693426 0.00685402 -0.00769508 0 0 0 0 0 0 2.08333e+10 2.08333e+10 2.08333e+10 
0.00649494 -0.00673777 0.00685402 -0.00769508 0.0077082 -0.00641268 0 0 0 0 0 0 2.08333e+10 2.08333e+10 2.08333e+10 
0.00649494 -0.00673777 0.00724362 -0.00516153 0.00561407 -0.00554384 0 0 0 0 0 0 2.60417e+10 2.60417e+10 2.60417e+10 
0.00649494 -0.00673777 0.0077082 -0.00641268 0.00724362 -0.00516153 0 0 0 0 0 0 2.60417e+10 2.60417e+10 2.60417e+10 
-0.0056 -0.02 -0.004 -0.02 -0.00384331 -0.0174883 0 0 0 0 0 0 1.04167e+10 1.04167e+10 1.04167e+10 
-0.00402957 0.0139177 -0.00491774 0.0130296 -0.00350332 0.0125814 0 0 0 0 0 0 2.60417e+10 2.60417e+10 2.60417e+10 
-0.00402957 0.0139177 -0.00350332 0.0125814 -0.00222495 0.0136619 0 0 0 0 0 0 2.60417e+10 2.60417e+10 2.60417e+10 
-0.00402957 0.0139177 -0.00222495 0.0136619 -0.00305342 0.0147082 0 0 0 0 0 0 2.60417e+10 2.60417e+10 2.60417e+10 
-0.00652656 0.00672316 -0.0061274 0.00834866 -0.00773777 0.00749494 0 0 0 0 0 0 2.60417e+10 2.60417e+10 2.60417e+10 
-0.00652656 0.00672316 -0.00793426 0.00625434 -0.00666652 0.00505522 0 0 0 0 0 0 2.60417e+10 2.60417e+10 2.60417e+10 
-0.00652656 0.00672316 -0.00773777 0.00749494 -0.00793426 0.00625434 0 0 0 0 0 0 2.60417e+10 2.60417e+10 2.60417e+10 
-0.012 0.02 -0.0136 0.02 -0.0140665 0.0176528 0 0 0 0 0 0 1.04167e+10 1.04167e+10 1.04167e+10 
-0.012 0.02 -0.0140665 0.0176528 -0.010978 0.017692 0 0 0 0 0 0 1.04167e+10 1.04167e+10 1.04167e+10 
-0.012 0.02 -0.010978 0.017692 -0.0104 0.02 0 0 0 0 0 0 1.04167e+10 1.04167e+10 1.04167e+10 
-0.0046249 0.00584988 -0.00666652 0.00505522 -0.00451496 0.00338554 0 0 0 0 0 0 2.60417e+10 2.60417e+10 2.60417e+10 
-0.0046249 0.00584988 -0.00403609 0.00824536 -0.0061274 0.00834866 0 0 0 0 0 0 2.60417e+10 2.60417e+10 2.60417e+10 
-0.0046249 0.00584988 -0.0061274 0.00834866 -0.00652656 0.00672316 0 0 0 0 0 0 2.60417e+10 2.60417e+10 2.60417e+10 
-0.0046249 0.00584988 -0.00451496 0.00338554 -0.00260049 0.00406297 0 0 0 0 0 0 2.60417e+10 2.60417e+10 2.60417e+10 
-0.0046249 0.00584988 -0.00260049 0.00406297 -0.00249326 0.00651061 0 0 0 0 0 0 2.60417e+10 2.60417e+10 2.60417e+10 
-0.0046249 0.00584988 -0.00652656 0.00672316 -0.00666652 0.00505522 0 0 0 0 0 0 2.60417e+10 2.60417e+10 2.60417e+10 
-0.0046249 0.00584988 -0.00249326 0.00651061 -0.00403609 0.00824536 0 0 0 0 0 0 2.60417e+10 2.60417e+10 2.60417e+10 
0.004 0.017 0.00274566 0.0169343 0.00405522 0.0156665 0 0 0 0 0 0 2.60417e+10 2.60417e+10 2.60417e+10 
0.004 0.017 0.00405522 0.0156665 0.00525434 0.0169343 0 0 0 0 0 0 2.60417e+10 2.60417e+10 2.60417e+10 
0.0145438 0.00661407 0.0146665 0.00494478 0.0159343 0.00625434 0 0 0 0 0 0 2.60417e+10 2.60417e+10 2.60417e+10 
0.0145438 0.00661407 0.012515 0.00661446 0.0146665 0.00494478 0 0 0 0 0 0 2.60417e+10 2.60417e+10 2.60417e+10 
0.0145438 0.00661407 0.0141615 0.00824362 0.012515 0.00661446 0 0 0 0 0 0 2.60417e+10 2.60417e+10 2.60417e+10 
0.0145438 0.00661407 0.0157378 0.00749494 0.0141615 0.00824362 0 0 0 0 0 0 2.60417e+10 2.60417e+10 2.60417e+10 
0.0145438 0.00661407 0.0159343 0.00625434 0.0157378 0.00749494 0 0 0 0 0 0 2.60417e+10 2.60417e+10 2.60417e+10 
-0.000891706 -0.00447887 -0.000355985 -0.00249243 -0.0023143 -0.00359694 0 0 0 0 0 0 2.60417e+10 2.60417e+10 2.60417e+10 
-0.000891706 -0.00447887 0.000651341 -0.0051274 -0.000355985 -0.00249243 0 0 0 0 0 0 2.60417e+10 2.60417e+10 2.60417e+10 
-0.000891706 -0.00447887 -0.0023143 -0.00359694 -0.002 -0.0053923 0 0 0 0 0 0 2.60417e+10 2.60417e+10 2.60417e+10 
-0.000891706 -0.00447887 -0.00088084 -0.00596255 0.000651341 -0.0051274 0 0 0 0 0 0 2.60417e+10 2.60417e+10 2.60417e+10 
-0.000891706 -0.00447887 -0.002 -0.0053923 -0.00088084 -0.00596255 0 0 0 0 0 0 2.60417e+10 2.60417e+10 2.60417e+10 
0.00785601 0.00237151 0.00865365 0.00465166 0.0066663 0.00495568 0 0 0 0 0 0 2.60417e+10 2.60417e+10 2.60417e+10 
0.00785601 0.00237151 0.0066663 0.00495568 0.00562776 0.00288777 0 0 0 0 0 0 2.60417e+10 2.60417e+10 2.60417e+10 
0.00785601 0.00237151 0.00872545 0.000297386 0.0101051 0.00232197 0 0 0 0 0 0 2.60417e+10 2.60417e+10 2.60417e+10 
0.00785601 0.00237151 0.0101051 0.00232197 0.00865365 0.00465166 0 0 0 0 0 0 2.60417e+10 2.60417e+10 2.60417e+10 
0.00785601 0.00237151 0.00602515 0.000795653 0.00872545 0.000297386 0 0 0 0 0 0 2.60417e+10 2.60417e+10 2.60417e+10 
0.00785601 0.00237151 0.00562776 0.00288777 0.00602515 0.000795653 0 0 0 0 0 0 2.60417e+10 2.60417e+10 2.60417e+10 
-0.0063923 -0.001 -0.00552901 0.000206705 -0.00696255 0.00011916 0 0 0 0 0 0 2.60417e+10 2.60417e+10 2.60417e+10 
-0.0063923 -0.001 -0.00466186 -0.00122495 -0.00552901 0.000206705 0 0 0 0 0 0 2.60417e+10 2.60417e+10 2.60417e+10 
-0.0063923 -0.001 -0.0057082 -0.00205342 -0.00466186 -0.00122495 0 0 0 0 0 0 2.60417e+10 2.60417e+10 2.60417e+10 
0.0143923 -0.001 0.0149625 0.00011916 0.0134789 0.000108294 0 0 0 0 0 0 2.60417e+10 2.60417e+10 2.60417e+10 
0.0143923 -0.001 0.0125969 -0.0013143 0.0137082 -0.00205342 0 0 0 0 0 0 2.60417e+10 2.60417e+10 2.60417e+10 
0.0143923 -0.001 0.0134789 0.000108294 0.0125969 -0.0013143 0 0 0 0 0 0 2.60417e+10 2.60417e+10 2.60417e+10 
0.00101517 0.0181262 0.0024 0.02 0.0008 0.02 0 0 0 0 0 0 1.04167e+10 1.04167e+10 1.04167e+10 
0.00101517 0.0181262 0.000291796 0.0164127 0.00150506 0.0167378 0 0 0 0 0 0 1.04167e+10 1.04167e+10 1.04167e+10 
0.00101517 0.0181262 0.00150506 0.0167378 0.00274566 0.0169343 0 0 0 0 0 0 1.04167e+10 1.04167e+10 1.04167e+10 
0.00101517 0.0181262 0.0008 0.02 -0.0008 0.02 0 0 0 0 0 0 1.04167e+10 1.04167e+10 1.04167e+10 
-0.00762394 -0.00178905 -0.0057082 -0.00205342 -0.0063923 -0.001 0 0 0 0 0 0 2.08333e+10 2.08333e+10 2.08333e+10 
-0.00762394 -0.00178905 -0.0063923 -0.001 -0.00696255 0.00011916 0 0 0 0 0 0 2.08333e+10 2.08333e+10 2.08333e+10 
-0.00762394 -0.00178905 -0.00969419 -0.00064217 -0.00944468 -0.00336684 0 0 0 0 0 0 2.08333e+10 2.08333e+10 2.08333e+10 
0.0157776 0.0115189 0.0182479 0.00968157 0.0188438 0.0125262 0 0 0 0 0 0 1.04167e+10 1.04167e+10 1.04167e+10 
0.0157776 0.0115189 0.0188438 0.0125262 0.0159417 0.0125784 0 0 0 0 0 0 1.04167e+10 1.04167e+10 1.04167e+10 
0.0157776 0.0115189 0.0137082 0.0120534 0.0143923 0.011 0 0 0 0 0 0 1.04167e+10 1.04167e+10 1.04167e+10 
0.0157776 0.0115189 0.0143923 0.011 0.0149625 0.00988084 0 0 0 0 0 0 1.04167e+10 1.04167e+10 1.04167e+10 
-0.00627168 0.0137006 -0.0057082 0.0120534 -0.00491774 0.0130296 0 0 0 0 0 0 1.04167e+10 1.04167e+10 1.04167e+10 
-0.00627168 0.0137006 -0.00699594 0.0150842 -0.00911948 0.0124555 0 0 0 0 0 0 1.04167e+10 1.04167e+10 1.04167e+10 
0.00159613 -0.0150261 0.00139375 -0.0173099 0.0034614 -0.0174064 0 0 0 0 0 0 1.04167e+10 1.04167e+10 1.04167e+10 
0.00159613 -0.0150261 0.00148796 -0.0135365 -0.00015705 -0.0140106 0 0 0 0 0 0 1.04167e+10 1.04167e+10 1.04167e+10 
-0.00265918 -0.0162527 -0.00180206 -0.0144848 -0.00344708 -0.014959 0 0 0 0 0 0 1.04167e+10 1.04167e+10 1.04167e+10 
-0.00265918 -0.0162527 -0.00384331 -0.0174883 -0.000829299 -0.0171358 0 0 0 0 0 0 1.04167e+10 1.04167e+10 1.04167e+10 
0.0173317 0.00313624 0.0186259 0.00222853 0.02 0.004 0 0 0 0 0 0 1.04167e+10 1.04167e+10 1.04167e+10 
0.0173317 0.00313624 0.02 0.004 0.018219 0.00499335 0 0 0 0 0 0 1.04167e+10 1.04167e+10 1.04167e+10 
0.0173317 0.00313624 0.0159343 0.00374566 0.0157378 0.00250506 0 0 0 0 0 0 1.04167e+10 1.04167e+10 1.04167e+10 
0.0173317 0.00313624 0.018219 0.00499335 0.016 0.005 0 0 0 0 0 0 1.04167e+10 1.04167e+10 1.04167e+10 
0.0173317 0.00313624 0.016 0.005 0.0159343 0.00374566 0 0 0 0 0 0 1.04167e+10 1.04167e+10 1.04167e+10 
-0.00849826 0.0100001 -0.00911948 0.0124555 -0.00966359 0.0103802 0 0 0 0 0 0 1.04167e+10 1.04167e+10 1.04167e+10 
-0.00849826 0.0100001 -0.00741268 0.0087082 -0.00696255 0.00988084 0 0 0 0 0 0 1.04167e+10 1.04167e+10 1.04167e+10 
0.00532544 0.0183959 0.0072 0.02 0.0056 0.02 0 0 0 0 0 0 1.04167e+10 1.04167e+10 1.04167e+10 
0.00532544 0.0183959 0.00525434 0.0169343 0.00649494 0.0167378 0 0 0 0 0 0 1.04167e+10 1.04167e+10 1.04167e+10 
0.00532544 0.0183959 0.0056 0.02 0.004 0.02 0 0 0 0 0 0 1.04167e+10 1.04167e+10 1.04167e+10 
0.00532544 0.0183959 0.004 0.017 0.00525434 0.0169343 0 0 0 0 0 0 1.04167e+10 1.04167e+10 1.04167e+10 
0.00585143 -0.0137996 0.00542275 -0.0153622 0.00763069 -0.0148572 0 0 0 0 0 0 1.04167e+10 1.04167e+10 1.04167e+10 
-0.0185867 -0.00879712 -0.0169441 -0.01026 -0.0171463 -0.00853309 0 0 0 0 0 0 1.04167e+10 1.04167e+10 1.04167e+10 
-0.0185867 -0.00879712 -0.02 -0.0088 -0.02 -0.0104 0 0 0 0 0 0 1.04167e+10 1.04167e+10 1.04167e+10 
-0.0185867 -0.00879712 -0.02 -0.0072 -0.02 -0.0088 0 0 0 0 0 0 1.04167e+10 1.04167e+10 1.04167e+10 
-0.0185867 -0.00879712 -0.0171463 -0.00853309 -0.0173484 -0.00680623 0 0 0 0 0 0 1.04167e+10 1.04167e+10 1.04167e+10 
-0.0183083 -0.0111753 -0.02 -0.012 -0.0183731 -0.0121929 0 0 0 0 0 0 1.04167e+10 1.04167e+10 1.04167e+10 
-0.0183083 -0.0111753 -0.02 -0.0104 -0.02 -0.012 0 0 0 0 0 0 1.04167e+10 1.04167e+10 1.04167e+10 
-0.0183083 -0.0111753 -0.0169441 -0.01026 -0.0185867 -0.00879712 0 0 0 0 0 0 1.04167e+10 1.04167e+10 1.04167e+10 
-0.0183083 -0.0111753 -0.0185867 -0.00879712 -0.02 -0.0104 0 0 0 0 0 0 1.04167e+10 1.04167e+10 1.04167e+10 
0.00372378 -0.0144128 0.00477799 -0.0125882 0.00313298 -0.0130623 0 0 0 0 0 0 1.04167e+10 1.04167e+10 1.04167e+10 
0.00372378 -0.0144128 0.00585143 -0.0137996 0.00477799 -0.0125882 0 0 0 0 0 0 1.04167e+10 1.04167e+10 1.04167e+10 
0.00372378 -0.0144128 0.00542275 -0.0153622 0.00585143 -0.0137996 0 0 0 0 0 0 1.04167e+10 1.04167e+10 1.04167e+10 
0.00372378 -0.0144128 0.0034614 -0.0174064 0.00542275 -0.0153622 0 0 0 0 0 0 1.04167e+10 1.04167e+10 1.04167e+10 
0.00372378 -0.0144128 0.00159613 -0.0150261 0.0034614 -0.0174064 0 0 0 0 0 0 1.04167e+10 1.04167e+10 1.04167e+10 
0.00372378 -0.0144128 0.00313298 -0.0130623 0.00148796 -0.0135365 0 0 0 0 0 0 1.04167e+10 1.04167e+10 1.04167e+10 
0.00372378 -0.0144128 0.00148796 -0.0135365 0.00159613 -0.0150261 0 0 0 0 0 0 1.04167e+10 1.04167e+10 1.04167e+10 
-0.00313746 -0.00641332 -0.00573573 -0.00703276 -0.00281911 -0.00853368 0 0 0 0 0 0 2.08333e+10 2.08333e+10 2.08333e+10 
-0.00313746 -0.00641332 -0.002 -0.0053923 -0.00305342 -0.0047082 0 0 0 0 0 0 2.08333e+10 2.08333e+10 2.08333e+10 
0.0100394 -0.00703049 0.0104494 -0.0100731 0.011412 -0.00709102 0 0 0 0 0 0 1.04167e+10 1.04167e+10 1.04167e+10 
0.0100394 -0.00703049 0.011412 -0.00709102 0.01 -0.0053923 0 0 0 0 0 0 1.04167e+10 1.04167e+10 1.04167e+10 
0.0100394 -0.00703049 0.01 -0.0053923 0.00888084 -0.00596255 0 0 0 0 0 0 1.04167e+10 1.04167e+10 1.04167e+10 
-0.004743 0.0152356 -0.00396038 0.0174 -0.0063863 0.0174423 0 0 0 0 0 0 1.04167e+10 1.04167e+10 1.04167e+10 
-0.004743 0.0152356 -0.0063863 0.0174423 -0.00699594 0.0150842 0 0 0 0 0 0 1.04167e+10 1.04167e+10 1.04167e+10 
-0.004743 0.0152356 -0.00402957 0.0139177 -0.00305342 0.0147082 0 0 0 0 0 0 1.04167e+10 1.04167e+10 1.04167e+10 
-0.004743 0.0152356 -0.00699594 0.0150842 -0.00627168 0.0137006 0 0 0 0 0 0 1.04167e+10 1.04167e+10 1.04167e+10 
-0.004743 0.0152356 -0.00491774 0.0130296 -0.00402957 0.0139177 0 0 0 0 0 0 1.04167e+10 1.04167e+10 1.04167e+10 
-0.004743 0.0152356 -0.00627168 0.0137006 -0.00491774 0.0130296 0 0 0 0 0 0 1.04167e+10 1.04167e+10 1.04167e+10 
0.0166707 0.00954526 0.0149625 0.00988084 0.0154127 0.0087082 0 0 0 0 0 0 1.04167e+10 1.04167e+10 1.04167e+10 
0.0166707 0.00954526 0.0182479 0.00968157 0.0157776 0.0115189 0 0 0 0 0 0 1.04167e+10 1.04167e+10 1.04167e+10 
0.0166707 0.00954526 0.0157776 0.0115189 0.0149625 0.00988084 0 0 0 0 0 0 1.04167e+10 1.04167e+10 1.04167e+10 
0.00822317 -0.00820953 0.00685402 -0.00769508 0.00616201 -0.00932611 0 0 0 0 0 0 1.04167e+10 1.04167e+10 1.04167e+10 
0.00822317 -0.00820953 0.0104494 -0.0100731 0.0100394 -0.00703049 0 0 0 0 0 0 1.04167e+10 1.04167e+10 1.04167e+10 
0.00822317 -0.00820953 0.0077082 -0.00641268 0.00685402 -0.00769508 0 0 0 0 0 0 1.04167e+10 1.04167e+10 1.04167e+10 
0.00822317 -0.00820953 0.00888084 -0.00596255 0.0077082 -0.00641268 0 0 0 0 0 0 1.04167e+10 1.04167e+10 1.04167e+10 
0.00822317 -0.00820953 0.0100394 -0.00703049 0.00888084 -0.00596255 0 0 0 0 0 0 1.04167e+10 1.04167e+10 1.04167e+10 
0.00515047 -0.00841207 0.00525434 -0.00693426 0.004 -0.007 0 0 0 0 0 0 2.08333e+10 2.08333e+10 2.08333e+10 
0.00515047 -0.00841207 0.00456239 -0.00925585 0.00616201 -0.00932611 0 0 0 0 0 0 2.08333e+10 2.08333e+10 2.08333e+10 
0.00515047 -0.00841207 0.00685402 -0.00769508 0.00525434 -0.00693426 0 0 0 0 0 0 2.08333e+10 2.08333e+10 2.08333e+10 
0.00515047 -0.00841207 0.00616201 -0.00932611 0.00685402 -0.00769508 0 0 0 0 0 0 2.08333e+10 2.08333e+10 2.08333e+10 
0.00298413 -0.00842294 0.004 -0.007 0.00274566 -0.00693426 0 0 0 0 0 0 2.08333e+10 2.08333e+10 2.08333e+10 
0.00298413 -0.00842294 0.00202337 -0.00947948 0.00456239 -0.00925585 0 0 0 0 0 0 2.08333e+10 2.08333e+10 2.08333e+10 
0.00298413 -0.00842294 0.00515047 -0.00841207 0.004 -0.007 0 0 0 0 0 0 2.08333e+10 2.08333e+10 2.08333e+10 
0.00298413 -0.00842294 0.00456239 -0.00925585 0.00515047 -0.00841207 0 0 0 0 0 0 2.08333e+10 2.08333e+10 2.08333e+10 
0.0135383 -0.00449887 0.0129177 -0.00302957 0.0120296 -0.00391774 0 0 0 0 0 0 1.04167e+10 1.04167e+10 1.04167e+10 
0.0135383 -0.00449887 0.013897 -0.00727273 0.0154695 -0.0050415 0 0 0 0 0 0 1.04167e+10 1.04167e+10 1.04167e+10 
-0.0164093 -0.0122259 -0.015486 -0.0110667 -0.0169441 -0.01026 0 0 0 0 0 0 1.04167e+10 1.04167e+10 1.04167e+10 
-0.0164093 -0.0122259 -0.0183731 -0.0121929 -0.0170014 -0.0151785 0 0 0 0 0 0 1.04167e+10 1.04167e+10 1.04167e+10 
-0.0164093 -0.0122259 -0.0183083 -0.0111753 -0.0183731 -0.0121929 0 0 0 0 0 0 1.04167e+10 1.04167e+10 1.04167e+10 
-0.0164093 -0.0122259 -0.0169441 -0.01026 -0.0183083 -0.0111753 0 0 0 0 0 0 1.04167e+10 1.04167e+10 1.04167e+10 
-0.0164093 -0.0122259 -0.0140278 -0.0118735 -0.015486 -0.0110667 0 0 0 0 0 0 1.04167e+10 1.04167e+10 1.04167e+10 
-0.000531526 -0.0156394 -0.00015705 -0.0140106 -0.00180206 -0.0144848 0 0 0 0 0 0 1.04167e+10 1.04167e+10 1.04167e+10 
-0.000531526 -0.0156394 0.00159613 -0.0150261 -0.00015705 -0.0140106 0 0 0 0 0 0 1.04167e+10 1.04167e+10 1.04167e+10 
-0.000531526 -0.0156394 -0.000829299 -0.0171358 0.00139375 -0.0173099 0 0 0 0 0 0 1.04167e+10 1.04167e+10 1.04167e+10 
-0.000531526 -0.0156394 0.00139375 -0.0173099 0.00159613 -0.0150261 0 0 0 0 0 0 1.04167e+10 1.04167e+10 1.04167e+10 
-0.000531526 -0.0156394 -0.00180206 -0.0144848 -0.00265918 -0.0162527 0 0 0 0 0 0 1.04167e+10 1.04167e+10 1.04167e+10 
-0.000531526 -0.0156394 -0.00265918 -0.0162527 -0.000829299 -0.0171358 0 0 0 0 0 0 1.04167e+10 1.04167e+10 1.04167e+10 
-0.0107124 -0.0153779 -0.0096534 -0.0142938 -0.0111115 -0.013487 0 0 0 0 0 0 1.04167e+10 1.04167e+10 1.04167e+10 
0.0168601 0.00102182 0.0154127 0.0012918 0.0149625 0.00011916 0 0 0 0 0 0 1.04167e+10 1.04167e+10 1.04167e+10 
0.0168601 0.00102182 0.0180066 -0.000401744 0.0186259 0.00222853 0 0 0 0 0 0 1.04167e+10 1.04167e+10 1.04167e+10 
0.0168601 0.00102182 0.0186259 0.00222853 0.0173317 0.00313624 0 0 0 0 0 0 1.04167e+10 1.04167e+10 1.04167e+10 
0.0168601 0.00102182 0.0157378 0.00250506 0.0154127 0.0012918 0 0 0 0 0 0 1.04167e+10 1.04167e+10 1.04167e+10 
0.0168601 0.00102182 0.0173317 0.00313624 0.0157378 0.00250506 0 0 0 0 0 0 1.04167e+10 1.04167e+10 1.04167e+10 
0.0131071 0.014913 0.0120296 0.0139177 0.0129177 0.0130296 0 0 0 0 0 0 1.04167e+10 1.04167e+10 1.04167e+10 
0.0131071 0.014913 0.0151878 0.0152435 0.0139377 0.0177711 0 0 0 0 0 0 1.04167e+10 1.04167e+10 1.04167e+10 
0.0131071 0.014913 0.0110534 0.0147082 0.0120296 0.0139177 0 0 0 0 0 0 1.04167e+10 1.04167e+10 1.04167e+10 
-0.00691448 -0.0174792 -0.00891945 -0.0174528 -0.0072 -0.02 0 0 0 0 0 0 1.04167e+10 1.04167e+10 1.04167e+10 
-0.00691448 -0.0174792 -0.0072 -0.02 -0.0056 -0.02 0 0 0 0 0 0 1.04167e+10 1.04167e+10 1.04167e+10 
0.00949928 0.0172868 0.0104 0.02 0.0088 0.02 0 0 0 0 0 0 1.04167e+10 1.04167e+10 1.04167e+10 
0.00949928 0.0172868 0.0113208 0.0178671 0.0104 0.02 0 0 0 0 0 0 1.04167e+10 1.04167e+10 1.04167e+10 
0.00949928 0.0172868 0.0077082 0.0164127 0.00888084 0.0159625 0 0 0 0 0 0 1.04167e+10 1.04167e+10 1.04167e+10 
0.00949928 0.0172868 0.00888084 0.0159625 0.01 0.0153923 0 0 0 0 0 0 1.04167e+10 1.04167e+10 1.04167e+10 
0.011891 -0.00590591 0.0110534 -0.0047082 0.01 -0.0053923 0 0 0 0 0 0 1.04167e+10 1.04167e+10 1.04167e+10 
0.011891 -0.00590591 0.01 -0.0053923 0.011412 -0.00709102 0 0 0 0 0 0 1.04167e+10 1.04167e+10 1.04167e+10 
0.011891 -0.00590591 0.0120296 -0.00391774 0.0110534 -0.0047082 0 0 0 0 0 0 1.04167e+10 1.04167e+10 1.04167e+10 
0.011891 -0.00590591 0.0135383 -0.00449887 0.0120296 -0.00391774 0 0 0 0 0 0 1.04167e+10 1.04167e+10 1.04167e+10 
0.011891 -0.00590591 0.011412 -0.00709102 0.013897 -0.00727273 0 0 0 0 0 0 1.04167e+10 1.04167e+10 1.04167e+10 
0.011891 -0.00590591 0.013897 -0.00727273 0.0135383 -0.00449887 0 0 0 0 0 0 1.04167e+10 1.04167e+10 1.04167e+10 
-0.00298788 0.0165055 -0.002 0.0153923 -0.00088084 0.0159625 0 0 0 0 0 0 1.04167e+10 1.04167e+10 1.04167e+10 
-0.00298788 0.0165055 -0.00305342 0.0147082 -0.002 0.0153923 0 0 0 0 0 0 1.04167e+10 1.04167e+10 1.04167e+10 
-0.00298788 0.0165055 -0.00396038 0.0174 -0.004743 0.0152356 0 0 0 0 0 0 1.04167e+10 1.04167e+10 1.04167e+10 
-0.00298788 0.0165055 -0.004743 0.0152356 -0.00305342 0.0147082 0 0 0 0 0 0 1.04167e+10 1.04167e+10 1.04167e+10 
0.000844091 -0.00808616 0.00150506 -0.00673777 0.000291796 -0.00641268 0 0 0 0 0 0 2.08333e+10 2.08333e+10 2.08333e+10 
0.000844091 -0.00808616 -0.000745062 -0.0102775 0.00202337 -0.00947948 0 0 0 0 0 0 2.08333e+10 2.08333e+10 2.08333e+10 
0.000844091 -0.00808616 0.00274566 -0.00693426 0.00150506 -0.00673777 0 0 0 0 0 0 2.08333e+10 2.08333e+10 2.08333e+10 
0.000844091 -0.00808616 0.00298413 -0.00842294 0.00274566 -0.00693426 0 0 0 0 0 0 2.08333e+10 2.08333e+10 2.08333e+10 
0.000844091 -0.00808616 0.00202337 -0.00947948 0.00298413 -0.00842294 0 0 0 0 0 0 2.08333e+10 2.08333e+10 2.08333e+10 
-0.0115532 0.00753031 -0.0107044 0.00633513 -0.00946235 0.00737411 0 0 0 0 0 0 1.04167e+10 1.04167e+10 1.04167e+10 
-0.0115532 0.00753031 -0.0122475 0.00964226 -0.0140046 0.00766116 0 0 0 0 0 0 1.04167e+10 1.04167e+10 1.04167e+10 
-0.0115532 0.00753031 -0.0119465 0.00529614 -0.0107044 0.00633513 0 0 0 0 0 0 1.04167e+10 1.04167e+10 1.04167e+10 
0.0172358 0.00745387 0.0159343 0.00625434 0.018219 0.00499335 0 0 0 0 0 0 1.04167e+10 1.04167e+10 1.04167e+10 
0.0172358 0.00745387 0.018219 0.00499335 0.0184698 0.00712598 0 0 0 0 0 0 1.04167e+10 1.04167e+10 1.04167e+10 
0.0172358 0.00745387 0.0157378 0.00749494 0.0159343 0.00625434 0 0 0 0 0 0 1.04167e+10 1.04167e+10 1.04167e+10 
0.0172358 0.00745387 0.0154127 0.0087082 0.0157378 0.00749494 0 0 0 0 0 0 1.04167e+10 1.04167e+10 1.04167e+10 
0.0172358 0.00745387 0.0166707 0.00954526 0.0154127 0.0087082 0 0 0 0 0 0 1.04167e+10 1.04167e+10 1.04167e+10 
0.0172358 0.00745387 0.0184698 0.00712598 0.0182479 0.00968157 0 0 0 0 0 0 1.04167e+10 1.04167e+10 1.04167e+10 
0.0172358 0.00745387 0.0182479 0.00968157 0.0166707 0.00954526 0 0 0 0 0 0 1.04167e+10 1.04167e+10 1.04167e+10 
-0.00944752 0.00439051 -0.00793426 0.00374566 -0.008 0.005 0 0 0 0 0 0 2.08333e+10 2.08333e+10 2.08333e+10 
-0.00944752 0.00439051 -0.0107044 0.00633513 -0.0108847 0.00422873 0 0 0 0 0 0 2.08333e+10 2.08333e+10 2.08333e+10 
-0.00944752 0.00439051 -0.00793426 0.00625434 -0.0107044 0.00633513 0 0 0 0 0 0 2.08333e+10 2.08333e+10 2.08333e+10 
-0.00944752 0.00439051 -0.008 0.005 -0.00793426 0.00625434 0 0 0 0 0 0 2.08333e+10 2.08333e+10 2.08333e+10 
0.011399 0.0162455 0.01 0.0153923 0.0110534 0.0147082 0 0 0 0 0 0 1.04167e+10 1.04167e+10 1.04167e+10 
0.011399 0.0162455 0.0113208 0.0178671 0.00949928 0.0172868 0 0 0 0 0 0 1.04167e+10 1.04167e+10 1.04167e+10 
0.011399 0.0162455 0.00949928 0.0172868 0.01 0.0153923 0 0 0 0 0 0 1.04167e+10 1.04167e+10 1.04167e+10 
0.011399 0.0162455 0.0110534 0.0147082 0.0131071 0.014913 0 0 0 0 0 0 1.04167e+10 1.04167e+10 1.04167e+10 
0.011399 0.0162455 0.0139377 0.0177711 0.0113208 0.0178671 0 0 0 0 0 0 1.04167e+10 1.04167e+10 1.04167e+10 
0.011399 0.0162455 0.0131071 0.014913 0.0139377 0.0177711 0 0 0 0 0 0 1.04167e+10 1.04167e+10 1.04167e+10 
-0.0126114 -0.0143272 -0.0133648 -0.0177646 -0.0113692 -0.0172653 0 0 0 0 0 0 1.04167e+10 1.04167e+10 1.04167e+10 
-0.0126114 -0.0143272 -0.0144796 -0.0149787 -0.0133648 -0.0177646 0 0 0 0 0 0 1.04167e+10 1.04167e+10 1.04167e+10 
-0.0126114 -0.0143272 -0.0111115 -0.013487 -0.0125697 -0.0126802 0 0 0 0 0 0 1.04167e+10 1.04167e+10 1.04167e+10 
-0.0126114 -0.0143272 -0.0113692 -0.0172653 -0.0107124 -0.0153779 0 0 0 0 0 0 1.04167e+10 1.04167e+10 1.04167e+10 
-0.0126114 -0.0143272 -0.0107124 -0.0153779 -0.0111115 -0.013487 0 0 0 0 0 0 1.04167e+10 1.04167e+10 1.04167e+10 
-0.00753434 0.0119402 -0.00627168 0.0137006 -0.00911948 0.0124555 0 0 0 0 0 0 1.04167e+10 1.04167e+10 1.04167e+10 
-0.00753434 0.0119402 -0.00696255 0.00988084 -0.0063923 0.011 0 0 0 0 0 0 1.04167e+10 1.04167e+10 1.04167e+10 
-0.00753434 0.0119402 -0.00849826 0.0100001 -0.00696255 0.00988084 0 0 0 0 0 0 1.04167e+10 1.04167e+10 1.04167e+10 
-0.00753434 0.0119402 -0.00911948 0.0124555 -0.00849826 0.0100001 0 0 0 0 0 0 1.04167e+10 1.04167e+10 1.04167e+10 
-0.00753434 0.0119402 -0.0063923 0.011 -0.0057082 0.0120534 0 0 0 0 0 0 1.04167e+10 1.04167e+10 1.04167e+10 
-0.00753434 0.0119402 -0.0057082 0.0120534 -0.00627168 0.0137006 0 0 0 0 0 0 1.04167e+10 1.04167e+10 1.04167e+10 
-0.00992382 0.00889326 -0.00849826 0.0100001 -0.00966359 0.0103802 0 0 0 0 0 0 1.04167e+10 1.04167e+10 1.04167e+10 
-0.00992382 0.00889326 -0.00966359 0.0103802 -0.0122475 0.00964226 0 0 0 0 0 0 1.04167e+10 1.04167e+10 1.04167e+10 
-0.00992382 0.00889326 -0.0122475 0.00964226 -0.0115532 0.00753031 0 0 0 0 0 0 1.04167e+10 1.04167e+10 1.04167e+10 
-0.00992382 0.00889326 -0.0115532 0.00753031 -0.00946235 0.00737411 0 0 0 0 0 0 1.04167e+10 1.04167e+10 1.04167e+10 
-0.00992382 0.00889326 -0.00946235 0.00737411 -0.00741268 0.0087082 0 0 0 0 0 0 1.04167e+10 1.04167e+10 1.04167e+10 
-0.00992382 0.00889326 -0.00741268 0.0087082 -0.00849826 0.0100001 0 0 0 0 0 0 1.04167e+10 1.04167e+10 1.04167e+10 
-0.00121421 -0.00741045 -0.00313746 -0.00641332 -0.00281911 -0.00853368 0 0 0 0 0 0 2.08333e+10 2.08333e+10 2.08333e+10 
-0.00121421 -0.00741045 -0.00088084 -0.00596255 -0.002 -0.0053923 0 0 0 0 0 0 2.08333e+10 2.08333e+10 2.08333e+10 
-0.00121421 -0.00741045 -0.002 -0.0053923 -0.00313746 -0.00641332 0 0 0 0 0 0 2.08333e+10 2.08333e+10 2.08333e+10 
-0.00121421 -0.00741045 -0.00281911 -0.00853368 -0.000745062 -0.0102775 0 0 0 0 0 0 2.08333e+10 2.08333e+10 2.08333e+10 
-0.00121421 -0.00741045 -0.000745062 -0.0102775 0.000844091 -0.00808616 0 0 0 0 0 0 2.08333e+10 2.08333e+10 2.08333e+10 
-0.00121421 -0.00741045 0.000291796 -0.00641268 -0.00088084 -0.00596255 0 0 0 0 0 0 2.08333e+10 2.08333e+10 2.08333e+10 
-0.00121421 -0.00741045 0.000844091 -0.00808616 0.000291796 -0.00641268 0 0 0 0 0 0 2.08333e+10 2.08333e+10 2.08333e+10 
-0.00478683 -0.0168659 -0.00344708 -0.014959 -0.00509209 -0.0154331 0 0 0 0 0 0 1.04167e+10 1.04167e+10 1.04167e+10 
-0.00478683 -0.0168659 -0.00509209 -0.0154331 -0.0067371 -0.0159073 0 0 0 0 0 0 1.04167e+10 1.04167e+10 1.04167e+10 
-0.00478683 -0.0168659 -0.0067371 -0.0159073 -0.00691448 -0.0174792 0 0 0 0 0 0 1.04167e+10 1.04167e+10 1.04167e+10 
-0.00478683 -0.0168659 -0.0056 -0.02 -0.00384331 -0.0174883 0 0 0 0 0 0 1.04167e+10 1.04167e+10 1.04167e+10 
-0.00478683 -0.0168659 -0.00691448 -0.0174792 -0.0056 -0.02 0 0 0 0 0 0 1.04167e+10 1.04167e+10 1.04167e+10 
-0.00478683 -0.0168659 -0.00265918 -0.0162527 -0.00344708 -0.014959 0 0 0 0 0 0 1.04167e+10 1.04167e+10 1.04167e+10 
-0.00478683 -0.0168659 -0.00384331 -0.0174883 -0.00265918 -0.0162527 0 0 0 0 0 0 1.04167e+10 1.04167e+10 1.04167e+10 
0.00315942 0.0184351 0.004 0.02 0.0024 0.02 0 0 0 0 0 0 1.04167e+10 1.04167e+10 1.04167e+10 
0.00315942 0.0184351 0.0024 0.02 0.00101517 0.0181262 0 0 0 0 0 0 1.04167e+10 1.04167e+10 1.04167e+10 
0.00315942 0.0184351 0.00101517 0.0181262 0.00274566 0.0169343 0 0 0 0 0 0 1.04167e+10 1.04167e+10 1.04167e+10 
0.00315942 0.0184351 0.00274566 0.0169343 0.004 0.017 0 0 0 0 0 0 1.04167e+10 1.04167e+10 1.04167e+10 
0.00315942 0.0184351 0.00532544 0.0183959 0.004 0.02 0 0 0 0 0 0 1.04167e+10 1.04167e+10 1.04167e+10 
0.00315942 0.0184351 0.004 0.017 0.00532544 0.0183959 0 0 0 0 0 0 1.04167e+10 1.04167e+10 1.04167e+10 
-0.00881344 -0.0164286 -0.0067371 -0.0159073 -0.00819525 -0.0151005 0 0 0 0 0 0 1.04167e+10 1.04167e+10 1.04167e+10 
-0.00881344 -0.0164286 -0.00891945 -0.0174528 -0.00691448 -0.0174792 0 0 0 0 0 0 1.04167e+10 1.04167e+10 1.04167e+10 
-0.00881344 -0.0164286 -0.00691448 -0.0174792 -0.0067371 -0.0159073 0 0 0 0 0 0 1.04167e+10 1.04167e+10 1.04167e+10 
-0.00881344 -0.0164286 -0.00819525 -0.0151005 -0.0096534 -0.0142938 0 0 0 0 0 0 1.04167e+10 1.04167e+10 1.04167e+10 
-0.00881344 -0.0164286 -0.0096534 -0.0142938 -0.0107124 -0.0153779 0 0 0 0 0 0 1.04167e+10 1.04167e+10 1.04167e+10 
-0.00881344 -0.0164286 -0.0113692 -0.0172653 -0.00891945 -0.0174528 0 0 0 0 0 0 1.04167e+10 1.04167e+10 1.04167e+10 
-0.00881344 -0.0164286 -0.0107124 -0.0153779 -0.0113692 -0.0172653 0 0 0 0 0 0 1.04167e+10 1.04167e+10 1.04167e+10 
-0.00856246 0.000163478 -0.0112375 0.00100027 -0.00969419 -0.00064217 0 0 0 0 0 0 2.08333e+10 2.08333e+10 2.08333e+10 
-0.00856246 0.000163478 -0.00696255 0.00011916 -0.00741268 0.0012918 0 0 0 0 0 0 2.08333e+10 2.08333e+10 2.08333e+10 
-0.00856246 0.000163478 -0.00762394 -0.00178905 -0.00696255 0.00011916 0 0 0 0 0 0 2.08333e+10 2.08333e+10 2.08333e+10 
-0.00856246 0.000163478 -0.00969419 -0.00064217 -0.00762394 -0.00178905 0 0 0 0 0 0 2.08333e+10 2.08333e+10 2.08333e+10 
0.00664201 -0.0119362 0.00547 -0.0109571 0.00477799 -0.0125882 0 0 0 0 0 0 1.04167e+10 1.04167e+10 1.04167e+10 
0.00664201 -0.0119362 0.00477799 -0.0125882 0.00585143 -0.0137996 0 0 0 0 0 0 1.04167e+10 1.04167e+10 1.04167e+10 
0.00664201 -0.0119362 0.00763069 -0.0148572 0.00906305 -0.0126485 0 0 0 0 0 0 1.04167e+10 1.04167e+10 1.04167e+10 
0.00664201 -0.0119362 0.00585143 -0.0137996 0.00763069 -0.0148572 0 0 0 0 0 0 1.04167e+10 1.04167e+10 1.04167e+10 
-0.018865 -0.00641895 -0.0175505 -0.00507936 -0.02 -0.0056 0 0 0 0 0 0 1.04167e+10 1.04167e+10 1.04167e+10 
-0.018865 -0.00641895 -0.0173484 -0.00680623 -0.0175505 -0.00507936 0 0 0 0 0 0 1.04167e+10 1.04167e+10 1.04167e+10 
-0.018865 -0.00641895 -0.02 -0.0056 -0.02 -0.0072 0 0 0 0 0 0 1.04167e+10 1.04167e+10 1.04167e+10 
-0.018865 -0.00641895 -0.02 -0.0072 -0.0185867 -0.00879712 0 0 0 0 0 0 1.04167e+10 1.04167e+10 1.04167e+10 
-0.018865 -0.00641895 -0.0185867 -0.00879712 -0.0173484 -0.00680623 0 0 0 0 0 0 1.04167e+10 1.04167e+10 1.04167e+10 
-0.0180708 0.00207849 -0.018157 0.000101232 -0.0169149 0.00114021 0 0 0 0 0 0 1.04167e+10 1.04167e+10 1.04167e+10 
-0.0180708 0.00207849 -0.02 0.0008 -0.018157 0.000101232 0 0 0 0 0 0 1.04167e+10 1.04167e+10 1.04167e+10 
-0.0180708 0.00207849 -0.0188003 0.00267149 -0.02 0.0008 0 0 0 0 0 0 1.04167e+10 1.04167e+10 1.04167e+10 
0.00745713 0.0180098 0.00649494 0.0167378 0.0077082 0.0164127 0 0 0 0 0 0 1.04167e+10 1.04167e+10 1.04167e+10 
0.00745713 0.0180098 0.0072 0.02 0.00532544 0.0183959 0 0 0 0 0 0 1.04167e+10 1.04167e+10 1.04167e+10 
0.00745713 0.0180098 0.00532544 0.0183959 0.00649494 0.0167378 0 0 0 0 0 0 1.04167e+10 1.04167e+10 1.04167e+10 
0.00745713 0.0180098 0.0088 0.02 0.0072 0.02 0 0 0 0 0 0 1.04167e+10 1.04167e+10 1.04167e+10 
0.00745713 0.0180098 0.00949928 0.0172868 0.0088 0.02 0 0 0 0 0 0 1.04167e+10 1.04167e+10 1.04167e+10 
0.00745713 0.0180098 0.0077082 0.0164127 0.00949928 0.0172868 0 0 0 0 0 0 1.04167e+10 1.04167e+10 1.04167e+10 
-0.00917561 0.00224127 -0.00741268 0.0012918 -0.00773777 0.00250506 0 0 0 0 0 0 2.08333e+10 2.08333e+10 2.08333e+10 
-0.00917561 0.00224127 -0.00856246 0.000163478 -0.00741268 0.0012918 0 0 0 0 0 0 2.08333e+10 2.08333e+10 2.08333e+10 
-0.00917561 0.00224127 -0.0112375 0.00100027 -0.00856246 0.000163478 0 0 0 0 0 0 2.08333e+10 2.08333e+10 2.08333e+10 
-0.00917561 0.00224127 -0.0108847 0.00422873 -0.0112375 0.00100027 0 0 0 0 0 0 2.08333e+10 2.08333e+10 2.08333e+10 
-0.00917561 0.00224127 -0.00944752 0.00439051 -0.0108847 0.00422873 0 0 0 0 0 0 2.08333e+10 2.08333e+10 2.08333e+10 
-0.00917561 0.00224127 -0.00773777 0.00250506 -0.00793426 0.00374566 0 0 0 0 0 0 2.08333e+10 2.08333e+10 2.08333e+10 
-0.00917561 0.00224127 -0.00793426 0.00374566 -0.00944752 0.00439051 0 0 0 0 0 0 2.08333e+10 2.08333e+10 2.08333e+10 
-0.0131826 0.00616735 -0.0131886 0.00425716 -0.0119465 0.00529614 0 0 0 0 0 0 1.04167e+10 1.04167e+10 1.04167e+10 
-0.0131826 0.00616735 -0.0115532 0.00753031 -0.0140046 0.00766116 0 0 0 0 0 0 1.04167e+10 1.04167e+10 1.04167e+10 
-0.0131826 0.00616735 -0.0119465 0.00529614 -0.0115532 0.00753031 0 0 0 0 0 0 1.04167e+10 1.04167e+10 1.04167e+10 
-0.014812 0.0048044 -0.0144307 0.00321818 -0.0131886 0.00425716 0 0 0 0 0 0 1.04167e+10 1.04167e+10 1.04167e+10 
-0.014812 0.0048044 -0.0131886 0.00425716 -0.0131826 0.00616735 0 0 0 0 0 0 1.04167e+10 1.04167e+10 1.04167e+10 
-0.014812 0.0048044 -0.0140046 0.00766116 -0.0162285 0.00731717 0 0 0 0 0 0 1.04167e+10 1.04167e+10 1.04167e+10 
-0.014812 0.0048044 -0.0131826 0.00616735 -0.0140046 0.00766116 0 0 0 0 0 0 1.04167e+10 1.04167e+10 1.04167e+10 
-0.014812 0.0048044 -0.0162285 0.00731717 -0.0166762 0.00456563 0 0 0 0 0 0 1.04167e+10 1.04167e+10 1.04167e+10 
-0.00487586 -0.00512059 -0.00402957 -0.00391774 -0.00491774 -0.00302957 0 0 0 0 0 0 2.08333e+10 2.08333e+10 2.08333e+10 
-0.00487586 -0.00512059 -0.00305342 -0.0047082 -0.00402957 -0.00391774 0 0 0 0 0 0 2.08333e+10 2.08333e+10 2.08333e+10 
-0.00487586 -0.00512059 -0.00313746 -0.00641332 -0.00305342 -0.0047082 0 0 0 0 0 0 2.08333e+10 2.08333e+10 2.08333e+10 
-0.00487586 -0.00512059 -0.00573573 -0.00703276 -0.00313746 -0.00641332 0 0 0 0 0 0 2.08333e+10 2.08333e+10 2.08333e+10 
-0.0194218 -0.00166263 -0.018157 0.000101232 -0.02 -0.0008 0 0 0 0 0 0 1.04167e+10 1.04167e+10 1.04167e+10 
-0.0194218 -0.00166263 -0.0179548 -0.00162563 -0.018157 0.000101232 0 0 0 0 0 0 1.04167e+10 1.04167e+10 1.04167e+10 
-0.0194218 -0.00166263 -0.02 -0.0008 -0.02 -0.0024 0 0 0 0 0 0 1.04167e+10 1.04167e+10 1.04167e+10 
-0.0194218 -0.00166263 -0.0177527 -0.0033525 -0.0179548 -0.00162563 0 0 0 0 0 0 1.04167e+10 1.04167e+10 1.04167e+10 
-0.0194218 -0.00166263 -0.02 -0.0024 -0.0177527 -0.0033525 0 0 0 0 0 0 1.04167e+10 1.04167e+10 1.04167e+10 
0.00743259 -0.0100729 0.00616201 -0.00932611 0.00547 -0.0109571 0 0 0 0 0 0 1.04167e+10 1.04167e+10 1.04167e+10 
0.00743259 -0.0100729 0.00547 -0.0109571 0.00664201 -0.0119362 0 0 0 0 0 0 1.04167e+10 1.04167e+10 1.04167e+10 
0.00743259 -0.0100729 0.00822317 -0.00820953 0.00616201 -0.00932611 0 0 0 0 0 0 1.04167e+10 1.04167e+10 1.04167e+10 
0.00743259 -0.0100729 0.00906305 -0.0126485 0.0104494 -0.0100731 0 0 0 0 0 0 1.04167e+10 1.04167e+10 1.04167e+10 
0.00743259 -0.0100729 0.00664201 -0.0119362 0.00906305 -0.0126485 0 0 0 0 0 0 1.04167e+10 1.04167e+10 1.04167e+10 
0.00743259 -0.0100729 0.0104494 -0.0100731 0.00822317 -0.00820953 0 0 0 0 0 0 1.04167e+10 1.04167e+10 1.04167e+10 
-0.0164414 0.00344144 -0.0169149 0.00114021 -0.0156728 0.0021792 0 0 0 0 0 0 1.04167e+10 1.04167e+10 1.04167e+10 
-0.0164414 0.00344144 -0.0180708 0.00207849 -0.0169149 0.00114021 0 0 0 0 0 0 1.04167e+10 1.04167e+10 1.04167e+10 
-0.0164414 0.00344144 -0.0156728 0.0021792 -0.0144307 0.00321818 0 0 0 0 0 0 1.04167e+10 1.04167e+10 1.04167e+10 
-0.0164414 0.00344144 -0.0166762 0.00456563 -0.0188003 0.00267149 0 0 0 0 0 0 1.04167e+10 1.04167e+10 1.04167e+10 
-0.0164414 0.00344144 -0.0188003 0.00267149 -0.0180708 0.00207849 0 0 0 0 0 0 1.04167e+10 1.04167e+10 1.04167e+10 
-0.0164414 0.00344144 -0.0144307 0.00321818 -0.014812 0.0048044 0 0 0 0 0 0 1.04167e+10 1.04167e+10 1.04167e+10 
-0.0164414 0.00344144 -0.014812 0.0048044 -0.0166762 0.00456563 0 0 0 0 0 0 1.04167e+10 1.04167e+10 1.04167e+10 
0.0149385 -0.00284582 0.0137082 -0.00205342 0.0129177 -0.00302957 0 0 0 0 0 0 1.04167e+10 1.04167e+10 1.04167e+10 
0.0149385 -0.00284582 0.0129177 -0.00302957 0.0135383 -0.00449887 0 0 0 0 0 0 1.04167e+10 1.04167e+10 1.04167e+10 
0.0149385 -0.00284582 0.0143923 -0.001 0.0137082 -0.00205342 0 0 0 0 0 0 1.04167e+10 1.04167e+10 1.04167e+10 
0.0149385 -0.00284582 0.0154695 -0.0050415 0.0164505 -0.00266024 0 0 0 0 0 0 1.04167e+10 1.04167e+10 1.04167e+10 
0.0149385 -0.00284582 0.0135383 -0.00449887 0.0154695 -0.0050415 0 0 0 0 0 0 1.04167e+10 1.04167e+10 1.04167e+10 
0.0145793 0.0133238 0.0129177 0.0130296 0.0137082 0.0120534 0 0 0 0 0 0 1.04167e+10 1.04167e+10 1.04167e+10 
0.0145793 0.0133238 0.0159417 0.0125784 0.0151878 0.0152435 0 0 0 0 0 0 1.04167e+10 1.04167e+10 1.04167e+10 
0.0145793 0.0133238 0.0157776 0.0115189 0.0159417 0.0125784 0 0 0 0 0 0 1.04167e+10 1.04167e+10 1.04167e+10 
0.0145793 0.0133238 0.0137082 0.0120534 0.0157776 0.0115189 0 0 0 0 0 0 1.04167e+10 1.04167e+10 1.04167e+10 
0.0145793 0.0133238 0.0131071 0.014913 0.0129177 0.0130296 0 0 0 0 0 0 1.04167e+10 1.04167e+10 1.04167e+10 
0.0145793 0.0133238 0.0151878 0.0152435 0.0131071 0.014913 0 0 0 0 0 0 1.04167e+10 1.04167e+10 1.04167e+10 
-0.00638438 -0.00356574 -0.00491774 -0.00302957 -0.0057082 -0.00205342 0 0 0 0 0 0 2.08333e+10 2.08333e+10 2.08333e+10 
-0.00638438 -0.00356574 -0.0057082 -0.00205342 -0.00762394 -0.00178905 0 0 0 0 0 0 2.08333e+10 2.08333e+10 2.08333e+10 
-0.00638438 -0.00356574 -0.00924269 -0.00509244 -0.00573573 -0.00703276 0 0 0 0 0 0 2.08333e+10 2.08333e+10 2.08333e+10 
-0.00638438 -0.00356574 -0.00573573 -0.00703276 -0.00487586 -0.00512059 0 0 0 0 0 0 2.08333e+10 2.08333e+10 2.08333e+10 
-0.00638438 -0.00356574 -0.00487586 -0.00512059 -0.00491774 -0.00302957 0 0 0 0 0 0 2.08333e+10 2.08333e+10 2.08333e+10 
-0.00638438 -0.00356574 -0.00944468 -0.00336684 -0.00924269 -0.00509244 0 0 0 0 0 0 2.08333e+10 2.08333e+10 2.08333e+10 
-0.00638438 -0.00356574 -0.00762394 -0.00178905 -0.00944468 -0.00336684 0 0 0 0 0 0 2.08333e+10 2.08333e+10 2.08333e+10 
0.0160554 -0.000989563 0.0164505 -0.00266024 0.0180066 -0.000401744 0 0 0 0 0 0 1.04167e+10 1.04167e+10 1.04167e+10 
0.0160554 -0.000989563 0.0168601 0.00102182 0.0149625 0.00011916 0 0 0 0 0 0 1.04167e+10 1.04167e+10 1.04167e+10 
0.0160554 -0.000989563 0.0180066 -0.000401744 0.0168601 0.00102182 0 0 0 0 0 0 1.04167e+10 1.04167e+10 1.04167e+10 
0.0160554 -0.000989563 0.0149625 0.00011916 0.0143923 -0.001 0 0 0 0 0 0 1.04167e+10 1.04167e+10 1.04167e+10 
0.0160554 -0.000989563 0.0143923 -0.001 0.0149385 -0.00284582 0 0 0 0 0 0 1.04167e+10 1.04167e+10 1.04167e+10 
0.0160554 -0.000989563 0.0149385 -0.00284582 0.0164505 -0.00266024 0 0 0 0 0 0 1.04167e+10 1.04167e+10 1.04167e+10 
-0.0145103 -0.0132766 -0.0125697 -0.0126802 -0.0140278 -0.0118735 0 0 0 0 0 0 1.04167e+10 1.04167e+10 1.04167e+10 
-0.0145103 -0.0132766 -0.0140278 -0.0118735 -0.0164093 -0.0122259 0 0 0 0 0 0 1.04167e+10 1.04167e+10 1.04167e+10 
-0.0145103 -0.0132766 -0.0144796 -0.0149787 -0.0126114 -0.0143272 0 0 0 0 0 0 1.04167e+10 1.04167e+10 1.04167e+10 
-0.0145103 -0.0132766 -0.0126114 -0.0143272 -0.0125697 -0.0126802 0 0 0 0 0 0 1.04167e+10 1.04167e+10 1.04167e+10 
-0.0145103 -0.0132766 -0.0170014 -0.0151785 -0.0144796 -0.0149787 0 0 0 0 0 0 1.04167e+10 1.04167e+10 1.04167e+10 
-0.0145103 -0.0132766 -0.0164093 -0.0122259 -0.0170014 -0.0151785 0 0 0 0 0 0 1.04167e+10 1.04167e+10 1.04167e+10 
-0.00105177 0.0174775 0.00101517 0.0181262 -0.0008 0.02 0 0 0 0 0 0 1.04167e+10 1.04167e+10 1.04167e+10 
-0.00105177 0.0174775 -0.0008 0.02 -0.0024 0.02 0 0 0 0 0 0 1.04167e+10 1.04167e+10 1.04167e+10 
-0.00105177 0.0174775 -0.00298788 0.0165055 -0.00088084 0.0159625 0 0 0 0 0 0 1.04167e+10 1.04167e+10 1.04167e+10 
-0.00105177 0.0174775 -0.00088084 0.0159625 0.000291796 0.0164127 0 0 0 0 0 0 1.04167e+10 1.04167e+10 1.04167e+10 
-0.00105177 0.0174775 0.000291796 0.0164127 0.00101517 0.0181262 0 0 0 0 0 0 1.04167e+10 1.04167e+10 1.04167e+10 
-0.00105177 0.0174775 -0.0024 0.02 -0.00396038 0.0174 0 0 0 0 0 0 1.04167e+10 1.04167e+10 1.04167e+10 
-0.00105177 0.0174775 -0.00396038 0.0174 -0.00298788 0.0165055 0 0 0 0 0 0 1.04167e+10 1.04167e+10 1.04167e+10 
