TRIANGLES
312
3
3
-0.0117396 0.00425777 -0.013157 0.00410123 -0.0128538 0.00151094 0 0 0 0 0 0 2.60417e+10 2.60417e+10 2.60417e+10 
-0.0117396 0.00425777 -0.0128538 0.00151094 -0.0115388 0.000655381 0 0 0 0 0 0 2.60417e+10 2.60417e+10 2.60417e+10 
0.000394539 -0.00916811 -0.00242883 -0.0093667 -0.000365448 -0.0115119 0 0 0 0 0 0 2.60417e+10 2.60417e+10 2.60417e+10 
-6.03933e-05 -0.00206247 0.00276487 -0.00185804 0.00112383 0.00158964 0 0 0 0 0 0 2.60417e+10 2.60417e+10 2.60417e+10 
0.0175776 -0.00112534 0.0168366 -0.0047635 0.02 -0.00181818 0 0 0 0 0 0 1.04167e+10 1.04167e+10 1.04167e+10 
0.0091769 0.00786104 0.0112862 0.0119993 0.00759251 0.010082 0 0 0 0 0 0 1.04167e+10 1.04167e+10 1.04167e+10 
0.0123457 0.00341901 0.00981802 0.00331469 0.0115167 0.000933439 0 0 0 0 0 0 2.08333e+10 2.08333e+10 2.08333e+10 
0.0123457 0.00341901 0.0107613 0.00564002 0.00981802 0.00331469 0 0 0 0 0 0 2.08333e+10 2.08333e+10 2.08333e+10 
-0.0119441 -0.00625996 -0.0162061 -0.00538225 -0.0149031 -0.00935917 0 0 0 0 0 0 1.04167e+10 1.04167e+10 1.04167e+10 
0.014106 -0.00823521 0.0189495 -0.00845287 0.0168366 -0.0047635 0 0 0 0 0 0 1.04167e+10 1.04167e+10 1.04167e+10 
-0.00706565 0.0121461 -0.0118919 0.00956315 -0.00880966 0.00773767 0 0 0 0 0 0 1.04167e+10 1.04167e+10 1.04167e+10 
-0.00706565 0.0121461 -0.00880966 0.00773767 -0.00663601 0.00955589 0 0 0 0 0 0 1.04167e+10 1.04167e+10 1.04167e+10 
-0.00706565 0.0121461 -0.0117743 0.0134965 -0.0118919 0.00956315 0 0 0 0 0 0 1.04167e+10 1.04167e+10 1.04167e+10 
-0.00861843 -0.00458017 -0.011338 -0.00294701 -0.0119441 -0.00625996 0 0 0 0 0 0 2.60417e+10 2.60417e+10 2.60417e+10 
0.02 -0.0163636 0.0173387 -0.0168311 0.02 -0.02 0 0 0 0 0 0 1.04167e+10 1.04167e+10 1.04167e+10 
-0.00882703 -0.000837827 -0.011338 -0.00294701 -0.00861843 -0.00458017 0 0 0 0 0 0 2.60417e+10 2.60417e+10 2.60417e+10 
-0.02 -0.00909091 -0.02 -0.0127273 -0.0164414 -0.0121742 0 0 0 0 0 0 1.04167e+10 1.04167e+10 1.04167e+10 
-0.00426684 0.017137 -0.00181818 0.02 -0.00545455 0.02 0 0 0 0 0 0 1.04167e+10 1.04167e+10 1.04167e+10 
-0.00570039 0.00945095 -0.00706565 0.0121461 -0.00663601 0.00955589 0 0 0 0 0 0 1.04167e+10 1.04167e+10 1.04167e+10 
-0.0109833 0.00591945 -0.00924424 0.00664686 -0.00880966 0.00773767 0 0 0 0 0 0 2.60417e+10 2.60417e+10 2.60417e+10 
-0.0109833 0.00591945 -0.00880966 0.00773767 -0.0118919 0.00956315 0 0 0 0 0 0 1.04167e+10 1.04167e+10 1.04167e+10 
-0.0109833 0.00591945 -0.013157 0.00410123 -0.0117396 0.00425777 0 0 0 0 0 0 2.60417e+10 2.60417e+10 2.60417e+10 
-0.0109833 0.00591945 -0.0118919 0.00956315 -0.013157 0.00410123 0 0 0 0 0 0 1.04167e+10 1.04167e+10 1.04167e+10 
-0.00935378 0.0168142 -0.00426684 0.017137 -0.00545455 0.02 0 0 0 0 0 0 1.04167e+10 1.04167e+10 1.04167e+10 
-0.00935378 0.0168142 -0.0117743 0.0134965 -0.00706565 0.0121461 0 0 0 0 0 0 1.04167e+10 1.04167e+10 1.04167e+10 
-0.00935378 0.0168142 -0.00706565 0.0121461 -0.00426684 0.017137 0 0 0 0 0 0 1.04167e+10 1.04167e+10 1.04167e+10 
-0.00903563 0.00290452 -0.0117396 0.00425777 -0.0115388 0.000655381 0 0 0 0 0 0 2.60417e+10 2.60417e+10 2.60417e+10 
-0.00903563 0.00290452 -0.00924424 0.00664686 -0.0109833 0.00591945 0 0 0 0 0 0 2.60417e+10 2.60417e+10 2.60417e+10 
-0.00903563 0.00290452 -0.0109833 0.00591945 -0.0117396 0.00425777 0 0 0 0 0 0 2.60417e+10 2.60417e+10 2.60417e+10 
-0.00903563 0.00290452 -0.0115388 0.000655381 -0.00882703 -0.000837827 0 0 0 0 0 0 2.60417e+10 2.60417e+10 2.60417e+10 
-0.00903563 0.00290452 -0.00882703 -0.000837827 -0.00651557 0.00150631 0 0 0 0 0 0 2.60417e+10 2.60417e+10 2.60417e+10 
0.00811932 0.00569595 0.0107613 0.00564002 0.0091769 0.00786104 0 0 0 0 0 0 2.08333e+10 2.08333e+10 2.08333e+10 
0.00811932 0.00569595 0.00981802 0.00331469 0.0107613 0.00564002 0 0 0 0 0 0 2.08333e+10 2.08333e+10 2.08333e+10 
-0.0172404 0.0119165 -0.0156419 0.0170502 -0.02 0.0163636 0 0 0 0 0 0 1.04167e+10 1.04167e+10 1.04167e+10 
-0.0172404 0.0119165 -0.02 0.0163636 -0.02 0.0127273 0 0 0 0 0 0 1.04167e+10 1.04167e+10 1.04167e+10 
-0.0172404 0.0119165 -0.02 0.0127273 -0.02 0.00909091 0 0 0 0 0 0 1.04167e+10 1.04167e+10 1.04167e+10 
0.00238509 0.00495536 0.00301594 0.00844213 0.000820129 0.00811372 0 0 0 0 0 0 2.08333e+10 2.08333e+10 2.08333e+10 
0.00238509 0.00495536 0.00524873 0.00607237 0.00301594 0.00844213 0 0 0 0 0 0 2.08333e+10 2.08333e+10 2.08333e+10 
0.00238509 0.00495536 0.000820129 0.00811372 -0.000846638 0.00556638 0 0 0 0 0 0 2.60417e+10 2.60417e+10 2.60417e+10 
0.00238509 0.00495536 -0.000846638 0.00556638 0.00112383 0.00158964 0 0 0 0 0 0 2.60417e+10 2.60417e+10 2.60417e+10 
0.0169941 -0.0122365 0.0189495 -0.00845287 0.014106 -0.00823521 0 0 0 0 0 0 1.04167e+10 1.04167e+10 1.04167e+10 
0.0169941 -0.0122365 0.014106 -0.00823521 0.0129318 -0.0122339 0 0 0 0 0 0 1.04167e+10 1.04167e+10 1.04167e+10 
-0.00525031 -0.00955944 -0.00428886 -0.0104954 -0.00242883 -0.0093667 0 0 0 0 0 0 2.60417e+10 2.60417e+10 2.60417e+10 
0.00910338 0.000668876 0.0115167 0.000933439 0.00981802 0.00331469 0 0 0 0 0 0 2.08333e+10 2.08333e+10 2.08333e+10 
0.00910338 0.000668876 0.00669004 0.000404314 0.00788465 -0.0022036 0 0 0 0 0 0 2.08333e+10 2.08333e+10 2.08333e+10 
0.02 -0.00545455 0.02 -0.00181818 0.0168366 -0.0047635 0 0 0 0 0 0 1.04167e+10 1.04167e+10 1.04167e+10 
0.02 -0.00545455 0.0168366 -0.0047635 0.0189495 -0.00845287 0 0 0 0 0 0 1.04167e+10 1.04167e+10 1.04167e+10 
0.00642062 0.00807721 0.0091769 0.00786104 0.00759251 0.010082 0 0 0 0 0 0 2.08333e+10 2.08333e+10 2.08333e+10 
0.00642062 0.00807721 0.00457879 0.0104051 0.00301594 0.00844213 0 0 0 0 0 0 2.08333e+10 2.08333e+10 2.08333e+10 
0.00642062 0.00807721 0.00301594 0.00844213 0.00524873 0.00607237 0 0 0 0 0 0 2.08333e+10 2.08333e+10 2.08333e+10 
0.00642062 0.00807721 0.00759251 0.010082 0.00457879 0.0104051 0 0 0 0 0 0 2.08333e+10 2.08333e+10 2.08333e+10 
0.00642062 0.00807721 0.00524873 0.00607237 0.00811932 0.00569595 0 0 0 0 0 0 2.08333e+10 2.08333e+10 2.08333e+10 
0.00642062 0.00807721 0.00811932 0.00569595 0.0091769 0.00786104 0 0 0 0 0 0 2.08333e+10 2.08333e+10 2.08333e+10 
0.00745351 0.012641 0.00457879 0.0104051 0.00759251 0.010082 0 0 0 0 0 0 1.04167e+10 1.04167e+10 1.04167e+10 
0.00745351 0.012641 0.00759251 0.010082 0.0112862 0.0119993 0 0 0 0 0 0 1.04167e+10 1.04167e+10 1.04167e+10 
0.00745351 0.012641 0.0112862 0.0119993 0.00997615 0.0163587 0 0 0 0 0 0 1.04167e+10 1.04167e+10 1.04167e+10 
0.00745351 0.012641 0.00997615 0.0163587 0.00676976 0.0172429 0 0 0 0 0 0 1.04167e+10 1.04167e+10 1.04167e+10 
-0.0154972 0.00994074 -0.013157 0.00410123 -0.0118919 0.00956315 0 0 0 0 0 0 1.04167e+10 1.04167e+10 1.04167e+10 
-0.0154972 0.00994074 -0.0178101 0.00524216 -0.013157 0.00410123 0 0 0 0 0 0 1.04167e+10 1.04167e+10 1.04167e+10 
-0.0154972 0.00994074 -0.02 0.00909091 -0.0178101 0.00524216 0 0 0 0 0 0 1.04167e+10 1.04167e+10 1.04167e+10 
-0.0154972 0.00994074 -0.0172404 0.0119165 -0.02 0.00909091 0 0 0 0 0 0 1.04167e+10 1.04167e+10 1.04167e+10 
0.0163636 -0.02 0.02 -0.02 0.0173387 -0.0168311 0 0 0 0 0 0 1.04167e+10 1.04167e+10 1.04167e+10 
0.02 -0.0127273 0.0173387 -0.0168311 0.02 -0.0163636 0 0 0 0 0 0 1.04167e+10 1.04167e+10 1.04167e+10 
0.02 -0.0127273 0.0169941 -0.0122365 0.0173387 -0.0168311 0 0 0 0 0 0 1.04167e+10 1.04167e+10 1.04167e+10 
-0.00124461 -0.00571459 -0.00242883 -0.0093667 0.000394539 -0.00916811 0 0 0 0 0 0 2.60417e+10 2.60417e+10 2.60417e+10 
0.00689922 -0.00941794 0.00822195 -0.00683212 0.00498797 -0.00776428 0 0 0 0 0 0 2.08333e+10 2.08333e+10 2.08333e+10 
0.00689922 -0.00941794 0.00628646 -0.0126831 0.00966106 -0.0118677 0 0 0 0 0 0 1.04167e+10 1.04167e+10 1.04167e+10 
-0.00170239 0.00138228 0.00112383 0.00158964 -0.000846638 0.00556638 0 0 0 0 0 0 2.60417e+10 2.60417e+10 2.60417e+10 
-0.00170239 0.00138228 -6.03933e-05 -0.00206247 0.00112383 0.00158964 0 0 0 0 0 0 2.60417e+10 2.60417e+10 2.60417e+10 
-0.00170239 0.00138228 -0.000846638 0.00556638 -0.00370139 0.00541661 0 0 0 0 0 0 2.60417e+10 2.60417e+10 2.60417e+10 
-0.00170239 0.00138228 -0.00370139 0.00541661 -0.00452861 0.00117491 0 0 0 0 0 0 2.60417e+10 2.60417e+10 2.60417e+10 
0.00114167 -0.0110775 0.000394539 -0.00916811 -0.000365448 -0.0115119 0 0 0 0 0 0 2.08333e+10 2.08333e+10 2.08333e+10 
0.00181818 -0.02 0.00545455 -0.02 0.00342688 -0.0163393 0 0 0 0 0 0 1.04167e+10 1.04167e+10 1.04167e+10 
-0.0183269 -0.00837904 -0.0149031 -0.00935917 -0.0162061 -0.00538225 0 0 0 0 0 0 1.04167e+10 1.04167e+10 1.04167e+10 
-0.0183269 -0.00837904 -0.0162061 -0.00538225 -0.02 -0.00545455 0 0 0 0 0 0 1.04167e+10 1.04167e+10 1.04167e+10 
-0.0183269 -0.00837904 -0.02 -0.00545455 -0.02 -0.00909091 0 0 0 0 0 0 1.04167e+10 1.04167e+10 1.04167e+10 
-0.0183269 -0.00837904 -0.0164414 -0.0121742 -0.0149031 -0.00935917 0 0 0 0 0 0 1.04167e+10 1.04167e+10 1.04167e+10 
-0.0183269 -0.00837904 -0.02 -0.00909091 -0.0164414 -0.0121742 0 0 0 0 0 0 1.04167e+10 1.04167e+10 1.04167e+10 
-0.0163636 0.02 -0.0156419 0.0170502 -0.0127273 0.02 0 0 0 0 0 0 1.04167e+10 1.04167e+10 1.04167e+10 
-0.0163636 0.02 -0.02 0.02 -0.02 0.0163636 0 0 0 0 0 0 1.04167e+10 1.04167e+10 1.04167e+10 
-0.0163636 0.02 -0.02 0.0163636 -0.0156419 0.0170502 0 0 0 0 0 0 1.04167e+10 1.04167e+10 1.04167e+10 
-0.000557688 0.0169655 0.000787321 0.0133085 0.0032717 0.0168069 0 0 0 0 0 0 1.04167e+10 1.04167e+10 1.04167e+10 
-0.000557688 0.0169655 0.00181818 0.02 -0.00181818 0.02 0 0 0 0 0 0 1.04167e+10 1.04167e+10 1.04167e+10 
-0.000557688 0.0169655 0.0032717 0.0168069 0.00181818 0.02 0 0 0 0 0 0 1.04167e+10 1.04167e+10 1.04167e+10 
-0.000557688 0.0169655 -0.00181818 0.02 -0.00426684 0.017137 0 0 0 0 0 0 1.04167e+10 1.04167e+10 1.04167e+10 
0.00545455 0.02 0.0032717 0.0168069 0.00676976 0.0172429 0 0 0 0 0 0 1.04167e+10 1.04167e+10 1.04167e+10 
0.00545455 0.02 0.00181818 0.02 0.0032717 0.0168069 0 0 0 0 0 0 1.04167e+10 1.04167e+10 1.04167e+10 
0.0026048 -0.0130981 0.00342688 -0.0163393 0.00628646 -0.0126831 0 0 0 0 0 0 1.04167e+10 1.04167e+10 1.04167e+10 
0.0026048 -0.0130981 0.00114167 -0.0110775 -0.000365448 -0.0115119 0 0 0 0 0 0 1.04167e+10 1.04167e+10 1.04167e+10 
-0.00406767 -0.0059122 -0.00525031 -0.00955944 -0.00242883 -0.0093667 0 0 0 0 0 0 2.60417e+10 2.60417e+10 2.60417e+10 
-0.00406767 -0.0059122 -0.00242883 -0.0093667 -0.00124461 -0.00571459 0 0 0 0 0 0 2.60417e+10 2.60417e+10 2.60417e+10 
0.00157971 -0.00551307 -0.00124461 -0.00571459 0.000394539 -0.00916811 0 0 0 0 0 0 2.60417e+10 2.60417e+10 2.60417e+10 
0.00157971 -0.00551307 0.000394539 -0.00916811 0.00498797 -0.00776428 0 0 0 0 0 0 2.08333e+10 2.08333e+10 2.08333e+10 
0.00157971 -0.00551307 0.00276487 -0.00185804 -6.03933e-05 -0.00206247 0 0 0 0 0 0 2.60417e+10 2.60417e+10 2.60417e+10 
0.00157971 -0.00551307 -6.03933e-05 -0.00206247 -0.00124461 -0.00571459 0 0 0 0 0 0 2.60417e+10 2.60417e+10 2.60417e+10 
-0.0175269 -0.0165557 -0.02 -0.0163636 -0.02 -0.02 0 0 0 0 0 0 1.04167e+10 1.04167e+10 1.04167e+10 
-0.0175269 -0.0165557 -0.0139944 -0.015821 -0.0164414 -0.0121742 0 0 0 0 0 0 1.04167e+10 1.04167e+10 1.04167e+10 
-0.0175269 -0.0165557 -0.02 -0.0127273 -0.02 -0.0163636 0 0 0 0 0 0 1.04167e+10 1.04167e+10 1.04167e+10 
-0.0175269 -0.0165557 -0.0164414 -0.0121742 -0.02 -0.0127273 0 0 0 0 0 0 1.04167e+10 1.04167e+10 1.04167e+10 
-0.00181818 -0.02 -0.00400405 -0.0162655 -0.00545455 -0.02 0 0 0 0 0 0 1.04167e+10 1.04167e+10 1.04167e+10 
0.0142182 0.00855332 0.0112862 0.0119993 0.0091769 0.00786104 0 0 0 0 0 0 1.04167e+10 1.04167e+10 1.04167e+10 
0.0142182 0.00855332 0.0091769 0.00786104 0.0107613 0.00564002 0 0 0 0 0 0 1.04167e+10 1.04167e+10 1.04167e+10 
0.0142182 0.00855332 0.0176545 0.00840994 0.0146378 0.0131951 0 0 0 0 0 0 1.04167e+10 1.04167e+10 1.04167e+10 
0.0142182 0.00855332 0.0146378 0.0131951 0.0112862 0.0119993 0 0 0 0 0 0 1.04167e+10 1.04167e+10 1.04167e+10 
0.0178624 0.0136222 0.0146378 0.0131951 0.0176545 0.00840994 0 0 0 0 0 0 1.04167e+10 1.04167e+10 1.04167e+10 
0.00986934 -0.00294934 0.00822195 -0.00683212 0.010816 -0.00614162 0 0 0 0 0 0 2.08333e+10 2.08333e+10 2.08333e+10 
0.00986934 -0.00294934 0.00910338 0.000668876 0.00788465 -0.0022036 0 0 0 0 0 0 2.08333e+10 2.08333e+10 2.08333e+10 
0.00986934 -0.00294934 0.012892 -0.00124854 0.0115167 0.000933439 0 0 0 0 0 0 2.08333e+10 2.08333e+10 2.08333e+10 
0.00986934 -0.00294934 0.0115167 0.000933439 0.00910338 0.000668876 0 0 0 0 0 0 2.08333e+10 2.08333e+10 2.08333e+10 
0.00717606 0.00337062 0.00811932 0.00569595 0.00524873 0.00607237 0 0 0 0 0 0 2.08333e+10 2.08333e+10 2.08333e+10 
0.00717606 0.00337062 0.00981802 0.00331469 0.00811932 0.00569595 0 0 0 0 0 0 2.08333e+10 2.08333e+10 2.08333e+10 
0.00717606 0.00337062 0.00910338 0.000668876 0.00981802 0.00331469 0 0 0 0 0 0 2.08333e+10 2.08333e+10 2.08333e+10 
0.00717606 0.00337062 0.00669004 0.000404314 0.00910338 0.000668876 0 0 0 0 0 0 2.08333e+10 2.08333e+10 2.08333e+10 
-0.00753596 -0.0158759 -0.00545455 -0.02 -0.00400405 -0.0162655 0 0 0 0 0 0 1.04167e+10 1.04167e+10 1.04167e+10 
-0.0091822 -0.0134385 -0.00428886 -0.0104954 -0.00525031 -0.00955944 0 0 0 0 0 0 1.04167e+10 1.04167e+10 1.04167e+10 
-0.0091822 -0.0134385 -0.00525031 -0.00955944 -0.00684061 -0.00908361 0 0 0 0 0 0 1.04167e+10 1.04167e+10 1.04167e+10 
0.02 0.00181818 0.0178268 0.0026091 0.0175776 -0.00112534 0 0 0 0 0 0 1.04167e+10 1.04167e+10 1.04167e+10 
0.02 0.00181818 0.0175776 -0.00112534 0.02 -0.00181818 0 0 0 0 0 0 1.04167e+10 1.04167e+10 1.04167e+10 
-0.0163636 -0.02 -0.0139944 -0.015821 -0.0175269 -0.0165557 0 0 0 0 0 0 1.04167e+10 1.04167e+10 1.04167e+10 
-0.0163636 -0.02 -0.0127273 -0.02 -0.0139944 -0.015821 0 0 0 0 0 0 1.04167e+10 1.04167e+10 1.04167e+10 
-0.0163636 -0.02 -0.0175269 -0.0165557 -0.02 -0.02 0 0 0 0 0 0 1.04167e+10 1.04167e+10 1.04167e+10 
-0.00909091 0.02 -0.00935378 0.0168142 -0.00545455 0.02 0 0 0 0 0 0 1.04167e+10 1.04167e+10 1.04167e+10 
-0.00288503 -0.00226496 -6.03933e-05 -0.00206247 -0.00170239 0.00138228 0 0 0 0 0 0 2.60417e+10 2.60417e+10 2.60417e+10 
-0.00288503 -0.00226496 -0.00170239 0.00138228 -0.00452861 0.00117491 0 0 0 0 0 0 2.60417e+10 2.60417e+10 2.60417e+10 
-0.00288503 -0.00226496 -0.00406767 -0.0059122 -0.00124461 -0.00571459 0 0 0 0 0 0 2.60417e+10 2.60417e+10 2.60417e+10 
-0.00288503 -0.00226496 -0.00124461 -0.00571459 -6.03933e-05 -0.00206247 0 0 0 0 0 0 2.60417e+10 2.60417e+10 2.60417e+10 
-0.00638541 -0.00629665 -0.00525031 -0.00955944 -0.00406767 -0.0059122 0 0 0 0 0 0 2.60417e+10 2.60417e+10 2.60417e+10 
-0.00638541 -0.00629665 -0.00684061 -0.00908361 -0.00525031 -0.00955944 0 0 0 0 0 0 2.60417e+10 2.60417e+10 2.60417e+10 
-0.00658065 0.00540779 -0.00880966 0.00773767 -0.00924424 0.00664686 0 0 0 0 0 0 2.60417e+10 2.60417e+10 2.60417e+10 
-0.00658065 0.00540779 -0.00370139 0.00541661 -0.00570039 0.00945095 0 0 0 0 0 0 2.60417e+10 2.60417e+10 2.60417e+10 
-0.00658065 0.00540779 -0.00663601 0.00955589 -0.00880966 0.00773767 0 0 0 0 0 0 2.60417e+10 2.60417e+10 2.60417e+10 
-0.00658065 0.00540779 -0.00570039 0.00945095 -0.00663601 0.00955589 0 0 0 0 0 0 2.60417e+10 2.60417e+10 2.60417e+10 
-0.00658065 0.00540779 -0.00924424 0.00664686 -0.00903563 0.00290452 0 0 0 0 0 0 2.60417e+10 2.60417e+10 2.60417e+10 
-0.00658065 0.00540779 -0.00651557 0.00150631 -0.00452861 0.00117491 0 0 0 0 0 0 2.60417e+10 2.60417e+10 2.60417e+10 
-0.00658065 0.00540779 -0.00452861 0.00117491 -0.00370139 0.00541661 0 0 0 0 0 0 2.60417e+10 2.60417e+10 2.60417e+10 
-0.00658065 0.00540779 -0.00903563 0.00290452 -0.00651557 0.00150631 0 0 0 0 0 0 2.60417e+10 2.60417e+10 2.60417e+10 
-0.0138354 0.0119497 -0.0117743 0.0134965 -0.0156419 0.0170502 0 0 0 0 0 0 1.04167e+10 1.04167e+10 1.04167e+10 
-0.0138354 0.0119497 -0.0156419 0.0170502 -0.0172404 0.0119165 0 0 0 0 0 0 1.04167e+10 1.04167e+10 1.04167e+10 
-0.0138354 0.0119497 -0.0118919 0.00956315 -0.0117743 0.0134965 0 0 0 0 0 0 1.04167e+10 1.04167e+10 1.04167e+10 
-0.0138354 0.0119497 -0.0154972 0.00994074 -0.0118919 0.00956315 0 0 0 0 0 0 1.04167e+10 1.04167e+10 1.04167e+10 
-0.0138354 0.0119497 -0.0172404 0.0119165 -0.0154972 0.00994074 0 0 0 0 0 0 1.04167e+10 1.04167e+10 1.04167e+10 
0.0154005 -0.00105431 0.0175776 -0.00112534 0.0178268 0.0026091 0 0 0 0 0 0 1.04167e+10 1.04167e+10 1.04167e+10 
0.0154005 -0.00105431 0.0168366 -0.0047635 0.0175776 -0.00112534 0 0 0 0 0 0 1.04167e+10 1.04167e+10 1.04167e+10 
-4.73263e-06 -0.0161293 0.00342688 -0.0163393 0.0026048 -0.0130981 0 0 0 0 0 0 1.04167e+10 1.04167e+10 1.04167e+10 
-4.73263e-06 -0.0161293 0.0026048 -0.0130981 -0.000365448 -0.0115119 0 0 0 0 0 0 1.04167e+10 1.04167e+10 1.04167e+10 
-4.73263e-06 -0.0161293 0.00181818 -0.02 0.00342688 -0.0163393 0 0 0 0 0 0 1.04167e+10 1.04167e+10 1.04167e+10 
-4.73263e-06 -0.0161293 -0.00181818 -0.02 0.00181818 -0.02 0 0 0 0 0 0 1.04167e+10 1.04167e+10 1.04167e+10 
-4.73263e-06 -0.0161293 -0.00400405 -0.0162655 -0.00181818 -0.02 0 0 0 0 0 0 1.04167e+10 1.04167e+10 1.04167e+10 
-0.00939237 -0.00767178 -0.00861843 -0.00458017 -0.0119441 -0.00625996 0 0 0 0 0 0 2.60417e+10 2.60417e+10 2.60417e+10 
-0.00939237 -0.00767178 -0.0119441 -0.00625996 -0.0149031 -0.00935917 0 0 0 0 0 0 1.04167e+10 1.04167e+10 1.04167e+10 
-0.00939237 -0.00767178 -0.0091822 -0.0134385 -0.00684061 -0.00908361 0 0 0 0 0 0 1.04167e+10 1.04167e+10 1.04167e+10 
-0.00939237 -0.00767178 -0.00684061 -0.00908361 -0.00638541 -0.00629665 0 0 0 0 0 0 2.60417e+10 2.60417e+10 2.60417e+10 
-0.00939237 -0.00767178 -0.00638541 -0.00629665 -0.00861843 -0.00458017 0 0 0 0 0 0 2.60417e+10 2.60417e+10 2.60417e+10 
0.00977799 -0.00858817 0.010816 -0.00614162 0.00822195 -0.00683212 0 0 0 0 0 0 2.08333e+10 2.08333e+10 2.08333e+10 
0.00977799 -0.00858817 0.00822195 -0.00683212 0.00689922 -0.00941794 0 0 0 0 0 0 2.08333e+10 2.08333e+10 2.08333e+10 
0.00977799 -0.00858817 0.00689922 -0.00941794 0.00966106 -0.0118677 0 0 0 0 0 0 1.04167e+10 1.04167e+10 1.04167e+10 
0.0139931 0.00498193 0.0107613 0.00564002 0.0123457 0.00341901 0 0 0 0 0 0 1.04167e+10 1.04167e+10 1.04167e+10 
0.0139931 0.00498193 0.0142182 0.00855332 0.0107613 0.00564002 0 0 0 0 0 0 1.04167e+10 1.04167e+10 1.04167e+10 
0.0139931 0.00498193 0.0178268 0.0026091 0.0187596 0.00587755 0 0 0 0 0 0 1.04167e+10 1.04167e+10 1.04167e+10 
0.0139931 0.00498193 0.0187596 0.00587755 0.0176545 0.00840994 0 0 0 0 0 0 1.04167e+10 1.04167e+10 1.04167e+10 
0.0139931 0.00498193 0.0176545 0.00840994 0.0142182 0.00855332 0 0 0 0 0 0 1.04167e+10 1.04167e+10 1.04167e+10 
0.02 -0.00909091 0.0189495 -0.00845287 0.0169941 -0.0122365 0 0 0 0 0 0 1.04167e+10 1.04167e+10 1.04167e+10 
0.02 -0.00909091 0.0169941 -0.0122365 0.02 -0.0127273 0 0 0 0 0 0 1.04167e+10 1.04167e+10 1.04167e+10 
0.02 -0.00909091 0.02 -0.00545455 0.0189495 -0.00845287 0 0 0 0 0 0 1.04167e+10 1.04167e+10 1.04167e+10 
-0.0122473 -0.00366966 -0.0150019 -0.00110296 -0.0162061 -0.00538225 0 0 0 0 0 0 1.04167e+10 1.04167e+10 1.04167e+10 
-0.0122473 -0.00366966 -0.0162061 -0.00538225 -0.0119441 -0.00625996 0 0 0 0 0 0 1.04167e+10 1.04167e+10 1.04167e+10 
-0.0122473 -0.00366966 -0.0119441 -0.00625996 -0.011338 -0.00294701 0 0 0 0 0 0 2.60417e+10 2.60417e+10 2.60417e+10 
0.00909091 0.02 0.00676976 0.0172429 0.00997615 0.0163587 0 0 0 0 0 0 1.04167e+10 1.04167e+10 1.04167e+10 
0.00909091 0.02 0.00545455 0.02 0.00676976 0.0172429 0 0 0 0 0 0 1.04167e+10 1.04167e+10 1.04167e+10 
0.00813133 -0.0156069 0.00966106 -0.0118677 0.00628646 -0.0126831 0 0 0 0 0 0 1.04167e+10 1.04167e+10 1.04167e+10 
0.00813133 -0.0156069 0.00342688 -0.0163393 0.00545455 -0.02 0 0 0 0 0 0 1.04167e+10 1.04167e+10 1.04167e+10 
0.00813133 -0.0156069 0.00545455 -0.02 0.00909091 -0.02 0 0 0 0 0 0 1.04167e+10 1.04167e+10 1.04167e+10 
0.00813133 -0.0156069 0.00628646 -0.0126831 0.00342688 -0.0163393 0 0 0 0 0 0 1.04167e+10 1.04167e+10 1.04167e+10 
-0.00909091 -0.02 -0.00545455 -0.02 -0.00753596 -0.0158759 0 0 0 0 0 0 1.04167e+10 1.04167e+10 1.04167e+10 
0.00666592 -0.00507608 0.00498797 -0.00776428 0.00822195 -0.00683212 0 0 0 0 0 0 2.08333e+10 2.08333e+10 2.08333e+10 
0.00666592 -0.00507608 0.00822195 -0.00683212 0.00986934 -0.00294934 0 0 0 0 0 0 2.08333e+10 2.08333e+10 2.08333e+10 
0.00666592 -0.00507608 0.00986934 -0.00294934 0.00788465 -0.0022036 0 0 0 0 0 0 2.08333e+10 2.08333e+10 2.08333e+10 
-0.0127697 -0.0129074 -0.0149031 -0.00935917 -0.0164414 -0.0121742 0 0 0 0 0 0 1.04167e+10 1.04167e+10 1.04167e+10 
-0.0127697 -0.0129074 -0.0164414 -0.0121742 -0.0139944 -0.015821 0 0 0 0 0 0 1.04167e+10 1.04167e+10 1.04167e+10 
-0.0127697 -0.0129074 -0.00939237 -0.00767178 -0.0149031 -0.00935917 0 0 0 0 0 0 1.04167e+10 1.04167e+10 1.04167e+10 
-0.0127697 -0.0129074 -0.0091822 -0.0134385 -0.00939237 -0.00767178 0 0 0 0 0 0 1.04167e+10 1.04167e+10 1.04167e+10 
-0.0175469 -0.00212666 -0.02 0.00181818 -0.02 -0.00181818 0 0 0 0 0 0 1.04167e+10 1.04167e+10 1.04167e+10 
-0.0175469 -0.00212666 -0.02 -0.00181818 -0.02 -0.00545455 0 0 0 0 0 0 1.04167e+10 1.04167e+10 1.04167e+10 
-0.0175469 -0.00212666 -0.02 -0.00545455 -0.0162061 -0.00538225 0 0 0 0 0 0 1.04167e+10 1.04167e+10 1.04167e+10 
-0.0175469 -0.00212666 -0.0162061 -0.00538225 -0.0150019 -0.00110296 0 0 0 0 0 0 1.04167e+10 1.04167e+10 1.04167e+10 
-0.0155253 0.00169446 -0.0128538 0.00151094 -0.013157 0.00410123 0 0 0 0 0 0 1.04167e+10 1.04167e+10 1.04167e+10 
-0.0155253 0.00169446 -0.013157 0.00410123 -0.0178101 0.00524216 0 0 0 0 0 0 1.04167e+10 1.04167e+10 1.04167e+10 
-0.0155253 0.00169446 -0.0150019 -0.00110296 -0.0128538 0.00151094 0 0 0 0 0 0 1.04167e+10 1.04167e+10 1.04167e+10 
-0.0155253 0.00169446 -0.0178101 0.00524216 -0.02 0.00181818 0 0 0 0 0 0 1.04167e+10 1.04167e+10 1.04167e+10 
-0.0155253 0.00169446 -0.02 0.00181818 -0.0175469 -0.00212666 0 0 0 0 0 0 1.04167e+10 1.04167e+10 1.04167e+10 
-0.0155253 0.00169446 -0.0175469 -0.00212666 -0.0150019 -0.00110296 0 0 0 0 0 0 1.04167e+10 1.04167e+10 1.04167e+10 
0.0111922 -0.0159686 0.00909091 -0.02 0.0127273 -0.02 0 0 0 0 0 0 1.04167e+10 1.04167e+10 1.04167e+10 
0.0111922 -0.0159686 0.00813133 -0.0156069 0.00909091 -0.02 0 0 0 0 0 0 1.04167e+10 1.04167e+10 1.04167e+10 
0.0111922 -0.0159686 0.0129318 -0.0122339 0.00966106 -0.0118677 0 0 0 0 0 0 1.04167e+10 1.04167e+10 1.04167e+10 
0.0111922 -0.0159686 0.00966106 -0.0118677 0.00813133 -0.0156069 0 0 0 0 0 0 1.04167e+10 1.04167e+10 1.04167e+10 
-0.00396559 -0.0132395 -0.00753596 -0.0158759 -0.00400405 -0.0162655 0 0 0 0 0 0 1.04167e+10 1.04167e+10 1.04167e+10 
-0.00396559 -0.0132395 -0.00400405 -0.0162655 -4.73263e-06 -0.0161293 0 0 0 0 0 0 1.04167e+10 1.04167e+10 1.04167e+10 
-0.00396559 -0.0132395 -0.00428886 -0.0104954 -0.0091822 -0.0134385 0 0 0 0 0 0 1.04167e+10 1.04167e+10 1.04167e+10 
-0.00396559 -0.0132395 -0.0091822 -0.0134385 -0.00753596 -0.0158759 0 0 0 0 0 0 1.04167e+10 1.04167e+10 1.04167e+10 
0.011854 -0.00369508 0.00986934 -0.00294934 0.010816 -0.00614162 0 0 0 0 0 0 2.08333e+10 2.08333e+10 2.08333e+10 
0.011854 -0.00369508 0.012892 -0.00124854 0.00986934 -0.00294934 0 0 0 0 0 0 2.08333e+10 2.08333e+10 2.08333e+10 
0.011854 -0.00369508 0.0168366 -0.0047635 0.0154005 -0.00105431 0 0 0 0 0 0 1.04167e+10 1.04167e+10 1.04167e+10 
0.011854 -0.00369508 0.0154005 -0.00105431 0.012892 -0.00124854 0 0 0 0 0 0 1.04167e+10 1.04167e+10 1.04167e+10 
-0.0028171 0.00954313 -0.000846638 0.00556638 0.000820129 0.00811372 0 0 0 0 0 0 2.60417e+10 2.60417e+10 2.60417e+10 
-0.0028171 0.00954313 -0.00370139 0.00541661 -0.000846638 0.00556638 0 0 0 0 0 0 2.60417e+10 2.60417e+10 2.60417e+10 
-0.0028171 0.00954313 -0.00570039 0.00945095 -0.00370139 0.00541661 0 0 0 0 0 0 2.60417e+10 2.60417e+10 2.60417e+10 
-0.00645049 -0.00239517 -0.00651557 0.00150631 -0.00882703 -0.000837827 0 0 0 0 0 0 2.60417e+10 2.60417e+10 2.60417e+10 
-0.00645049 -0.00239517 -0.00452861 0.00117491 -0.00651557 0.00150631 0 0 0 0 0 0 2.60417e+10 2.60417e+10 2.60417e+10 
-0.00645049 -0.00239517 -0.00288503 -0.00226496 -0.00452861 0.00117491 0 0 0 0 0 0 2.60417e+10 2.60417e+10 2.60417e+10 
-0.00645049 -0.00239517 -0.00882703 -0.000837827 -0.00861843 -0.00458017 0 0 0 0 0 0 2.60417e+10 2.60417e+10 2.60417e+10 
-0.00645049 -0.00239517 -0.00861843 -0.00458017 -0.00638541 -0.00629665 0 0 0 0 0 0 2.60417e+10 2.60417e+10 2.60417e+10 
-0.00645049 -0.00239517 -0.00406767 -0.0059122 -0.00288503 -0.00226496 0 0 0 0 0 0 2.60417e+10 2.60417e+10 2.60417e+10 
-0.00645049 -0.00239517 -0.00638541 -0.00629665 -0.00406767 -0.0059122 0 0 0 0 0 0 2.60417e+10 2.60417e+10 2.60417e+10 
0.00156508 0.0107281 0.000820129 0.00811372 0.00301594 0.00844213 0 0 0 0 0 0 2.08333e+10 2.08333e+10 2.08333e+10 
0.00156508 0.0107281 0.00301594 0.00844213 0.00457879 0.0104051 0 0 0 0 0 0 2.08333e+10 2.08333e+10 2.08333e+10 
0.02 0.00545455 0.0178268 0.0026091 0.02 0.00181818 0 0 0 0 0 0 1.04167e+10 1.04167e+10 1.04167e+10 
0.02 0.00545455 0.0187596 0.00587755 0.0178268 0.0026091 0 0 0 0 0 0 1.04167e+10 1.04167e+10 1.04167e+10 
0.0136507 -0.00606187 0.014106 -0.00823521 0.0168366 -0.0047635 0 0 0 0 0 0 1.04167e+10 1.04167e+10 1.04167e+10 
0.0136507 -0.00606187 0.0168366 -0.0047635 0.011854 -0.00369508 0 0 0 0 0 0 1.04167e+10 1.04167e+10 1.04167e+10 
0.0136507 -0.00606187 0.010816 -0.00614162 0.014106 -0.00823521 0 0 0 0 0 0 1.04167e+10 1.04167e+10 1.04167e+10 
0.0136507 -0.00606187 0.011854 -0.00369508 0.010816 -0.00614162 0 0 0 0 0 0 1.04167e+10 1.04167e+10 1.04167e+10 
-0.000589714 0.010959 -0.0028171 0.00954313 0.000820129 0.00811372 0 0 0 0 0 0 2.60417e+10 2.60417e+10 2.60417e+10 
-0.000589714 0.010959 0.000820129 0.00811372 0.00156508 0.0107281 0 0 0 0 0 0 2.08333e+10 2.08333e+10 2.08333e+10 
-0.000589714 0.010959 0.00156508 0.0107281 0.000787321 0.0133085 0 0 0 0 0 0 1.04167e+10 1.04167e+10 1.04167e+10 
-0.0017371 -0.0119073 -0.000365448 -0.0115119 -0.00242883 -0.0093667 0 0 0 0 0 0 2.60417e+10 2.60417e+10 2.60417e+10 
-0.0017371 -0.0119073 -0.00242883 -0.0093667 -0.00428886 -0.0104954 0 0 0 0 0 0 2.60417e+10 2.60417e+10 2.60417e+10 
-0.0017371 -0.0119073 -0.00428886 -0.0104954 -0.00396559 -0.0132395 0 0 0 0 0 0 1.04167e+10 1.04167e+10 1.04167e+10 
-0.0017371 -0.0119073 -4.73263e-06 -0.0161293 -0.000365448 -0.0115119 0 0 0 0 0 0 1.04167e+10 1.04167e+10 1.04167e+10 
-0.0017371 -0.0119073 -0.00396559 -0.0132395 -4.73263e-06 -0.0161293 0 0 0 0 0 0 1.04167e+10 1.04167e+10 1.04167e+10 
0.02 0.00909091 0.0176545 0.00840994 0.0187596 0.00587755 0 0 0 0 0 0 1.04167e+10 1.04167e+10 1.04167e+10 
0.02 0.00909091 0.0187596 0.00587755 0.02 0.00545455 0 0 0 0 0 0 1.04167e+10 1.04167e+10 1.04167e+10 
0.00341654 0.0128227 0.0032717 0.0168069 0.000787321 0.0133085 0 0 0 0 0 0 1.04167e+10 1.04167e+10 1.04167e+10 
0.00341654 0.0128227 0.00457879 0.0104051 0.00745351 0.012641 0 0 0 0 0 0 1.04167e+10 1.04167e+10 1.04167e+10 
0.00341654 0.0128227 0.00156508 0.0107281 0.00457879 0.0104051 0 0 0 0 0 0 1.04167e+10 1.04167e+10 1.04167e+10 
0.00341654 0.0128227 0.000787321 0.0133085 0.00156508 0.0107281 0 0 0 0 0 0 1.04167e+10 1.04167e+10 1.04167e+10 
0.00341654 0.0128227 0.00745351 0.012641 0.00676976 0.0172429 0 0 0 0 0 0 1.04167e+10 1.04167e+10 1.04167e+10 
0.00341654 0.0128227 0.00676976 0.0172429 0.0032717 0.0168069 0 0 0 0 0 0 1.04167e+10 1.04167e+10 1.04167e+10 
-0.0125505 -0.00107936 -0.0115388 0.000655381 -0.0128538 0.00151094 0 0 0 0 0 0 2.60417e+10 2.60417e+10 2.60417e+10 
-0.0125505 -0.00107936 -0.0128538 0.00151094 -0.0150019 -0.00110296 0 0 0 0 0 0 1.04167e+10 1.04167e+10 1.04167e+10 
-0.0125505 -0.00107936 -0.011338 -0.00294701 -0.00882703 -0.000837827 0 0 0 0 0 0 2.60417e+10 2.60417e+10 2.60417e+10 
-0.0125505 -0.00107936 -0.00882703 -0.000837827 -0.0115388 0.000655381 0 0 0 0 0 0 2.60417e+10 2.60417e+10 2.60417e+10 
-0.0125505 -0.00107936 -0.0150019 -0.00110296 -0.0122473 -0.00366966 0 0 0 0 0 0 1.04167e+10 1.04167e+10 1.04167e+10 
-0.0125505 -0.00107936 -0.0122473 -0.00366966 -0.011338 -0.00294701 0 0 0 0 0 0 2.60417e+10 2.60417e+10 2.60417e+10 
0.0126981 0.0169637 0.00997615 0.0163587 0.0112862 0.0119993 0 0 0 0 0 0 1.04167e+10 1.04167e+10 1.04167e+10 
0.0126981 0.0169637 0.0112862 0.0119993 0.0146378 0.0131951 0 0 0 0 0 0 1.04167e+10 1.04167e+10 1.04167e+10 
0.0176526 0.0155945 0.0146378 0.0131951 0.0178624 0.0136222 0 0 0 0 0 0 1.04167e+10 1.04167e+10 1.04167e+10 
0.0176526 0.0155945 0.0126981 0.0169637 0.0146378 0.0131951 0 0 0 0 0 0 1.04167e+10 1.04167e+10 1.04167e+10 
0.0176526 0.0155945 0.0178624 0.0136222 0.02 0.0163636 0 0 0 0 0 0 1.04167e+10 1.04167e+10 1.04167e+10 
0.0163636 0.02 0.02 0.0163636 0.02 0.02 0 0 0 0 0 0 1.04167e+10 1.04167e+10 1.04167e+10 
0.0163636 0.02 0.0176526 0.0155945 0.02 0.0163636 0 0 0 0 0 0 1.04167e+10 1.04167e+10 1.04167e+10 
0.0163636 0.02 0.0126981 0.0169637 0.0176526 0.0155945 0 0 0 0 0 0 1.04167e+10 1.04167e+10 1.04167e+10 
0.0139301 0.001198 0.0154005 -0.00105431 0.0178268 0.0026091 0 0 0 0 0 0 1.04167e+10 1.04167e+10 1.04167e+10 
0.0139301 0.001198 0.0123457 0.00341901 0.0115167 0.000933439 0 0 0 0 0 0 2.08333e+10 2.08333e+10 2.08333e+10 
0.0139301 0.001198 0.0115167 0.000933439 0.012892 -0.00124854 0 0 0 0 0 0 2.08333e+10 2.08333e+10 2.08333e+10 
0.0139301 0.001198 0.012892 -0.00124854 0.0154005 -0.00105431 0 0 0 0 0 0 1.04167e+10 1.04167e+10 1.04167e+10 
0.0139301 0.001198 0.0139931 0.00498193 0.0123457 0.00341901 0 0 0 0 0 0 1.04167e+10 1.04167e+10 1.04167e+10 
0.0139301 0.001198 0.0178268 0.0026091 0.0139931 0.00498193 0 0 0 0 0 0 1.04167e+10 1.04167e+10 1.04167e+10 
-0.00446235 0.0113741 0.000787321 0.0133085 -0.000557688 0.0169655 0 0 0 0 0 0 1.04167e+10 1.04167e+10 1.04167e+10 
-0.00446235 0.0113741 -0.000557688 0.0169655 -0.00426684 0.017137 0 0 0 0 0 0 1.04167e+10 1.04167e+10 1.04167e+10 
-0.00446235 0.0113741 -0.00706565 0.0121461 -0.00570039 0.00945095 0 0 0 0 0 0 1.04167e+10 1.04167e+10 1.04167e+10 
-0.00446235 0.0113741 -0.00570039 0.00945095 -0.0028171 0.00954313 0 0 0 0 0 0 2.60417e+10 2.60417e+10 2.60417e+10 
-0.00446235 0.0113741 -0.000589714 0.010959 0.000787321 0.0133085 0 0 0 0 0 0 1.04167e+10 1.04167e+10 1.04167e+10 
-0.00446235 0.0113741 -0.00426684 0.017137 -0.00706565 0.0121461 0 0 0 0 0 0 1.04167e+10 1.04167e+10 1.04167e+10 
-0.00446235 0.0113741 -0.0028171 0.00954313 -0.000589714 0.010959 0 0 0 0 0 0 2.60417e+10 2.60417e+10 2.60417e+10 
0.00510988 -0.00332003 0.00669004 0.000404314 0.00276487 -0.00185804 0 0 0 0 0 0 2.08333e+10 2.08333e+10 2.08333e+10 
0.00510988 -0.00332003 0.00788465 -0.0022036 0.00669004 0.000404314 0 0 0 0 0 0 2.08333e+10 2.08333e+10 2.08333e+10 
0.00510988 -0.00332003 0.00666592 -0.00507608 0.00788465 -0.0022036 0 0 0 0 0 0 2.08333e+10 2.08333e+10 2.08333e+10 
0.00510988 -0.00332003 0.00276487 -0.00185804 0.00157971 -0.00551307 0 0 0 0 0 0 2.08333e+10 2.08333e+10 2.08333e+10 
0.00510988 -0.00332003 0.00157971 -0.00551307 0.00498797 -0.00776428 0 0 0 0 0 0 2.08333e+10 2.08333e+10 2.08333e+10 
0.00510988 -0.00332003 0.00498797 -0.00776428 0.00666592 -0.00507608 0 0 0 0 0 0 2.08333e+10 2.08333e+10 2.08333e+10 
0.02 0.0127273 0.02 0.0163636 0.0178624 0.0136222 0 0 0 0 0 0 1.04167e+10 1.04167e+10 1.04167e+10 
0.02 0.0127273 0.0178624 0.0136222 0.0176545 0.00840994 0 0 0 0 0 0 1.04167e+10 1.04167e+10 1.04167e+10 
0.02 0.0127273 0.0176545 0.00840994 0.02 0.00909091 0 0 0 0 0 0 1.04167e+10 1.04167e+10 1.04167e+10 
-0.02 0.00545455 -0.0178101 0.00524216 -0.02 0.00909091 0 0 0 0 0 0 1.04167e+10 1.04167e+10 1.04167e+10 
-0.02 0.00545455 -0.02 0.00181818 -0.0178101 0.00524216 0 0 0 0 0 0 1.04167e+10 1.04167e+10 1.04167e+10 
0.0127273 0.02 0.00909091 0.02 0.00997615 0.0163587 0 0 0 0 0 0 1.04167e+10 1.04167e+10 1.04167e+10 
0.0127273 0.02 0.00997615 0.0163587 0.0126981 0.0169637 0 0 0 0 0 0 1.04167e+10 1.04167e+10 1.04167e+10 
0.0127273 0.02 0.0126981 0.0169637 0.0163636 0.02 0 0 0 0 0 0 1.04167e+10 1.04167e+10 1.04167e+10 
0.0139302 -0.0161691 0.0169941 -0.0122365 0.0129318 -0.0122339 0 0 0 0 0 0 1.04167e+10 1.04167e+10 1.04167e+10 
0.0139302 -0.0161691 0.0173387 -0.0168311 0.0169941 -0.0122365 0 0 0 0 0 0 1.04167e+10 1.04167e+10 1.04167e+10 
0.0139302 -0.0161691 0.0163636 -0.02 0.0173387 -0.0168311 0 0 0 0 0 0 1.04167e+10 1.04167e+10 1.04167e+10 
0.0139302 -0.0161691 0.0127273 -0.02 0.0163636 -0.02 0 0 0 0 0 0 1.04167e+10 1.04167e+10 1.04167e+10 
0.0139302 -0.0161691 0.0129318 -0.0122339 0.0111922 -0.0159686 0 0 0 0 0 0 1.04167e+10 1.04167e+10 1.04167e+10 
0.0139302 -0.0161691 0.0111922 -0.0159686 0.0127273 -0.02 0 0 0 0 0 0 1.04167e+10 1.04167e+10 1.04167e+10 
-0.0101243 -0.0169135 -0.00753596 -0.0158759 -0.0091822 -0.0134385 0 0 0 0 0 0 1.04167e+10 1.04167e+10 1.04167e+10 
-0.0101243 -0.0169135 -0.00909091 -0.02 -0.00753596 -0.0158759 0 0 0 0 0 0 1.04167e+10 1.04167e+10 1.04167e+10 
-0.0101243 -0.0169135 -0.0139944 -0.015821 -0.0127273 -0.02 0 0 0 0 0 0 1.04167e+10 1.04167e+10 1.04167e+10 
-0.0101243 -0.0169135 -0.0127273 -0.02 -0.00909091 -0.02 0 0 0 0 0 0 1.04167e+10 1.04167e+10 1.04167e+10 
-0.0101243 -0.0169135 -0.0127697 -0.0129074 -0.0139944 -0.015821 0 0 0 0 0 0 1.04167e+10 1.04167e+10 1.04167e+10 
-0.0101243 -0.0169135 -0.0091822 -0.0134385 -0.0127697 -0.0129074 0 0 0 0 0 0 1.04167e+10 1.04167e+10 1.04167e+10 
0.00395004 0.001797 0.00112383 0.00158964 0.00276487 -0.00185804 0 0 0 0 0 0 2.60417e+10 2.60417e+10 2.60417e+10 
0.00395004 0.001797 0.00276487 -0.00185804 0.00669004 0.000404314 0 0 0 0 0 0 2.08333e+10 2.08333e+10 2.08333e+10 
0.00395004 0.001797 0.00669004 0.000404314 0.00717606 0.00337062 0 0 0 0 0 0 2.08333e+10 2.08333e+10 2.08333e+10 
0.00395004 0.001797 0.00238509 0.00495536 0.00112383 0.00158964 0 0 0 0 0 0 2.60417e+10 2.60417e+10 2.60417e+10 
0.00395004 0.001797 0.00524873 0.00607237 0.00238509 0.00495536 0 0 0 0 0 0 2.08333e+10 2.08333e+10 2.08333e+10 
0.00395004 0.001797 0.00717606 0.00337062 0.00524873 0.00607237 0 0 0 0 0 0 2.08333e+10 2.08333e+10 2.08333e+10 
-0.0116949 0.016598 -0.0127273 0.02 -0.0156419 0.0170502 0 0 0 0 0 0 1.04167e+10 1.04167e+10 1.04167e+10 
-0.0116949 0.016598 -0.0117743 0.0134965 -0.00935378 0.0168142 0 0 0 0 0 0 1.04167e+10 1.04167e+10 1.04167e+10 
-0.0116949 0.016598 -0.0156419 0.0170502 -0.0117743 0.0134965 0 0 0 0 0 0 1.04167e+10 1.04167e+10 1.04167e+10 
-0.0116949 0.016598 -0.00935378 0.0168142 -0.00909091 0.02 0 0 0 0 0 0 1.04167e+10 1.04167e+10 1.04167e+10 
-0.0116949 0.016598 -0.00909091 0.02 -0.0127273 0.02 0 0 0 0 0 0 1.04167e+10 1.04167e+10 1.04167e+10 
0.00402044 -0.0102477 0.00689922 -0.00941794 0.00498797 -0.00776428 0 0 0 0 0 0 2.08333e+10 2.08333e+10 2.08333e+10 
0.00402044 -0.0102477 0.00628646 -0.0126831 0.00689922 -0.00941794 0 0 0 0 0 0 1.04167e+10 1.04167e+10 1.04167e+10 
0.00402044 -0.0102477 0.000394539 -0.00916811 0.00114167 -0.0110775 0 0 0 0 0 0 2.08333e+10 2.08333e+10 2.08333e+10 
0.00402044 -0.0102477 0.00498797 -0.00776428 0.000394539 -0.00916811 0 0 0 0 0 0 2.08333e+10 2.08333e+10 2.08333e+10 
0.00402044 -0.0102477 0.0026048 -0.0130981 0.00628646 -0.0126831 0 0 0 0 0 0 1.04167e+10 1.04167e+10 1.04167e+10 
0.00402044 -0.0102477 0.00114167 -0.0110775 0.0026048 -0.0130981 0 0 0 0 0 0 1.04167e+10 1.04167e+10 1.04167e+10 
0.0108685 -0.00988528 0.0129318 -0.0122339 0.014106 -0.00823521 0 0 0 0 0 0 1.04167e+10 1.04167e+10 1.04167e+10 
0.0108685 -0.00988528 0.00977799 -0.00858817 0.00966106 -0.0118677 0 0 0 0 0 0 1.04167e+10 1.04167e+10 1.04167e+10 
0.0108685 -0.00988528 0.00966106 -0.0118677 0.0129318 -0.0122339 0 0 0 0 0 0 1.04167e+10 1.04167e+10 1.04167e+10 
0.0108685 -0.00988528 0.010816 -0.00614162 0.00977799 -0.00858817 0 0 0 0 0 0 1.04167e+10 1.04167e+10 1.04167e+10 
0.0108685 -0.00988528 0.014106 -0.00823521 0.010816 -0.00614162 0 0 0 0 0 0 1.04167e+10 1.04167e+10 1.04167e+10 
