TRIANGLES
876
3
3
0.00662776 -0.00711223 0.00436349 -0.00758959 0.00702515 -0.00920435 0 0 0 0 0 0 2.08333e+10 2.08333e+10 2.08333e+10 
-0.00620791 -0.0068264 -0.00747096 -0.00707756 -0.00641268 -0.0087082 0 0 0 0 0 0 2.08333e+10 2.08333e+10 2.08333e+10 
-0.00991833 0.000307972 -0.00982169 0.00256281 -0.0119402 0.00183937 0 0 0 0 0 0 3.125e+10 3.125e+10 3.125e+10 
0.00287557 0.0123894 0.00507881 0.0126755 0.00419405 0.0139155 0 0 0 0 0 0 3.125e+10 3.125e+10 3.125e+10 
-0.0116052 -0.000740071 -0.00991833 0.000307972 -0.0119402 0.00183937 0 0 0 0 0 0 3.125e+10 3.125e+10 3.125e+10 
0.0101186 -0.000728611 0.00920435 -0.00297485 0.0113159 -0.00286609 0 0 0 0 0 0 2.08333e+10 2.08333e+10 2.08333e+10 
-0.00740949 0.000189359 -0.00982169 0.00256281 -0.00991833 0.000307972 0 0 0 0 0 0 3.125e+10 3.125e+10 3.125e+10 
0.00885601 -0.00762849 0.00662776 -0.00711223 0.00702515 -0.00920435 0 0 0 0 0 0 2.08333e+10 2.08333e+10 2.08333e+10 
0.00885601 -0.00762849 0.00702515 -0.00920435 0.00972545 -0.00970261 0 0 0 0 0 0 2.08333e+10 2.08333e+10 2.08333e+10 
0.00465166 -0.00965365 0.00702515 -0.00920435 0.00436349 -0.00758959 0 0 0 0 0 0 2.08333e+10 2.08333e+10 2.08333e+10 
-0.000178313 0.00743719 0.00134301 0.0062063 0.0020075 0.00875935 0 0 0 0 0 0 3.125e+10 3.125e+10 3.125e+10 
-0.000320942 0.00992746 -0.000178313 0.00743719 0.0020075 0.00875935 0 0 0 0 0 0 3.125e+10 3.125e+10 3.125e+10 
-0.0164201 0.00514126 -0.0152113 0.00461324 -0.015907 0.00641633 0 0 0 0 0 0 3.125e+10 3.125e+10 3.125e+10 
-0.0139238 0.000370692 -0.0158932 0.00106699 -0.0157668 -0.000658095 0 0 0 0 0 0 3.125e+10 3.125e+10 3.125e+10 
-0.0139238 0.000370692 -0.0116052 -0.000740071 -0.0119402 0.00183937 0 0 0 0 0 0 3.125e+10 3.125e+10 3.125e+10 
-0.00162012 0.00841445 -0.000178313 0.00743719 -0.000320942 0.00992746 0 0 0 0 0 0 3.125e+10 3.125e+10 3.125e+10 
-0.00162012 0.00841445 -0.000320942 0.00992746 -0.00259051 0.00981064 0 0 0 0 0 0 3.125e+10 3.125e+10 3.125e+10 
0.00631205 0.0131815 0.00507881 0.0126755 0.00677274 0.0120601 0 0 0 0 0 0 3.125e+10 3.125e+10 3.125e+10 
-0.0159773 -0.0172389 -0.0184273 -0.0175924 -0.0168 -0.02 0 0 0 0 0 0 1.04167e+10 1.04167e+10 1.04167e+10 
-0.0159773 -0.0172389 -0.0168 -0.02 -0.0152 -0.02 0 0 0 0 0 0 1.04167e+10 1.04167e+10 1.04167e+10 
-0.0136509 0.00302386 -0.0139238 0.000370692 -0.0119402 0.00183937 0 0 0 0 0 0 3.125e+10 3.125e+10 3.125e+10 
-0.0136509 0.00302386 -0.0158932 0.00106699 -0.0139238 0.000370692 0 0 0 0 0 0 3.125e+10 3.125e+10 3.125e+10 
-0.0067215 0.00263822 -0.00982169 0.00256281 -0.00740949 0.000189359 0 0 0 0 0 0 3.125e+10 3.125e+10 3.125e+10 
-0.0067215 0.00263822 -0.00853031 0.00481829 -0.00982169 0.00256281 0 0 0 0 0 0 3.125e+10 3.125e+10 3.125e+10 
0.0189126 -0.0121862 0.02 -0.012 0.02 -0.0104 0 0 0 0 0 0 1.04167e+10 1.04167e+10 1.04167e+10 
-0.00746558 0.0114924 -0.010296 0.0117778 -0.00951487 0.0097698 0 0 0 0 0 0 3.125e+10 3.125e+10 3.125e+10 
-0.00746558 0.0114924 -0.00526311 0.0128116 -0.00751238 0.0138391 0 0 0 0 0 0 3.125e+10 3.125e+10 3.125e+10 
0.0112904 0.000961711 0.00822991 0.000831989 0.0101186 -0.000728611 0 0 0 0 0 0 2.08333e+10 2.08333e+10 2.08333e+10 
0.017 -0.005 0.0169343 -0.00374566 0.0156665 -0.00505522 0 0 0 0 0 0 2.08333e+10 2.08333e+10 2.08333e+10 
0.017 -0.005 0.0156665 -0.00505522 0.0169343 -0.00625434 0 0 0 0 0 0 2.08333e+10 2.08333e+10 2.08333e+10 
-0.00944947 -0.00199737 -0.00670303 -0.00154325 -0.00740949 0.000189359 0 0 0 0 0 0 3.125e+10 3.125e+10 3.125e+10 
-0.00944947 -0.00199737 -0.00740949 0.000189359 -0.00991833 0.000307972 0 0 0 0 0 0 3.125e+10 3.125e+10 3.125e+10 
-0.00944947 -0.00199737 -0.00905301 -0.00394239 -0.00670303 -0.00154325 0 0 0 0 0 0 3.125e+10 3.125e+10 3.125e+10 
-0.00944947 -0.00199737 -0.00991833 0.000307972 -0.0116052 -0.000740071 0 0 0 0 0 0 3.125e+10 3.125e+10 3.125e+10 
-0.00944947 -0.00199737 -0.0115832 -0.0034055 -0.00905301 -0.00394239 0 0 0 0 0 0 3.125e+10 3.125e+10 3.125e+10 
-0.00944947 -0.00199737 -0.0116052 -0.000740071 -0.0115832 -0.0034055 0 0 0 0 0 0 3.125e+10 3.125e+10 3.125e+10 
-0.00500174 0.0107321 -0.00526311 0.0128116 -0.00746558 0.0114924 0 0 0 0 0 0 3.125e+10 3.125e+10 3.125e+10 
0.0112716 0.0073556 0.0131007 0.0101213 0.0101763 0.00984776 0 0 0 0 0 0 1.04167e+10 1.04167e+10 1.04167e+10 
0.0112716 0.0073556 0.0136825 0.00763898 0.0131007 0.0101213 0 0 0 0 0 0 1.04167e+10 1.04167e+10 1.04167e+10 
0.0112716 0.0073556 0.00988084 0.00596255 0.011 0.0053923 0 0 0 0 0 0 1.04167e+10 1.04167e+10 1.04167e+10 
0.00762849 -0.00114399 0.00920435 -0.00297485 0.0101186 -0.000728611 0 0 0 0 0 0 2.08333e+10 2.08333e+10 2.08333e+10 
0.00762849 -0.00114399 0.0101186 -0.000728611 0.00822991 0.000831989 0 0 0 0 0 0 2.08333e+10 2.08333e+10 2.08333e+10 
-0.0105373 -0.00578752 -0.0115832 -0.0034055 -0.0121008 -0.00534993 0 0 0 0 0 0 3.125e+10 3.125e+10 3.125e+10 
-0.0105373 -0.00578752 -0.00905301 -0.00394239 -0.0115832 -0.0034055 0 0 0 0 0 0 3.125e+10 3.125e+10 3.125e+10 
-0.0126621 0.00556108 -0.0152113 0.00461324 -0.0136509 0.00302386 0 0 0 0 0 0 3.125e+10 3.125e+10 3.125e+10 
0.02 -0.0008 0.02 0.0008 0.0180066 -0.000401744 0 0 0 0 0 0 1.04167e+10 1.04167e+10 1.04167e+10 
-0.0136957 -0.00602542 -0.0126286 -0.0065647 -0.0121008 -0.00534993 0 0 0 0 0 0 3.125e+10 3.125e+10 3.125e+10 
-0.0138342 -0.0122723 -0.0146889 -0.00972458 -0.0164292 -0.0124652 0 0 0 0 0 0 1.04167e+10 1.04167e+10 1.04167e+10 
-0.0161233 -0.00353087 -0.0153051 -0.00220695 -0.016637 -0.00244556 0 0 0 0 0 0 3.125e+10 3.125e+10 3.125e+10 
-0.0161233 -0.00353087 -0.0145223 -0.00353132 -0.0153051 -0.00220695 0 0 0 0 0 0 3.125e+10 3.125e+10 3.125e+10 
0.02 0.0184 0.02 0.02 0.0184 0.02 0 0 0 0 0 0 1.04167e+10 1.04167e+10 1.04167e+10 
0.0186252 -0.002735 0.0167378 -0.00250506 0.0169343 -0.00374566 0 0 0 0 0 0 1.04167e+10 1.04167e+10 1.04167e+10 
-0.000118097 0.0138994 -0.00242517 0.0157682 -0.00273409 0.0137217 0 0 0 0 0 0 3.125e+10 3.125e+10 3.125e+10 
0.0033527 0.0162226 0.00224858 0.0167091 0.00257498 0.0151315 0 0 0 0 0 0 3.125e+10 3.125e+10 3.125e+10 
-0.0171634 -0.000127207 -0.0157668 -0.000658095 -0.0158932 0.00106699 0 0 0 0 0 0 3.125e+10 3.125e+10 3.125e+10 
0.00434104 0.0155804 0.00257498 0.0151315 0.00419405 0.0139155 0 0 0 0 0 0 3.125e+10 3.125e+10 3.125e+10 
0.00434104 0.0155804 0.0033527 0.0162226 0.00257498 0.0151315 0 0 0 0 0 0 3.125e+10 3.125e+10 3.125e+10 
-0.00207331 -0.00358214 -0.00239527 -0.00531353 -0.00116299 -0.00457454 0 0 0 0 0 0 3.125e+10 3.125e+10 3.125e+10 
-0.00207331 -0.00358214 -0.00353894 -0.00442102 -0.00239527 -0.00531353 0 0 0 0 0 0 3.125e+10 3.125e+10 3.125e+10 
0.02 0.0136 0.0188438 0.0125262 0.02 0.012 0 0 0 0 0 0 1.04167e+10 1.04167e+10 1.04167e+10 
0.00588879 0.0095244 0.00716141 0.00817717 0.00720039 0.00954043 0 0 0 0 0 0 3.125e+10 3.125e+10 3.125e+10 
-0.00807091 0.0150492 -0.00913903 0.0143731 -0.00751238 0.0138391 0 0 0 0 0 0 3.125e+10 3.125e+10 3.125e+10 
0.0139377 0.0177711 0.0151878 0.0152435 0.0164481 0.0173355 0 0 0 0 0 0 1.04167e+10 1.04167e+10 1.04167e+10 
0.0139377 0.0177711 0.0136 0.02 0.012 0.02 0 0 0 0 0 0 1.04167e+10 1.04167e+10 1.04167e+10 
0.0139377 0.0177711 0.0152 0.02 0.0136 0.02 0 0 0 0 0 0 1.04167e+10 1.04167e+10 1.04167e+10 
0.0139377 0.0177711 0.0164481 0.0173355 0.0152 0.02 0 0 0 0 0 0 1.04167e+10 1.04167e+10 1.04167e+10 
0.00707023 0.0108407 0.00588879 0.0095244 0.00720039 0.00954043 0 0 0 0 0 0 3.125e+10 3.125e+10 3.125e+10 
-0.00378287 -0.00230152 -0.00353894 -0.00442102 -0.00207331 -0.00358214 0 0 0 0 0 0 3.125e+10 3.125e+10 3.125e+10 
-0.0168081 0.00386464 -0.0152113 0.00461324 -0.0164201 0.00514126 0 0 0 0 0 0 3.125e+10 3.125e+10 3.125e+10 
-0.0068192 0.0157185 -0.00807091 0.0150492 -0.00751238 0.0138391 0 0 0 0 0 0 3.125e+10 3.125e+10 3.125e+10 
-0.0119388 -0.0096404 -0.0146889 -0.00972458 -0.0138342 -0.0122723 0 0 0 0 0 0 1.04167e+10 1.04167e+10 1.04167e+10 
-0.0188929 0.0172559 -0.02 0.0152 -0.0170168 0.0148792 0 0 0 0 0 0 1.04167e+10 1.04167e+10 1.04167e+10 
-0.0188929 0.0172559 -0.0170168 0.0148792 -0.0164892 0.0175984 0 0 0 0 0 0 1.04167e+10 1.04167e+10 1.04167e+10 
0.00134153 0.0111078 -0.000320942 0.00992746 0.0020075 0.00875935 0 0 0 0 0 0 3.125e+10 3.125e+10 3.125e+10 
-0.0104 0.02 -0.012 0.02 -0.010978 0.017692 0 0 0 0 0 0 1.04167e+10 1.04167e+10 1.04167e+10 
-0.00596255 -0.00988084 -0.00452901 -0.0097933 -0.00641268 -0.0087082 0 0 0 0 0 0 2.08333e+10 2.08333e+10 2.08333e+10 
-0.0144796 -0.0149787 -0.0138342 -0.0122723 -0.0164292 -0.0124652 0 0 0 0 0 0 1.04167e+10 1.04167e+10 1.04167e+10 
0.00824362 -0.0151615 0.00749494 -0.0167378 0.0087082 -0.0164127 0 0 0 0 0 0 2.08333e+10 2.08333e+10 2.08333e+10 
0.00824362 -0.0151615 0.0087082 -0.0164127 0.00988084 -0.0159625 0 0 0 0 0 0 2.08333e+10 2.08333e+10 2.08333e+10 
0.00011916 -0.0159625 0.000108294 -0.0144789 -0.001 -0.0153923 0 0 0 0 0 0 2.08333e+10 2.08333e+10 2.08333e+10 
-0.000118785 -0.00384156 -0.00207331 -0.00358214 -0.00116299 -0.00457454 0 0 0 0 0 0 3.125e+10 3.125e+10 3.125e+10 
-0.0152 0.02 -0.0168 0.02 -0.0164892 0.0175984 0 0 0 0 0 0 1.04167e+10 1.04167e+10 1.04167e+10 
0.013515 -0.00338554 0.0136249 -0.00584988 0.0156665 -0.00505522 0 0 0 0 0 0 2.08333e+10 2.08333e+10 2.08333e+10 
0.0168 0.02 0.0164481 0.0173355 0.0184 0.02 0 0 0 0 0 0 1.04167e+10 1.04167e+10 1.04167e+10 
0.0168 0.02 0.0152 0.02 0.0164481 0.0173355 0 0 0 0 0 0 1.04167e+10 1.04167e+10 1.04167e+10 
0.0116603 -0.00529176 0.0136249 -0.00584988 0.013515 -0.00338554 0 0 0 0 0 0 2.08333e+10 2.08333e+10 2.08333e+10 
0.0116603 -0.00529176 0.013515 -0.00338554 0.0113159 -0.00286609 0 0 0 0 0 0 2.08333e+10 2.08333e+10 2.08333e+10 
0.00698516 0.00692782 0.0066776 0.00565734 0.0087082 0.00641268 0 0 0 0 0 0 2.08333e+10 2.08333e+10 2.08333e+10 
0.0151049 0.00480217 0.0163703 0.00728904 0.0136825 0.00763898 0 0 0 0 0 0 1.04167e+10 1.04167e+10 1.04167e+10 
0.0151049 0.00480217 0.018219 0.00499335 0.0163703 0.00728904 0 0 0 0 0 0 1.04167e+10 1.04167e+10 1.04167e+10 
0.00199824 0.0131663 0.00287557 0.0123894 0.00419405 0.0139155 0 0 0 0 0 0 3.125e+10 3.125e+10 3.125e+10 
0.00199824 0.0131663 0.00419405 0.0139155 0.00257498 0.0151315 0 0 0 0 0 0 3.125e+10 3.125e+10 3.125e+10 
0.00199824 0.0131663 0.00134153 0.0111078 0.00287557 0.0123894 0 0 0 0 0 0 3.125e+10 3.125e+10 3.125e+10 
0.00199824 0.0131663 -0.000118097 0.0138994 0.00134153 0.0111078 0 0 0 0 0 0 3.125e+10 3.125e+10 3.125e+10 
0.0155438 -0.00338593 0.0156665 -0.00505522 0.0169343 -0.00374566 0 0 0 0 0 0 2.08333e+10 2.08333e+10 2.08333e+10 
0.0155438 -0.00338593 0.013515 -0.00338554 0.0156665 -0.00505522 0 0 0 0 0 0 2.08333e+10 2.08333e+10 2.08333e+10 
0.0155438 -0.00338593 0.0169343 -0.00374566 0.0167378 -0.00250506 0 0 0 0 0 0 2.08333e+10 2.08333e+10 2.08333e+10 
0.00935598 0.00249243 0.0112904 0.000961711 0.0113143 0.00359694 0 0 0 0 0 0 2.08333e+10 2.08333e+10 2.08333e+10 
0.00935598 0.00249243 0.00822991 0.000831989 0.0112904 0.000961711 0 0 0 0 0 0 2.08333e+10 2.08333e+10 2.08333e+10 
0.02 0.004 0.02 0.0056 0.018219 0.00499335 0 0 0 0 0 0 1.04167e+10 1.04167e+10 1.04167e+10 
-0.011214 -0.0123532 -0.00978155 -0.0147626 -0.00869734 -0.0129031 0 0 0 0 0 0 1.04167e+10 1.04167e+10 1.04167e+10 
-0.011214 -0.0123532 -0.00869734 -0.0129031 -0.00961532 -0.0102487 0 0 0 0 0 0 1.04167e+10 1.04167e+10 1.04167e+10 
-0.011214 -0.0123532 -0.00961532 -0.0102487 -0.0119388 -0.0096404 0 0 0 0 0 0 1.04167e+10 1.04167e+10 1.04167e+10 
-0.011214 -0.0123532 -0.0119388 -0.0096404 -0.0138342 -0.0122723 0 0 0 0 0 0 1.04167e+10 1.04167e+10 1.04167e+10 
0.00108016 0.0156785 0.00257498 0.0151315 0.00224858 0.0167091 0 0 0 0 0 0 3.125e+10 3.125e+10 3.125e+10 
0.00108016 0.0156785 0.00199824 0.0131663 0.00257498 0.0151315 0 0 0 0 0 0 3.125e+10 3.125e+10 3.125e+10 
0.00108016 0.0156785 -0.000118097 0.0138994 0.00199824 0.0131663 0 0 0 0 0 0 3.125e+10 3.125e+10 3.125e+10 
-0.00624478 -0.0173872 -0.0072 -0.02 -0.0056 -0.02 0 0 0 0 0 0 1.04167e+10 1.04167e+10 1.04167e+10 
-0.00894134 0.0128828 -0.010296 0.0117778 -0.00746558 0.0114924 0 0 0 0 0 0 3.125e+10 3.125e+10 3.125e+10 
-0.00894134 0.0128828 -0.0101724 0.0136182 -0.010296 0.0117778 0 0 0 0 0 0 3.125e+10 3.125e+10 3.125e+10 
-0.00894134 0.0128828 -0.00746558 0.0114924 -0.00751238 0.0138391 0 0 0 0 0 0 3.125e+10 3.125e+10 3.125e+10 
-0.00894134 0.0128828 -0.00751238 0.0138391 -0.00913903 0.0143731 0 0 0 0 0 0 3.125e+10 3.125e+10 3.125e+10 
-0.00894134 0.0128828 -0.00913903 0.0143731 -0.0101724 0.0136182 0 0 0 0 0 0 3.125e+10 3.125e+10 3.125e+10 
0.0167116 -0.0177465 0.0152 -0.02 0.0168 -0.02 0 0 0 0 0 0 1.04167e+10 1.04167e+10 1.04167e+10 
0.0167116 -0.0177465 0.0187863 -0.0172033 0.017671 -0.0145882 0 0 0 0 0 0 1.04167e+10 1.04167e+10 1.04167e+10 
0.0167116 -0.0177465 0.017671 -0.0145882 0.015363 -0.0153823 0 0 0 0 0 0 1.04167e+10 1.04167e+10 1.04167e+10 
0.0167116 -0.0177465 0.0184 -0.02 0.0187863 -0.0172033 0 0 0 0 0 0 1.04167e+10 1.04167e+10 1.04167e+10 
0.0167116 -0.0177465 0.0168 -0.02 0.0184 -0.02 0 0 0 0 0 0 1.04167e+10 1.04167e+10 1.04167e+10 
-0.0169895 -0.00125704 -0.0153051 -0.00220695 -0.0157668 -0.000658095 0 0 0 0 0 0 3.125e+10 3.125e+10 3.125e+10 
-0.0169895 -0.00125704 -0.016637 -0.00244556 -0.0153051 -0.00220695 0 0 0 0 0 0 3.125e+10 3.125e+10 3.125e+10 
-0.0169895 -0.00125704 -0.018698 -0.00227487 -0.016637 -0.00244556 0 0 0 0 0 0 1.04167e+10 1.04167e+10 1.04167e+10 
-0.0169895 -0.00125704 -0.0157668 -0.000658095 -0.0171634 -0.000127207 0 0 0 0 0 0 3.125e+10 3.125e+10 3.125e+10 
0.00777504 0.015331 0.0102637 0.0152755 0.00856539 0.017631 0 0 0 0 0 0 1.04167e+10 1.04167e+10 1.04167e+10 
-0.0121056 -0.0145863 -0.00978155 -0.0147626 -0.011214 -0.0123532 0 0 0 0 0 0 1.04167e+10 1.04167e+10 1.04167e+10 
-0.0121056 -0.0145863 -0.0138342 -0.0122723 -0.0144796 -0.0149787 0 0 0 0 0 0 1.04167e+10 1.04167e+10 1.04167e+10 
-0.0121056 -0.0145863 -0.011214 -0.0123532 -0.0138342 -0.0122723 0 0 0 0 0 0 1.04167e+10 1.04167e+10 1.04167e+10 
-0.0088014 -0.00588911 -0.00885886 -0.00720187 -0.00747096 -0.00707756 0 0 0 0 0 0 3.125e+10 3.125e+10 3.125e+10 
-0.0088014 -0.00588911 -0.0105373 -0.00578752 -0.0101933 -0.00715703 0 0 0 0 0 0 3.125e+10 3.125e+10 3.125e+10 
-0.0088014 -0.00588911 -0.0101933 -0.00715703 -0.00885886 -0.00720187 0 0 0 0 0 0 3.125e+10 3.125e+10 3.125e+10 
-0.0088014 -0.00588911 -0.00905301 -0.00394239 -0.0105373 -0.00578752 0 0 0 0 0 0 3.125e+10 3.125e+10 3.125e+10 
0.00356647 -0.000238335 0.00188748 -0.000172488 0.00273486 -0.0012252 0 0 0 0 0 0 3.125e+10 3.125e+10 3.125e+10 
0.00356647 -0.000238335 0.00273486 -0.0012252 0.0044499 -0.00239069 0 0 0 0 0 0 2.08333e+10 2.08333e+10 2.08333e+10 
0.0120534 0.0047082 0.011 0.0053923 0.0113143 0.00359694 0 0 0 0 0 0 2.08333e+10 2.08333e+10 2.08333e+10 
-0.0171529 -0.00962903 -0.0164292 -0.0124652 -0.0146889 -0.00972458 0 0 0 0 0 0 1.04167e+10 1.04167e+10 1.04167e+10 
-0.0171529 -0.00962903 -0.0146889 -0.00972458 -0.0160636 -0.00760221 0 0 0 0 0 0 1.04167e+10 1.04167e+10 1.04167e+10 
0.0184698 0.00712598 0.02 0.0088 0.0182479 0.00968157 0 0 0 0 0 0 1.04167e+10 1.04167e+10 1.04167e+10 
0.0184698 0.00712598 0.02 0.0072 0.02 0.0088 0 0 0 0 0 0 1.04167e+10 1.04167e+10 1.04167e+10 
0.0184698 0.00712598 0.0182479 0.00968157 0.0163703 0.00728904 0 0 0 0 0 0 1.04167e+10 1.04167e+10 1.04167e+10 
0.0184698 0.00712598 0.0163703 0.00728904 0.018219 0.00499335 0 0 0 0 0 0 1.04167e+10 1.04167e+10 1.04167e+10 
0.0184698 0.00712598 0.02 0.0056 0.02 0.0072 0 0 0 0 0 0 1.04167e+10 1.04167e+10 1.04167e+10 
0.0184698 0.00712598 0.018219 0.00499335 0.02 0.0056 0 0 0 0 0 0 1.04167e+10 1.04167e+10 1.04167e+10 
0.0113208 0.0178671 0.00856539 0.017631 0.0102637 0.0152755 0 0 0 0 0 0 1.04167e+10 1.04167e+10 1.04167e+10 
0.0113208 0.0178671 0.0139377 0.0177711 0.012 0.02 0 0 0 0 0 0 1.04167e+10 1.04167e+10 1.04167e+10 
-0.00582287 0.0147269 -0.00554755 0.0162703 -0.0068192 0.0157185 0 0 0 0 0 0 3.125e+10 3.125e+10 3.125e+10 
-0.00582287 0.0147269 -0.00751238 0.0138391 -0.00526311 0.0128116 0 0 0 0 0 0 3.125e+10 3.125e+10 3.125e+10 
-0.00582287 0.0147269 -0.0068192 0.0157185 -0.00751238 0.0138391 0 0 0 0 0 0 3.125e+10 3.125e+10 3.125e+10 
0.00237151 -0.00885601 0.00465166 -0.00965365 0.00436349 -0.00758959 0 0 0 0 0 0 2.08333e+10 2.08333e+10 2.08333e+10 
0.00237151 -0.00885601 0.00289671 -0.0113262 0.00465166 -0.00965365 0 0 0 0 0 0 2.08333e+10 2.08333e+10 2.08333e+10 
-0.0114557 -0.00694365 -0.0101933 -0.00715703 -0.0105373 -0.00578752 0 0 0 0 0 0 3.125e+10 3.125e+10 3.125e+10 
-0.0114557 -0.00694365 -0.0105373 -0.00578752 -0.0121008 -0.00534993 0 0 0 0 0 0 3.125e+10 3.125e+10 3.125e+10 
-0.0114557 -0.00694365 -0.0121008 -0.00534993 -0.0126286 -0.0065647 0 0 0 0 0 0 3.125e+10 3.125e+10 3.125e+10 
-0.0053923 -0.011 -0.00452901 -0.0097933 -0.00596255 -0.00988084 0 0 0 0 0 0 2.08333e+10 2.08333e+10 2.08333e+10 
0.00293132 -0.0134162 0.00289671 -0.0113262 0.000644015 -0.0124924 0 0 0 0 0 0 2.08333e+10 2.08333e+10 2.08333e+10 
0.00293132 -0.0134162 0.00327684 -0.0155266 0.00538623 -0.0136581 0 0 0 0 0 0 2.08333e+10 2.08333e+10 2.08333e+10 
-0.00694708 -0.00565154 -0.00747096 -0.00707756 -0.00620791 -0.0068264 0 0 0 0 0 0 3.125e+10 3.125e+10 3.125e+10 
-0.00694708 -0.00565154 -0.0088014 -0.00588911 -0.00747096 -0.00707756 0 0 0 0 0 0 3.125e+10 3.125e+10 3.125e+10 
-0.00694708 -0.00565154 -0.00905301 -0.00394239 -0.0088014 -0.00588911 0 0 0 0 0 0 3.125e+10 3.125e+10 3.125e+10 
-0.013443 -0.00458998 -0.0121008 -0.00534993 -0.0115832 -0.0034055 0 0 0 0 0 0 3.125e+10 3.125e+10 3.125e+10 
-0.013443 -0.00458998 -0.0136957 -0.00602542 -0.0121008 -0.00534993 0 0 0 0 0 0 3.125e+10 3.125e+10 3.125e+10 
0.02 -0.004 0.02 -0.0024 0.0186252 -0.002735 0 0 0 0 0 0 1.04167e+10 1.04167e+10 1.04167e+10 
0.0164127 -0.0012918 0.0180066 -0.000401744 0.0159625 -0.00011916 0 0 0 0 0 0 1.04167e+10 1.04167e+10 1.04167e+10 
-0.00384331 -0.0174883 -0.0056 -0.02 -0.004 -0.02 0 0 0 0 0 0 1.04167e+10 1.04167e+10 1.04167e+10 
-0.00384331 -0.0174883 -0.00624478 -0.0173872 -0.0056 -0.02 0 0 0 0 0 0 1.04167e+10 1.04167e+10 1.04167e+10 
0.0155266 -0.00672316 0.0169343 -0.00625434 0.0156665 -0.00505522 0 0 0 0 0 0 2.08333e+10 2.08333e+10 2.08333e+10 
0.0155266 -0.00672316 0.0167378 -0.00749494 0.0169343 -0.00625434 0 0 0 0 0 0 2.08333e+10 2.08333e+10 2.08333e+10 
0.0155266 -0.00672316 0.0156665 -0.00505522 0.0136249 -0.00584988 0 0 0 0 0 0 2.08333e+10 2.08333e+10 2.08333e+10 
-0.0041131 0.0153753 -0.00273409 0.0137217 -0.00242517 0.0157682 0 0 0 0 0 0 3.125e+10 3.125e+10 3.125e+10 
-0.0041131 0.0153753 -0.00526311 0.0128116 -0.00273409 0.0137217 0 0 0 0 0 0 3.125e+10 3.125e+10 3.125e+10 
-0.0041131 0.0153753 -0.00582287 0.0147269 -0.00526311 0.0128116 0 0 0 0 0 0 3.125e+10 3.125e+10 3.125e+10 
-0.0041131 0.0153753 -0.0042699 0.0166986 -0.00554755 0.0162703 0 0 0 0 0 0 3.125e+10 3.125e+10 3.125e+10 
-0.0041131 0.0153753 -0.00554755 0.0162703 -0.00582287 0.0147269 0 0 0 0 0 0 3.125e+10 3.125e+10 3.125e+10 
-0.0188031 0.0120672 -0.02 0.0104 -0.0174431 0.0101288 0 0 0 0 0 0 1.04167e+10 1.04167e+10 1.04167e+10 
-0.0188031 0.0120672 -0.02 0.012 -0.02 0.0104 0 0 0 0 0 0 1.04167e+10 1.04167e+10 1.04167e+10 
-0.0188031 0.0120672 -0.0174431 0.0101288 -0.0159771 0.0127401 0 0 0 0 0 0 1.04167e+10 1.04167e+10 1.04167e+10 
-0.0188031 0.0120672 -0.0159771 0.0127401 -0.0170168 0.0148792 0 0 0 0 0 0 1.04167e+10 1.04167e+10 1.04167e+10 
0.02 0.0104 0.0182479 0.00968157 0.02 0.0088 0 0 0 0 0 0 1.04167e+10 1.04167e+10 1.04167e+10 
0.02 0.0104 0.0188438 0.0125262 0.0182479 0.00968157 0 0 0 0 0 0 1.04167e+10 1.04167e+10 1.04167e+10 
0.02 0.0104 0.02 0.012 0.0188438 0.0125262 0 0 0 0 0 0 1.04167e+10 1.04167e+10 1.04167e+10 
0.0127152 -0.00105199 0.0101186 -0.000728611 0.0113159 -0.00286609 0 0 0 0 0 0 2.08333e+10 2.08333e+10 2.08333e+10 
0.0127152 -0.00105199 0.0112904 0.000961711 0.0101186 -0.000728611 0 0 0 0 0 0 2.08333e+10 2.08333e+10 2.08333e+10 
0.0127152 -0.00105199 0.0113159 -0.00286609 0.013515 -0.00338554 0 0 0 0 0 0 2.08333e+10 2.08333e+10 2.08333e+10 
0.0127152 -0.00105199 0.0136619 0.00122495 0.0112904 0.000961711 0 0 0 0 0 0 2.08333e+10 2.08333e+10 2.08333e+10 
0.0127152 -0.00105199 0.014529 -0.000206705 0.0136619 0.00122495 0 0 0 0 0 0 2.08333e+10 2.08333e+10 2.08333e+10 
-0.0184 -0.02 -0.0168 -0.02 -0.0184273 -0.0175924 0 0 0 0 0 0 1.04167e+10 1.04167e+10 1.04167e+10 
0.00569453 0.0141896 0.00419405 0.0139155 0.00507881 0.0126755 0 0 0 0 0 0 3.125e+10 3.125e+10 3.125e+10 
0.00569453 0.0141896 0.00507881 0.0126755 0.00631205 0.0131815 0 0 0 0 0 0 3.125e+10 3.125e+10 3.125e+10 
0.00569453 0.0141896 0.00434104 0.0155804 0.00419405 0.0139155 0 0 0 0 0 0 3.125e+10 3.125e+10 3.125e+10 
0.0097933 -0.014529 0.00824362 -0.0151615 0.00988084 -0.0159625 0 0 0 0 0 0 2.08333e+10 2.08333e+10 2.08333e+10 
0.0097933 -0.014529 0.00988084 -0.0159625 0.011 -0.0153923 0 0 0 0 0 0 2.08333e+10 2.08333e+10 2.08333e+10 
0.0097933 -0.014529 0.00780984 -0.0131985 0.00824362 -0.0151615 0 0 0 0 0 0 2.08333e+10 2.08333e+10 2.08333e+10 
-0.0140665 0.0176528 -0.0121205 0.0147111 -0.010978 0.017692 0 0 0 0 0 0 1.04167e+10 1.04167e+10 1.04167e+10 
-0.0140665 0.0176528 -0.012 0.02 -0.0136 0.02 0 0 0 0 0 0 1.04167e+10 1.04167e+10 1.04167e+10 
-0.0140665 0.0176528 -0.010978 0.017692 -0.012 0.02 0 0 0 0 0 0 1.04167e+10 1.04167e+10 1.04167e+10 
-0.0140665 0.0176528 -0.0152 0.02 -0.0164892 0.0175984 0 0 0 0 0 0 1.04167e+10 1.04167e+10 1.04167e+10 
-0.0140665 0.0176528 -0.0136 0.02 -0.0152 0.02 0 0 0 0 0 0 1.04167e+10 1.04167e+10 1.04167e+10 
0.00770757 -0.0110921 0.00972545 -0.00970261 0.00702515 -0.00920435 0 0 0 0 0 0 2.08333e+10 2.08333e+10 2.08333e+10 
-0.00231675 0.0118439 -0.00259051 0.00981064 -0.000320942 0.00992746 0 0 0 0 0 0 3.125e+10 3.125e+10 3.125e+10 
-0.00231675 0.0118439 -0.00500174 0.0107321 -0.00259051 0.00981064 0 0 0 0 0 0 3.125e+10 3.125e+10 3.125e+10 
-0.00231675 0.0118439 -0.000118097 0.0138994 -0.00273409 0.0137217 0 0 0 0 0 0 3.125e+10 3.125e+10 3.125e+10 
-0.00231675 0.0118439 -0.00526311 0.0128116 -0.00500174 0.0107321 0 0 0 0 0 0 3.125e+10 3.125e+10 3.125e+10 
-0.00231675 0.0118439 -0.00273409 0.0137217 -0.00526311 0.0128116 0 0 0 0 0 0 3.125e+10 3.125e+10 3.125e+10 
-0.00231675 0.0118439 -0.000320942 0.00992746 0.00134153 0.0111078 0 0 0 0 0 0 3.125e+10 3.125e+10 3.125e+10 
-0.00231675 0.0118439 0.00134153 0.0111078 -0.000118097 0.0138994 0 0 0 0 0 0 3.125e+10 3.125e+10 3.125e+10 
-0.00431059 -0.000307931 -0.00740949 0.000189359 -0.00670303 -0.00154325 0 0 0 0 0 0 3.125e+10 3.125e+10 3.125e+10 
-0.00431059 -0.000307931 -0.00670303 -0.00154325 -0.00378287 -0.00230152 0 0 0 0 0 0 3.125e+10 3.125e+10 3.125e+10 
0.011238 0.0127458 0.0101763 0.00984776 0.0131007 0.0101213 0 0 0 0 0 0 1.04167e+10 1.04167e+10 1.04167e+10 
0.00541743 0.00602714 0.0066776 0.00565734 0.00698516 0.00692782 0 0 0 0 0 0 3.125e+10 3.125e+10 3.125e+10 
-0.0110186 0.00447694 -0.00982169 0.00256281 -0.00853031 0.00481829 0 0 0 0 0 0 3.125e+10 3.125e+10 3.125e+10 
-0.0110186 0.00447694 -0.0112837 0.00775089 -0.0126621 0.00556108 0 0 0 0 0 0 3.125e+10 3.125e+10 3.125e+10 
-0.0110186 0.00447694 -0.0119402 0.00183937 -0.00982169 0.00256281 0 0 0 0 0 0 3.125e+10 3.125e+10 3.125e+10 
-0.0110186 0.00447694 -0.0136509 0.00302386 -0.0119402 0.00183937 0 0 0 0 0 0 3.125e+10 3.125e+10 3.125e+10 
-0.0110186 0.00447694 -0.0126621 0.00556108 -0.0136509 0.00302386 0 0 0 0 0 0 3.125e+10 3.125e+10 3.125e+10 
-0.0115507 0.010545 -0.00951487 0.0097698 -0.010296 0.0117778 0 0 0 0 0 0 3.125e+10 3.125e+10 3.125e+10 
-0.0115507 0.010545 -0.0112837 0.00775089 -0.00951487 0.0097698 0 0 0 0 0 0 3.125e+10 3.125e+10 3.125e+10 
-0.0115507 0.010545 -0.0121007 0.0118986 -0.0129794 0.0109482 0 0 0 0 0 0 3.125e+10 3.125e+10 3.125e+10 
-0.0115507 0.010545 -0.010296 0.0117778 -0.0121007 0.0118986 0 0 0 0 0 0 3.125e+10 3.125e+10 3.125e+10 
-0.0171996 0.00121036 -0.0171634 -0.000127207 -0.0158932 0.00106699 0 0 0 0 0 0 3.125e+10 3.125e+10 3.125e+10 
-0.0171996 0.00121036 -0.0158932 0.00106699 -0.0170668 0.00260046 0 0 0 0 0 0 3.125e+10 3.125e+10 3.125e+10 
0.02 -0.0152 0.0187863 -0.0172033 0.02 -0.0168 0 0 0 0 0 0 1.04167e+10 1.04167e+10 1.04167e+10 
0.02 -0.0152 0.017671 -0.0145882 0.0187863 -0.0172033 0 0 0 0 0 0 1.04167e+10 1.04167e+10 1.04167e+10 
-0.0170014 -0.0151785 -0.0159773 -0.0172389 -0.0144796 -0.0149787 0 0 0 0 0 0 1.04167e+10 1.04167e+10 1.04167e+10 
-0.0170014 -0.0151785 -0.0144796 -0.0149787 -0.0164292 -0.0124652 0 0 0 0 0 0 1.04167e+10 1.04167e+10 1.04167e+10 
-0.0170014 -0.0151785 -0.0184273 -0.0175924 -0.0159773 -0.0172389 0 0 0 0 0 0 1.04167e+10 1.04167e+10 1.04167e+10 
-0.0170014 -0.0151785 -0.02 -0.0152 -0.0184273 -0.0175924 0 0 0 0 0 0 1.04167e+10 1.04167e+10 1.04167e+10 
-0.00292451 0.00638631 -0.000178313 0.00743719 -0.00162012 0.00841445 0 0 0 0 0 0 3.125e+10 3.125e+10 3.125e+10 
-0.00292451 0.00638631 -0.00421174 0.00654052 -0.00478713 0.0044134 0 0 0 0 0 0 3.125e+10 3.125e+10 3.125e+10 
-0.02 -0.0136 -0.02 -0.0152 -0.0170014 -0.0151785 0 0 0 0 0 0 1.04167e+10 1.04167e+10 1.04167e+10 
0.0125814 0.00250332 0.0113143 0.00359694 0.0112904 0.000961711 0 0 0 0 0 0 2.08333e+10 2.08333e+10 2.08333e+10 
0.0125814 0.00250332 0.0112904 0.000961711 0.0136619 0.00122495 0 0 0 0 0 0 2.08333e+10 2.08333e+10 2.08333e+10 
-0.0146423 -0.00533329 -0.013443 -0.00458998 -0.0145223 -0.00353132 0 0 0 0 0 0 3.125e+10 3.125e+10 3.125e+10 
-0.0146423 -0.00533329 -0.0136957 -0.00602542 -0.013443 -0.00458998 0 0 0 0 0 0 3.125e+10 3.125e+10 3.125e+10 
-0.00524604 -0.00516138 -0.00694708 -0.00565154 -0.00620791 -0.0068264 0 0 0 0 0 0 3.125e+10 3.125e+10 3.125e+10 
-0.0154553 -0.00449792 -0.0161233 -0.00353087 -0.0174763 -0.00525843 0 0 0 0 0 0 1.04167e+10 1.04167e+10 1.04167e+10 
-0.0154553 -0.00449792 -0.0145223 -0.00353132 -0.0161233 -0.00353087 0 0 0 0 0 0 3.125e+10 3.125e+10 3.125e+10 
-0.0154553 -0.00449792 -0.0146423 -0.00533329 -0.0145223 -0.00353132 0 0 0 0 0 0 3.125e+10 3.125e+10 3.125e+10 
-0.02 0.0168 -0.02 0.0152 -0.0188929 0.0172559 0 0 0 0 0 0 1.04167e+10 1.04167e+10 1.04167e+10 
-0.02 0.0168 -0.0188929 0.0172559 -0.02 0.0184 0 0 0 0 0 0 1.04167e+10 1.04167e+10 1.04167e+10 
0.02 -0.0184 0.02 -0.0168 0.0187863 -0.0172033 0 0 0 0 0 0 1.04167e+10 1.04167e+10 1.04167e+10 
0.02 -0.0184 0.0184 -0.02 0.02 -0.02 0 0 0 0 0 0 1.04167e+10 1.04167e+10 1.04167e+10 
0.02 -0.0184 0.0187863 -0.0172033 0.0184 -0.02 0 0 0 0 0 0 1.04167e+10 1.04167e+10 1.04167e+10 
-0.0013143 -0.0135969 0.000644015 -0.0124924 -0.0012904 -0.0109617 0 0 0 0 0 0 2.08333e+10 2.08333e+10 2.08333e+10 
-0.0013143 -0.0135969 0.000108294 -0.0144789 0.000644015 -0.0124924 0 0 0 0 0 0 2.08333e+10 2.08333e+10 2.08333e+10 
-0.0013143 -0.0135969 -0.001 -0.0153923 0.000108294 -0.0144789 0 0 0 0 0 0 2.08333e+10 2.08333e+10 2.08333e+10 
-0.014491 0.00632143 -0.015907 0.00641633 -0.0152113 0.00461324 0 0 0 0 0 0 3.125e+10 3.125e+10 3.125e+10 
-0.014491 0.00632143 -0.0152113 0.00461324 -0.0126621 0.00556108 0 0 0 0 0 0 3.125e+10 3.125e+10 3.125e+10 
-0.014491 0.00632143 -0.0152744 0.00767589 -0.015907 0.00641633 0 0 0 0 0 0 3.125e+10 3.125e+10 3.125e+10 
-0.000662893 -0.0025814 -0.00207331 -0.00358214 -0.000118785 -0.00384156 0 0 0 0 0 0 3.125e+10 3.125e+10 3.125e+10 
-0.000662893 -0.0025814 -0.000118785 -0.00384156 0.000884468 -0.00303441 0 0 0 0 0 0 3.125e+10 3.125e+10 3.125e+10 
0.00568342 0.00310877 0.00478958 0.00431758 0.00392067 0.00262482 0 0 0 0 0 0 3.125e+10 3.125e+10 3.125e+10 
0.00500769 0.0018586 0.00568342 0.00310877 0.00392067 0.00262482 0 0 0 0 0 0 3.125e+10 3.125e+10 3.125e+10 
0.0139431 0.0124497 0.011238 0.0127458 0.0131007 0.0101213 0 0 0 0 0 0 1.04167e+10 1.04167e+10 1.04167e+10 
-0.000816275 -0.00825813 -0.0027152 -0.00894801 -0.0012904 -0.0109617 0 0 0 0 0 0 2.08333e+10 2.08333e+10 2.08333e+10 
0.0180102 0.0152941 0.0164481 0.0173355 0.0151878 0.0152435 0 0 0 0 0 0 1.04167e+10 1.04167e+10 1.04167e+10 
0.0180102 0.0152941 0.0188438 0.0125262 0.02 0.0136 0 0 0 0 0 0 1.04167e+10 1.04167e+10 1.04167e+10 
0.0180102 0.0152941 0.02 0.0136 0.02 0.0152 0 0 0 0 0 0 1.04167e+10 1.04167e+10 1.04167e+10 
0.0166744 -0.0124224 0.0153923 -0.011 0.0147082 -0.0120534 0 0 0 0 0 0 1.04167e+10 1.04167e+10 1.04167e+10 
0.0166744 -0.0124224 0.017671 -0.0145882 0.0189126 -0.0121862 0 0 0 0 0 0 1.04167e+10 1.04167e+10 1.04167e+10 
-0.0183731 -0.0121929 -0.0164292 -0.0124652 -0.0171529 -0.00962903 0 0 0 0 0 0 1.04167e+10 1.04167e+10 1.04167e+10 
-0.0183731 -0.0121929 -0.02 -0.012 -0.02 -0.0136 0 0 0 0 0 0 1.04167e+10 1.04167e+10 1.04167e+10 
-0.0183731 -0.0121929 -0.0170014 -0.0151785 -0.0164292 -0.0124652 0 0 0 0 0 0 1.04167e+10 1.04167e+10 1.04167e+10 
-0.0183731 -0.0121929 -0.02 -0.0136 -0.0170014 -0.0151785 0 0 0 0 0 0 1.04167e+10 1.04167e+10 1.04167e+10 
0.0043262 0.000792483 0.00500769 0.0018586 0.00392067 0.00262482 0 0 0 0 0 0 3.125e+10 3.125e+10 3.125e+10 
0.02 -0.0136 0.02 -0.012 0.0189126 -0.0121862 0 0 0 0 0 0 1.04167e+10 1.04167e+10 1.04167e+10 
0.02 -0.0136 0.017671 -0.0145882 0.02 -0.0152 0 0 0 0 0 0 1.04167e+10 1.04167e+10 1.04167e+10 
0.02 -0.0136 0.0189126 -0.0121862 0.017671 -0.0145882 0 0 0 0 0 0 1.04167e+10 1.04167e+10 1.04167e+10 
-0.0133648 -0.0177646 -0.0159773 -0.0172389 -0.0152 -0.02 0 0 0 0 0 0 1.04167e+10 1.04167e+10 1.04167e+10 
-0.0133648 -0.0177646 -0.0144796 -0.0149787 -0.0159773 -0.0172389 0 0 0 0 0 0 1.04167e+10 1.04167e+10 1.04167e+10 
-0.0133648 -0.0177646 -0.0121056 -0.0145863 -0.0144796 -0.0149787 0 0 0 0 0 0 1.04167e+10 1.04167e+10 1.04167e+10 
0.0151274 -0.00834866 0.0136249 -0.00584988 0.0130361 -0.00824536 0 0 0 0 0 0 2.08333e+10 2.08333e+10 2.08333e+10 
0.0151274 -0.00834866 0.0155266 -0.00672316 0.0136249 -0.00584988 0 0 0 0 0 0 2.08333e+10 2.08333e+10 2.08333e+10 
0.0151274 -0.00834866 0.0164127 -0.0087082 0.0167378 -0.00749494 0 0 0 0 0 0 2.08333e+10 2.08333e+10 2.08333e+10 
0.0151274 -0.00834866 0.0167378 -0.00749494 0.0155266 -0.00672316 0 0 0 0 0 0 2.08333e+10 2.08333e+10 2.08333e+10 
0.000753456 -0.0101392 -0.0012904 -0.0109617 0.000644015 -0.0124924 0 0 0 0 0 0 2.08333e+10 2.08333e+10 2.08333e+10 
0.000753456 -0.0101392 0.00289671 -0.0113262 0.00237151 -0.00885601 0 0 0 0 0 0 2.08333e+10 2.08333e+10 2.08333e+10 
0.000753456 -0.0101392 0.000644015 -0.0124924 0.00289671 -0.0113262 0 0 0 0 0 0 2.08333e+10 2.08333e+10 2.08333e+10 
0.000753456 -0.0101392 -0.000816275 -0.00825813 -0.0012904 -0.0109617 0 0 0 0 0 0 2.08333e+10 2.08333e+10 2.08333e+10 
0.000665724 -0.00143765 -0.000662893 -0.0025814 0.000884468 -0.00303441 0 0 0 0 0 0 3.125e+10 3.125e+10 3.125e+10 
0.00384354 0.00789712 0.0020075 0.00875935 0.00134301 0.0062063 0 0 0 0 0 0 3.125e+10 3.125e+10 3.125e+10 
-0.00162967 -0.000797785 -0.000662893 -0.0025814 0.000665724 -0.00143765 0 0 0 0 0 0 3.125e+10 3.125e+10 3.125e+10 
-0.00162967 -0.000797785 -0.00199876 0.00154795 -0.00431059 -0.000307931 0 0 0 0 0 0 3.125e+10 3.125e+10 3.125e+10 
-0.00162967 -0.000797785 -0.00378287 -0.00230152 -0.00207331 -0.00358214 0 0 0 0 0 0 3.125e+10 3.125e+10 3.125e+10 
-0.00162967 -0.000797785 -0.00207331 -0.00358214 -0.000662893 -0.0025814 0 0 0 0 0 0 3.125e+10 3.125e+10 3.125e+10 
-0.00162967 -0.000797785 -0.00431059 -0.000307931 -0.00378287 -0.00230152 0 0 0 0 0 0 3.125e+10 3.125e+10 3.125e+10 
0.00385951 0.0101633 0.00507881 0.0126755 0.00287557 0.0123894 0 0 0 0 0 0 3.125e+10 3.125e+10 3.125e+10 
0.00385951 0.0101633 0.00134153 0.0111078 0.0020075 0.00875935 0 0 0 0 0 0 3.125e+10 3.125e+10 3.125e+10 
0.00385951 0.0101633 0.00287557 0.0123894 0.00134153 0.0111078 0 0 0 0 0 0 3.125e+10 3.125e+10 3.125e+10 
0.00385951 0.0101633 0.0020075 0.00875935 0.00384354 0.00789712 0 0 0 0 0 0 3.125e+10 3.125e+10 3.125e+10 
0.00385951 0.0101633 0.00384354 0.00789712 0.00588879 0.0095244 0 0 0 0 0 0 3.125e+10 3.125e+10 3.125e+10 
-0.00898719 0.0174135 -0.0104 0.02 -0.010978 0.017692 0 0 0 0 0 0 1.04167e+10 1.04167e+10 1.04167e+10 
0.00104396 0.0170334 0.00108016 0.0156785 0.00224858 0.0167091 0 0 0 0 0 0 3.125e+10 3.125e+10 3.125e+10 
-0.00587544 0.00491725 -0.00853031 0.00481829 -0.0067215 0.00263822 0 0 0 0 0 0 3.125e+10 3.125e+10 3.125e+10 
-0.00587544 0.00491725 -0.0067215 0.00263822 -0.00478713 0.0044134 0 0 0 0 0 0 3.125e+10 3.125e+10 3.125e+10 
-0.00587544 0.00491725 -0.00421174 0.00654052 -0.00682923 0.00679985 0 0 0 0 0 0 3.125e+10 3.125e+10 3.125e+10 
-0.00587544 0.00491725 -0.00478713 0.0044134 -0.00421174 0.00654052 0 0 0 0 0 0 3.125e+10 3.125e+10 3.125e+10 
-0.00587544 0.00491725 -0.00682923 0.00679985 -0.00853031 0.00481829 0 0 0 0 0 0 3.125e+10 3.125e+10 3.125e+10 
-0.00146969 0.00518171 0.00134301 0.0062063 -0.000178313 0.00743719 0 0 0 0 0 0 3.125e+10 3.125e+10 3.125e+10 
-0.00146969 0.00518171 -3.78007e-05 0.00380741 0.00134301 0.0062063 0 0 0 0 0 0 3.125e+10 3.125e+10 3.125e+10 
-0.00146969 0.00518171 -0.000178313 0.00743719 -0.00292451 0.00638631 0 0 0 0 0 0 3.125e+10 3.125e+10 3.125e+10 
0.0139177 0.00302957 0.0136619 0.00122495 0.0147082 0.00205342 0 0 0 0 0 0 2.08333e+10 2.08333e+10 2.08333e+10 
0.0139177 0.00302957 0.0125814 0.00250332 0.0136619 0.00122495 0 0 0 0 0 0 2.08333e+10 2.08333e+10 2.08333e+10 
0.00564965 0.0111965 0.00677274 0.0120601 0.00507881 0.0126755 0 0 0 0 0 0 3.125e+10 3.125e+10 3.125e+10 
0.00564965 0.0111965 0.00588879 0.0095244 0.00707023 0.0108407 0 0 0 0 0 0 3.125e+10 3.125e+10 3.125e+10 
0.00564965 0.0111965 0.00707023 0.0108407 0.00677274 0.0120601 0 0 0 0 0 0 3.125e+10 3.125e+10 3.125e+10 
0.00564965 0.0111965 0.00507881 0.0126755 0.00385951 0.0101633 0 0 0 0 0 0 3.125e+10 3.125e+10 3.125e+10 
0.00564965 0.0111965 0.00385951 0.0101633 0.00588879 0.0095244 0 0 0 0 0 0 3.125e+10 3.125e+10 3.125e+10 
0.00257852 -0.00611694 0.00237151 -0.00885601 0.00436349 -0.00758959 0 0 0 0 0 0 2.08333e+10 2.08333e+10 2.08333e+10 
-0.02 0.0088 -0.0187568 0.00780532 -0.0174431 0.0101288 0 0 0 0 0 0 1.04167e+10 1.04167e+10 1.04167e+10 
-0.02 0.0088 -0.0174431 0.0101288 -0.02 0.0104 0 0 0 0 0 0 1.04167e+10 1.04167e+10 1.04167e+10 
-0.02 -0.0168 -0.0184273 -0.0175924 -0.02 -0.0152 0 0 0 0 0 0 1.04167e+10 1.04167e+10 1.04167e+10 
-0.02 -0.0184 -0.0184 -0.02 -0.0184273 -0.0175924 0 0 0 0 0 0 1.04167e+10 1.04167e+10 1.04167e+10 
-0.02 -0.0184 -0.02 -0.02 -0.0184 -0.02 0 0 0 0 0 0 1.04167e+10 1.04167e+10 1.04167e+10 
-0.02 -0.0184 -0.0184273 -0.0175924 -0.02 -0.0168 0 0 0 0 0 0 1.04167e+10 1.04167e+10 1.04167e+10 
-0.0126819 0.0092076 -0.0137912 0.00994793 -0.0145292 0.00890613 0 0 0 0 0 0 3.125e+10 3.125e+10 3.125e+10 
-0.0126819 0.0092076 -0.0112837 0.00775089 -0.0115507 0.010545 0 0 0 0 0 0 3.125e+10 3.125e+10 3.125e+10 
-0.0126819 0.0092076 -0.0129794 0.0109482 -0.0137912 0.00994793 0 0 0 0 0 0 3.125e+10 3.125e+10 3.125e+10 
-0.0126819 0.0092076 -0.0115507 0.010545 -0.0129794 0.0109482 0 0 0 0 0 0 3.125e+10 3.125e+10 3.125e+10 
-0.0156803 0.00291457 -0.0158932 0.00106699 -0.0136509 0.00302386 0 0 0 0 0 0 3.125e+10 3.125e+10 3.125e+10 
-0.0156803 0.00291457 -0.0170668 0.00260046 -0.0158932 0.00106699 0 0 0 0 0 0 3.125e+10 3.125e+10 3.125e+10 
-0.0156803 0.00291457 -0.0136509 0.00302386 -0.0152113 0.00461324 0 0 0 0 0 0 3.125e+10 3.125e+10 3.125e+10 
-0.0156803 0.00291457 -0.0152113 0.00461324 -0.0168081 0.00386464 0 0 0 0 0 0 3.125e+10 3.125e+10 3.125e+10 
-0.0156803 0.00291457 -0.0168081 0.00386464 -0.0170668 0.00260046 0 0 0 0 0 0 3.125e+10 3.125e+10 3.125e+10 
-0.0070766 -0.0147638 -0.00869734 -0.0129031 -0.00978155 -0.0147626 0 0 0 0 0 0 1.04167e+10 1.04167e+10 1.04167e+10 
0.0125033 -0.0125814 0.0130296 -0.0139177 0.0139177 -0.0130296 0 0 0 0 0 0 2.08333e+10 2.08333e+10 2.08333e+10 
-0.0183008 -0.00711937 -0.0174763 -0.00525843 -0.02 -0.0056 0 0 0 0 0 0 1.04167e+10 1.04167e+10 1.04167e+10 
-0.0183008 -0.00711937 -0.02 -0.0056 -0.02 -0.0072 0 0 0 0 0 0 1.04167e+10 1.04167e+10 1.04167e+10 
-0.0183008 -0.00711937 -0.02 -0.0072 -0.02 -0.0088 0 0 0 0 0 0 1.04167e+10 1.04167e+10 1.04167e+10 
-0.0183008 -0.00711937 -0.02 -0.0088 -0.0171529 -0.00962903 0 0 0 0 0 0 1.04167e+10 1.04167e+10 1.04167e+10 
-0.0183008 -0.00711937 -0.0171529 -0.00962903 -0.0160636 -0.00760221 0 0 0 0 0 0 1.04167e+10 1.04167e+10 1.04167e+10 
-0.000604047 0.015893 -0.00159877 0.0171792 -0.00242517 0.0157682 0 0 0 0 0 0 3.125e+10 3.125e+10 3.125e+10 
-0.000604047 0.015893 -0.000244441 0.0171908 -0.00159877 0.0171792 0 0 0 0 0 0 3.125e+10 3.125e+10 3.125e+10 
-0.000604047 0.015893 -0.00242517 0.0157682 -0.000118097 0.0138994 0 0 0 0 0 0 3.125e+10 3.125e+10 3.125e+10 
-0.000604047 0.015893 -0.000118097 0.0138994 0.00108016 0.0156785 0 0 0 0 0 0 3.125e+10 3.125e+10 3.125e+10 
-0.000604047 0.015893 0.00104396 0.0170334 -0.000244441 0.0171908 0 0 0 0 0 0 3.125e+10 3.125e+10 3.125e+10 
-0.000604047 0.015893 0.00108016 0.0156785 0.00104396 0.0170334 0 0 0 0 0 0 3.125e+10 3.125e+10 3.125e+10 
0.0104 0.02 0.00856539 0.017631 0.0113208 0.0178671 0 0 0 0 0 0 1.04167e+10 1.04167e+10 1.04167e+10 
0.0104 0.02 0.0088 0.02 0.00856539 0.017631 0 0 0 0 0 0 1.04167e+10 1.04167e+10 1.04167e+10 
0.0104 0.02 0.0113208 0.0178671 0.012 0.02 0 0 0 0 0 0 1.04167e+10 1.04167e+10 1.04167e+10 
-0.00493162 -0.00644566 -0.00524604 -0.00516138 -0.00620791 -0.0068264 0 0 0 0 0 0 3.125e+10 3.125e+10 3.125e+10 
0.00192784 0.00317446 0.00134301 0.0062063 -3.78007e-05 0.00380741 0 0 0 0 0 0 3.125e+10 3.125e+10 3.125e+10 
-0.0136 -0.02 -0.012 -0.02 -0.0133648 -0.0177646 0 0 0 0 0 0 1.04167e+10 1.04167e+10 1.04167e+10 
-0.0136 -0.02 -0.0133648 -0.0177646 -0.0152 -0.02 0 0 0 0 0 0 1.04167e+10 1.04167e+10 1.04167e+10 
-0.0147713 0.0153401 -0.0170168 0.0148792 -0.0159771 0.0127401 0 0 0 0 0 0 1.04167e+10 1.04167e+10 1.04167e+10 
-0.0147713 0.0153401 -0.0164892 0.0175984 -0.0170168 0.0148792 0 0 0 0 0 0 1.04167e+10 1.04167e+10 1.04167e+10 
-0.0147713 0.0153401 -0.0140665 0.0176528 -0.0164892 0.0175984 0 0 0 0 0 0 1.04167e+10 1.04167e+10 1.04167e+10 
-0.0147713 0.0153401 -0.0121205 0.0147111 -0.0140665 0.0176528 0 0 0 0 0 0 1.04167e+10 1.04167e+10 1.04167e+10 
-0.02 -0.004 -0.02 -0.0056 -0.0174763 -0.00525843 0 0 0 0 0 0 1.04167e+10 1.04167e+10 1.04167e+10 
-0.02 -0.004 -0.018698 -0.00227487 -0.02 -0.0024 0 0 0 0 0 0 1.04167e+10 1.04167e+10 1.04167e+10 
0.0159625 -0.00988084 0.0164127 -0.0087082 0.0151274 -0.00834866 0 0 0 0 0 0 2.08333e+10 2.08333e+10 2.08333e+10 
-0.00365608 -0.00593952 -0.00239527 -0.00531353 -0.00353894 -0.00442102 0 0 0 0 0 0 3.125e+10 3.125e+10 3.125e+10 
-0.00365608 -0.00593952 -0.00353894 -0.00442102 -0.00524604 -0.00516138 0 0 0 0 0 0 3.125e+10 3.125e+10 3.125e+10 
-0.00365608 -0.00593952 -0.00524604 -0.00516138 -0.00493162 -0.00644566 0 0 0 0 0 0 3.125e+10 3.125e+10 3.125e+10 
0.0076663 -0.00504432 0.00662776 -0.00711223 0.00885601 -0.00762849 0 0 0 0 0 0 2.08333e+10 2.08333e+10 2.08333e+10 
-0.00891945 -0.0174528 -0.0104 -0.02 -0.0088 -0.02 0 0 0 0 0 0 1.04167e+10 1.04167e+10 1.04167e+10 
-0.00891945 -0.0174528 -0.0088 -0.02 -0.0072 -0.02 0 0 0 0 0 0 1.04167e+10 1.04167e+10 1.04167e+10 
-0.00891945 -0.0174528 -0.0072 -0.02 -0.00624478 -0.0173872 0 0 0 0 0 0 1.04167e+10 1.04167e+10 1.04167e+10 
-0.00891945 -0.0174528 -0.0070766 -0.0147638 -0.00978155 -0.0147626 0 0 0 0 0 0 1.04167e+10 1.04167e+10 1.04167e+10 
-0.00891945 -0.0174528 -0.00624478 -0.0173872 -0.0070766 -0.0147638 0 0 0 0 0 0 1.04167e+10 1.04167e+10 1.04167e+10 
-0.0132833 -0.00180867 -0.0139238 0.000370692 -0.0157668 -0.000658095 0 0 0 0 0 0 3.125e+10 3.125e+10 3.125e+10 
-0.0132833 -0.00180867 -0.0157668 -0.000658095 -0.0153051 -0.00220695 0 0 0 0 0 0 3.125e+10 3.125e+10 3.125e+10 
-0.0132833 -0.00180867 -0.0116052 -0.000740071 -0.0139238 0.000370692 0 0 0 0 0 0 3.125e+10 3.125e+10 3.125e+10 
-0.0132833 -0.00180867 -0.0153051 -0.00220695 -0.0145223 -0.00353132 0 0 0 0 0 0 3.125e+10 3.125e+10 3.125e+10 
-0.0132833 -0.00180867 -0.0115832 -0.0034055 -0.0116052 -0.000740071 0 0 0 0 0 0 3.125e+10 3.125e+10 3.125e+10 
-0.0132833 -0.00180867 -0.013443 -0.00458998 -0.0115832 -0.0034055 0 0 0 0 0 0 3.125e+10 3.125e+10 3.125e+10 
-0.0132833 -0.00180867 -0.0145223 -0.00353132 -0.013443 -0.00458998 0 0 0 0 0 0 3.125e+10 3.125e+10 3.125e+10 
-0.00258142 -0.0125033 -0.0013143 -0.0135969 -0.0012904 -0.0109617 0 0 0 0 0 0 2.08333e+10 2.08333e+10 2.08333e+10 
0.0186259 0.00222853 0.02 0.0008 0.02 0.0024 0 0 0 0 0 0 1.04167e+10 1.04167e+10 1.04167e+10 
0.0186259 0.00222853 0.0180066 -0.000401744 0.02 0.0008 0 0 0 0 0 0 1.04167e+10 1.04167e+10 1.04167e+10 
0.0186259 0.00222853 0.02 0.004 0.018219 0.00499335 0 0 0 0 0 0 1.04167e+10 1.04167e+10 1.04167e+10 
0.0186259 0.00222853 0.02 0.0024 0.02 0.004 0 0 0 0 0 0 1.04167e+10 1.04167e+10 1.04167e+10 
-0.0111624 0.0127911 -0.010296 0.0117778 -0.0101724 0.0136182 0 0 0 0 0 0 3.125e+10 3.125e+10 3.125e+10 
-0.0111624 0.0127911 -0.0121007 0.0118986 -0.010296 0.0117778 0 0 0 0 0 0 3.125e+10 3.125e+10 3.125e+10 
-0.0111624 0.0127911 -0.0101724 0.0136182 -0.0121205 0.0147111 0 0 0 0 0 0 1.04167e+10 1.04167e+10 1.04167e+10 
0.00578877 0.00771141 0.00716141 0.00817717 0.00588879 0.0095244 0 0 0 0 0 0 3.125e+10 3.125e+10 3.125e+10 
0.00578877 0.00771141 0.00588879 0.0095244 0.00384354 0.00789712 0 0 0 0 0 0 3.125e+10 3.125e+10 3.125e+10 
0.00578877 0.00771141 0.00698516 0.00692782 0.00716141 0.00817717 0 0 0 0 0 0 3.125e+10 3.125e+10 3.125e+10 
0.00578877 0.00771141 0.00541743 0.00602714 0.00698516 0.00692782 0 0 0 0 0 0 3.125e+10 3.125e+10 3.125e+10 
0.00578877 0.00771141 0.00384354 0.00789712 0.00541743 0.00602714 0 0 0 0 0 0 3.125e+10 3.125e+10 3.125e+10 
-0.0113692 -0.0172653 -0.012 -0.02 -0.0104 -0.02 0 0 0 0 0 0 1.04167e+10 1.04167e+10 1.04167e+10 
-0.0113692 -0.0172653 -0.0133648 -0.0177646 -0.012 -0.02 0 0 0 0 0 0 1.04167e+10 1.04167e+10 1.04167e+10 
-0.0113692 -0.0172653 -0.0104 -0.02 -0.00891945 -0.0174528 0 0 0 0 0 0 1.04167e+10 1.04167e+10 1.04167e+10 
-0.0113692 -0.0172653 -0.00978155 -0.0147626 -0.0121056 -0.0145863 0 0 0 0 0 0 1.04167e+10 1.04167e+10 1.04167e+10 
-0.0113692 -0.0172653 -0.00891945 -0.0174528 -0.00978155 -0.0147626 0 0 0 0 0 0 1.04167e+10 1.04167e+10 1.04167e+10 
-0.0113692 -0.0172653 -0.0121056 -0.0145863 -0.0133648 -0.0177646 0 0 0 0 0 0 1.04167e+10 1.04167e+10 1.04167e+10 
0.00965365 -0.00534834 0.00920435 -0.00297485 0.0076663 -0.00504432 0 0 0 0 0 0 2.08333e+10 2.08333e+10 2.08333e+10 
0.00965365 -0.00534834 0.0076663 -0.00504432 0.00885601 -0.00762849 0 0 0 0 0 0 2.08333e+10 2.08333e+10 2.08333e+10 
0.00965365 -0.00534834 0.0113159 -0.00286609 0.00920435 -0.00297485 0 0 0 0 0 0 2.08333e+10 2.08333e+10 2.08333e+10 
0.00965365 -0.00534834 0.0116603 -0.00529176 0.0113159 -0.00286609 0 0 0 0 0 0 2.08333e+10 2.08333e+10 2.08333e+10 
-0.00300025 0.0169988 -0.00242517 0.0157682 -0.00159877 0.0171792 0 0 0 0 0 0 3.125e+10 3.125e+10 3.125e+10 
-0.00300025 0.0169988 -0.0041131 0.0153753 -0.00242517 0.0157682 0 0 0 0 0 0 3.125e+10 3.125e+10 3.125e+10 
-0.00300025 0.0169988 -0.0042699 0.0166986 -0.0041131 0.0153753 0 0 0 0 0 0 3.125e+10 3.125e+10 3.125e+10 
-0.00632819 -0.00346044 -0.00670303 -0.00154325 -0.00905301 -0.00394239 0 0 0 0 0 0 3.125e+10 3.125e+10 3.125e+10 
-0.00632819 -0.00346044 -0.00905301 -0.00394239 -0.00694708 -0.00565154 0 0 0 0 0 0 3.125e+10 3.125e+10 3.125e+10 
-0.00632819 -0.00346044 -0.00694708 -0.00565154 -0.00524604 -0.00516138 0 0 0 0 0 0 3.125e+10 3.125e+10 3.125e+10 
-0.00632819 -0.00346044 -0.00353894 -0.00442102 -0.00378287 -0.00230152 0 0 0 0 0 0 3.125e+10 3.125e+10 3.125e+10 
-0.00632819 -0.00346044 -0.00524604 -0.00516138 -0.00353894 -0.00442102 0 0 0 0 0 0 3.125e+10 3.125e+10 3.125e+10 
-0.00632819 -0.00346044 -0.00378287 -0.00230152 -0.00670303 -0.00154325 0 0 0 0 0 0 3.125e+10 3.125e+10 3.125e+10 
0.0135969 -0.0113143 0.0147082 -0.0120534 0.0153923 -0.011 0 0 0 0 0 0 2.08333e+10 2.08333e+10 2.08333e+10 
0.0135969 -0.0113143 0.0117962 -0.0103779 0.0125033 -0.0125814 0 0 0 0 0 0 2.08333e+10 2.08333e+10 2.08333e+10 
0.0135969 -0.0113143 0.0139177 -0.0130296 0.0147082 -0.0120534 0 0 0 0 0 0 2.08333e+10 2.08333e+10 2.08333e+10 
0.0135969 -0.0113143 0.0125033 -0.0125814 0.0139177 -0.0130296 0 0 0 0 0 0 2.08333e+10 2.08333e+10 2.08333e+10 
0.00183835 -0.00215984 0.000665724 -0.00143765 0.000884468 -0.00303441 0 0 0 0 0 0 3.125e+10 3.125e+10 3.125e+10 
0.00183835 -0.00215984 0.00273486 -0.0012252 0.00188748 -0.000172488 0 0 0 0 0 0 3.125e+10 3.125e+10 3.125e+10 
0.00183835 -0.00215984 0.00188748 -0.000172488 0.000665724 -0.00143765 0 0 0 0 0 0 3.125e+10 3.125e+10 3.125e+10 
0.0072 0.02 0.00610473 0.0177077 0.00856539 0.017631 0 0 0 0 0 0 1.04167e+10 1.04167e+10 1.04167e+10 
0.0072 0.02 0.00856539 0.017631 0.0088 0.02 0 0 0 0 0 0 1.04167e+10 1.04167e+10 1.04167e+10 
0.0072 0.02 0.0056 0.02 0.00610473 0.0177077 0 0 0 0 0 0 1.04167e+10 1.04167e+10 1.04167e+10 
-0.0024 -0.02 -0.00384331 -0.0174883 -0.004 -0.02 0 0 0 0 0 0 1.04167e+10 1.04167e+10 1.04167e+10 
0.00532402 -0.0116588 0.00465166 -0.00965365 0.00289671 -0.0113262 0 0 0 0 0 0 2.08333e+10 2.08333e+10 2.08333e+10 
0.00532402 -0.0116588 0.00289671 -0.0113262 0.00293132 -0.0134162 0 0 0 0 0 0 2.08333e+10 2.08333e+10 2.08333e+10 
0.00532402 -0.0116588 0.00293132 -0.0134162 0.00538623 -0.0136581 0 0 0 0 0 0 2.08333e+10 2.08333e+10 2.08333e+10 
0.00532402 -0.0116588 0.00702515 -0.00920435 0.00465166 -0.00965365 0 0 0 0 0 0 2.08333e+10 2.08333e+10 2.08333e+10 
0.00532402 -0.0116588 0.00770757 -0.0110921 0.00702515 -0.00920435 0 0 0 0 0 0 2.08333e+10 2.08333e+10 2.08333e+10 
0.00532402 -0.0116588 0.00538623 -0.0136581 0.00780984 -0.0131985 0 0 0 0 0 0 2.08333e+10 2.08333e+10 2.08333e+10 
0.00532402 -0.0116588 0.00780984 -0.0131985 0.00770757 -0.0110921 0 0 0 0 0 0 2.08333e+10 2.08333e+10 2.08333e+10 
-0.02 0.0136 -0.0170168 0.0148792 -0.02 0.0152 0 0 0 0 0 0 1.04167e+10 1.04167e+10 1.04167e+10 
-0.02 0.0136 -0.0188031 0.0120672 -0.0170168 0.0148792 0 0 0 0 0 0 1.04167e+10 1.04167e+10 1.04167e+10 
-0.02 0.0136 -0.02 0.012 -0.0188031 0.0120672 0 0 0 0 0 0 1.04167e+10 1.04167e+10 1.04167e+10 
0.0104 -0.02 0.012 -0.02 0.0109746 -0.0175867 0 0 0 0 0 0 1.04167e+10 1.04167e+10 1.04167e+10 
0.00669706 -0.00294303 0.00920435 -0.00297485 0.00762849 -0.00114399 0 0 0 0 0 0 2.08333e+10 2.08333e+10 2.08333e+10 
0.00669706 -0.00294303 0.0076663 -0.00504432 0.00920435 -0.00297485 0 0 0 0 0 0 2.08333e+10 2.08333e+10 2.08333e+10 
-0.00945217 0.00686452 -0.00853031 0.00481829 -0.00682923 0.00679985 0 0 0 0 0 0 3.125e+10 3.125e+10 3.125e+10 
-0.00945217 0.00686452 -0.00951487 0.0097698 -0.0112837 0.00775089 0 0 0 0 0 0 3.125e+10 3.125e+10 3.125e+10 
-0.00945217 0.00686452 -0.0110186 0.00447694 -0.00853031 0.00481829 0 0 0 0 0 0 3.125e+10 3.125e+10 3.125e+10 
-0.00945217 0.00686452 -0.0112837 0.00775089 -0.0110186 0.00447694 0 0 0 0 0 0 3.125e+10 3.125e+10 3.125e+10 
0.0111051 -0.00767803 0.00885601 -0.00762849 0.00972545 -0.00970261 0 0 0 0 0 0 2.08333e+10 2.08333e+10 2.08333e+10 
0.0111051 -0.00767803 0.00972545 -0.00970261 0.0117962 -0.0103779 0 0 0 0 0 0 2.08333e+10 2.08333e+10 2.08333e+10 
0.0111051 -0.00767803 0.0117962 -0.0103779 0.0130361 -0.00824536 0 0 0 0 0 0 2.08333e+10 2.08333e+10 2.08333e+10 
0.0111051 -0.00767803 0.0136249 -0.00584988 0.0116603 -0.00529176 0 0 0 0 0 0 2.08333e+10 2.08333e+10 2.08333e+10 
0.0111051 -0.00767803 0.0130361 -0.00824536 0.0136249 -0.00584988 0 0 0 0 0 0 2.08333e+10 2.08333e+10 2.08333e+10 
0.0111051 -0.00767803 0.00965365 -0.00534834 0.00885601 -0.00762849 0 0 0 0 0 0 2.08333e+10 2.08333e+10 2.08333e+10 
0.0111051 -0.00767803 0.0116603 -0.00529176 0.00965365 -0.00534834 0 0 0 0 0 0 2.08333e+10 2.08333e+10 2.08333e+10 
-0.00484967 0.00850741 -0.00162012 0.00841445 -0.00259051 0.00981064 0 0 0 0 0 0 3.125e+10 3.125e+10 3.125e+10 
-0.00484967 0.00850741 -0.00259051 0.00981064 -0.00500174 0.0107321 0 0 0 0 0 0 3.125e+10 3.125e+10 3.125e+10 
-0.00484967 0.00850741 -0.00292451 0.00638631 -0.00162012 0.00841445 0 0 0 0 0 0 3.125e+10 3.125e+10 3.125e+10 
-0.00484967 0.00850741 -0.00421174 0.00654052 -0.00292451 0.00638631 0 0 0 0 0 0 3.125e+10 3.125e+10 3.125e+10 
-0.00484967 0.00850741 -0.00682923 0.00679985 -0.00421174 0.00654052 0 0 0 0 0 0 3.125e+10 3.125e+10 3.125e+10 
0.0144789 -0.00989171 0.0117962 -0.0103779 0.0135969 -0.0113143 0 0 0 0 0 0 2.08333e+10 2.08333e+10 2.08333e+10 
0.0144789 -0.00989171 0.0130361 -0.00824536 0.0117962 -0.0103779 0 0 0 0 0 0 2.08333e+10 2.08333e+10 2.08333e+10 
0.0144789 -0.00989171 0.0153923 -0.011 0.0159625 -0.00988084 0 0 0 0 0 0 2.08333e+10 2.08333e+10 2.08333e+10 
0.0144789 -0.00989171 0.0159625 -0.00988084 0.0151274 -0.00834866 0 0 0 0 0 0 2.08333e+10 2.08333e+10 2.08333e+10 
0.0144789 -0.00989171 0.0151274 -0.00834866 0.0130361 -0.00824536 0 0 0 0 0 0 2.08333e+10 2.08333e+10 2.08333e+10 
0.0144789 -0.00989171 0.0135969 -0.0113143 0.0153923 -0.011 0 0 0 0 0 0 2.08333e+10 2.08333e+10 2.08333e+10 
0.00661407 -0.0155438 0.00749494 -0.0167378 0.00824362 -0.0151615 0 0 0 0 0 0 2.08333e+10 2.08333e+10 2.08333e+10 
0.00661407 -0.0155438 0.00625434 -0.0169343 0.00749494 -0.0167378 0 0 0 0 0 0 2.08333e+10 2.08333e+10 2.08333e+10 
0.00661407 -0.0155438 0.00824362 -0.0151615 0.00780984 -0.0131985 0 0 0 0 0 0 2.08333e+10 2.08333e+10 2.08333e+10 
0.00661407 -0.0155438 0.00780984 -0.0131985 0.00538623 -0.0136581 0 0 0 0 0 0 2.08333e+10 2.08333e+10 2.08333e+10 
-0.00366186 -0.0112249 -0.0012904 -0.0109617 -0.0027152 -0.00894801 0 0 0 0 0 0 2.08333e+10 2.08333e+10 2.08333e+10 
-0.00366186 -0.0112249 -0.0027152 -0.00894801 -0.00452901 -0.0097933 0 0 0 0 0 0 2.08333e+10 2.08333e+10 2.08333e+10 
-0.00366186 -0.0112249 -0.0053923 -0.011 -0.0047082 -0.0120534 0 0 0 0 0 0 2.08333e+10 2.08333e+10 2.08333e+10 
-0.00366186 -0.0112249 -0.00452901 -0.0097933 -0.0053923 -0.011 0 0 0 0 0 0 2.08333e+10 2.08333e+10 2.08333e+10 
-0.00366186 -0.0112249 -0.00258142 -0.0125033 -0.0012904 -0.0109617 0 0 0 0 0 0 2.08333e+10 2.08333e+10 2.08333e+10 
-0.00366186 -0.0112249 -0.0047082 -0.0120534 -0.00391774 -0.0130296 0 0 0 0 0 0 2.08333e+10 2.08333e+10 2.08333e+10 
-0.00366186 -0.0112249 -0.00391774 -0.0130296 -0.00258142 -0.0125033 0 0 0 0 0 0 2.08333e+10 2.08333e+10 2.08333e+10 
0.0112249 -0.0136619 0.0130296 -0.0139177 0.0125033 -0.0125814 0 0 0 0 0 0 2.08333e+10 2.08333e+10 2.08333e+10 
0.0112249 -0.0136619 0.0120534 -0.0147082 0.0130296 -0.0139177 0 0 0 0 0 0 2.08333e+10 2.08333e+10 2.08333e+10 
0.0112249 -0.0136619 0.0097933 -0.014529 0.011 -0.0153923 0 0 0 0 0 0 2.08333e+10 2.08333e+10 2.08333e+10 
0.0112249 -0.0136619 0.011 -0.0153923 0.0120534 -0.0147082 0 0 0 0 0 0 2.08333e+10 2.08333e+10 2.08333e+10 
0.000795653 -0.00702515 0.000753456 -0.0101392 0.00237151 -0.00885601 0 0 0 0 0 0 2.08333e+10 2.08333e+10 2.08333e+10 
0.000795653 -0.00702515 -0.000816275 -0.00825813 0.000753456 -0.0101392 0 0 0 0 0 0 2.08333e+10 2.08333e+10 2.08333e+10 
0.000795653 -0.00702515 0.00237151 -0.00885601 0.00257852 -0.00611694 0 0 0 0 0 0 2.08333e+10 2.08333e+10 2.08333e+10 
0.02 -0.0072 0.0187927 -0.00786905 0.02 -0.0088 0 0 0 0 0 0 1.04167e+10 1.04167e+10 1.04167e+10 
-0.0136682 0.00779084 -0.0126621 0.00556108 -0.0112837 0.00775089 0 0 0 0 0 0 3.125e+10 3.125e+10 3.125e+10 
-0.0136682 0.00779084 -0.014491 0.00632143 -0.0126621 0.00556108 0 0 0 0 0 0 3.125e+10 3.125e+10 3.125e+10 
-0.0136682 0.00779084 -0.0145292 0.00890613 -0.0152744 0.00767589 0 0 0 0 0 0 3.125e+10 3.125e+10 3.125e+10 
-0.0136682 0.00779084 -0.0152744 0.00767589 -0.014491 0.00632143 0 0 0 0 0 0 3.125e+10 3.125e+10 3.125e+10 
-0.0136682 0.00779084 -0.0112837 0.00775089 -0.0126819 0.0092076 0 0 0 0 0 0 3.125e+10 3.125e+10 3.125e+10 
-0.0136682 0.00779084 -0.0126819 0.0092076 -0.0145292 0.00890613 0 0 0 0 0 0 3.125e+10 3.125e+10 3.125e+10 
-0.00317077 0.00320015 -3.78007e-05 0.00380741 -0.00146969 0.00518171 0 0 0 0 0 0 3.125e+10 3.125e+10 3.125e+10 
-0.00317077 0.00320015 -0.00199876 0.00154795 -3.78007e-05 0.00380741 0 0 0 0 0 0 3.125e+10 3.125e+10 3.125e+10 
-0.00317077 0.00320015 -0.00292451 0.00638631 -0.00478713 0.0044134 0 0 0 0 0 0 3.125e+10 3.125e+10 3.125e+10 
-0.00317077 0.00320015 -0.00146969 0.00518171 -0.00292451 0.00638631 0 0 0 0 0 0 3.125e+10 3.125e+10 3.125e+10 
0.0134511 -0.0178423 0.0136 -0.02 0.0152 -0.02 0 0 0 0 0 0 1.04167e+10 1.04167e+10 1.04167e+10 
0.0134511 -0.0178423 0.0152 -0.02 0.0167116 -0.0177465 0 0 0 0 0 0 1.04167e+10 1.04167e+10 1.04167e+10 
0.0134511 -0.0178423 0.0167116 -0.0177465 0.015363 -0.0153823 0 0 0 0 0 0 1.04167e+10 1.04167e+10 1.04167e+10 
0.0134511 -0.0178423 0.012 -0.02 0.0136 -0.02 0 0 0 0 0 0 1.04167e+10 1.04167e+10 1.04167e+10 
0.0134511 -0.0178423 0.0109746 -0.0175867 0.012 -0.02 0 0 0 0 0 0 1.04167e+10 1.04167e+10 1.04167e+10 
0.00250506 -0.0167378 0.00374566 -0.0169343 0.00327684 -0.0155266 0 0 0 0 0 0 2.08333e+10 2.08333e+10 2.08333e+10 
-0.00736521 0.0090341 -0.00746558 0.0114924 -0.00951487 0.0097698 0 0 0 0 0 0 3.125e+10 3.125e+10 3.125e+10 
-0.00736521 0.0090341 -0.00945217 0.00686452 -0.00682923 0.00679985 0 0 0 0 0 0 3.125e+10 3.125e+10 3.125e+10 
-0.00736521 0.0090341 -0.00951487 0.0097698 -0.00945217 0.00686452 0 0 0 0 0 0 3.125e+10 3.125e+10 3.125e+10 
-0.00736521 0.0090341 -0.00682923 0.00679985 -0.00484967 0.00850741 0 0 0 0 0 0 3.125e+10 3.125e+10 3.125e+10 
-0.00736521 0.0090341 -0.00500174 0.0107321 -0.00746558 0.0114924 0 0 0 0 0 0 3.125e+10 3.125e+10 3.125e+10 
-0.00736521 0.0090341 -0.00484967 0.00850741 -0.00500174 0.0107321 0 0 0 0 0 0 3.125e+10 3.125e+10 3.125e+10 
0.0130393 0.0145943 0.0151878 0.0152435 0.0139377 0.0177711 0 0 0 0 0 0 1.04167e+10 1.04167e+10 1.04167e+10 
0.0130393 0.0145943 0.0102637 0.0152755 0.011238 0.0127458 0 0 0 0 0 0 1.04167e+10 1.04167e+10 1.04167e+10 
0.0130393 0.0145943 0.0113208 0.0178671 0.0102637 0.0152755 0 0 0 0 0 0 1.04167e+10 1.04167e+10 1.04167e+10 
0.0130393 0.0145943 0.0139377 0.0177711 0.0113208 0.0178671 0 0 0 0 0 0 1.04167e+10 1.04167e+10 1.04167e+10 
0.0130393 0.0145943 0.0139431 0.0124497 0.0151878 0.0152435 0 0 0 0 0 0 1.04167e+10 1.04167e+10 1.04167e+10 
0.0130393 0.0145943 0.011238 0.0127458 0.0139431 0.0124497 0 0 0 0 0 0 1.04167e+10 1.04167e+10 1.04167e+10 
-0.02 -0.0104 -0.02 -0.012 -0.0183731 -0.0121929 0 0 0 0 0 0 1.04167e+10 1.04167e+10 1.04167e+10 
-0.02 -0.0104 -0.0183731 -0.0121929 -0.0171529 -0.00962903 0 0 0 0 0 0 1.04167e+10 1.04167e+10 1.04167e+10 
-0.02 -0.0104 -0.0171529 -0.00962903 -0.02 -0.0088 0 0 0 0 0 0 1.04167e+10 1.04167e+10 1.04167e+10 
0.00989171 0.00447887 0.011 0.0053923 0.00988084 0.00596255 0 0 0 0 0 0 2.08333e+10 2.08333e+10 2.08333e+10 
0.00989171 0.00447887 0.0113143 0.00359694 0.011 0.0053923 0 0 0 0 0 0 2.08333e+10 2.08333e+10 2.08333e+10 
0.00989171 0.00447887 0.00935598 0.00249243 0.0113143 0.00359694 0 0 0 0 0 0 2.08333e+10 2.08333e+10 2.08333e+10 
0.00989171 0.00447887 0.00988084 0.00596255 0.0087082 0.00641268 0 0 0 0 0 0 2.08333e+10 2.08333e+10 2.08333e+10 
0.00494478 -0.0156665 0.00374566 -0.0169343 0.005 -0.017 0 0 0 0 0 0 2.08333e+10 2.08333e+10 2.08333e+10 
0.00494478 -0.0156665 0.00327684 -0.0155266 0.00374566 -0.0169343 0 0 0 0 0 0 2.08333e+10 2.08333e+10 2.08333e+10 
0.00494478 -0.0156665 0.005 -0.017 0.00625434 -0.0169343 0 0 0 0 0 0 2.08333e+10 2.08333e+10 2.08333e+10 
0.00494478 -0.0156665 0.00625434 -0.0169343 0.00661407 -0.0155438 0 0 0 0 0 0 2.08333e+10 2.08333e+10 2.08333e+10 
0.00494478 -0.0156665 0.00538623 -0.0136581 0.00327684 -0.0155266 0 0 0 0 0 0 2.08333e+10 2.08333e+10 2.08333e+10 
0.00494478 -0.0156665 0.00661407 -0.0155438 0.00538623 -0.0136581 0 0 0 0 0 0 2.08333e+10 2.08333e+10 2.08333e+10 
-0.02 0.0072 -0.0187568 0.00780532 -0.02 0.0088 0 0 0 0 0 0 1.04167e+10 1.04167e+10 1.04167e+10 
0.0158242 0.00985846 0.0163703 0.00728904 0.0182479 0.00968157 0 0 0 0 0 0 1.04167e+10 1.04167e+10 1.04167e+10 
0.0158242 0.00985846 0.0131007 0.0101213 0.0136825 0.00763898 0 0 0 0 0 0 1.04167e+10 1.04167e+10 1.04167e+10 
0.0158242 0.00985846 0.0136825 0.00763898 0.0163703 0.00728904 0 0 0 0 0 0 1.04167e+10 1.04167e+10 1.04167e+10 
0.0158242 0.00985846 0.0139431 0.0124497 0.0131007 0.0101213 0 0 0 0 0 0 1.04167e+10 1.04167e+10 1.04167e+10 
0.00165134 -0.0151274 0.00011916 -0.0159625 0.0012918 -0.0164127 0 0 0 0 0 0 2.08333e+10 2.08333e+10 2.08333e+10 
0.00165134 -0.0151274 0.000108294 -0.0144789 0.00011916 -0.0159625 0 0 0 0 0 0 2.08333e+10 2.08333e+10 2.08333e+10 
0.00165134 -0.0151274 0.00327684 -0.0155266 0.00293132 -0.0134162 0 0 0 0 0 0 2.08333e+10 2.08333e+10 2.08333e+10 
0.00165134 -0.0151274 0.0012918 -0.0164127 0.00250506 -0.0167378 0 0 0 0 0 0 2.08333e+10 2.08333e+10 2.08333e+10 
0.00165134 -0.0151274 0.00250506 -0.0167378 0.00327684 -0.0155266 0 0 0 0 0 0 2.08333e+10 2.08333e+10 2.08333e+10 
0.00165134 -0.0151274 0.00293132 -0.0134162 0.000644015 -0.0124924 0 0 0 0 0 0 2.08333e+10 2.08333e+10 2.08333e+10 
0.00165134 -0.0151274 0.000644015 -0.0124924 0.000108294 -0.0144789 0 0 0 0 0 0 2.08333e+10 2.08333e+10 2.08333e+10 
0.0100058 -0.0120748 0.0125033 -0.0125814 0.0117962 -0.0103779 0 0 0 0 0 0 2.08333e+10 2.08333e+10 2.08333e+10 
0.0100058 -0.0120748 0.0112249 -0.0136619 0.0125033 -0.0125814 0 0 0 0 0 0 2.08333e+10 2.08333e+10 2.08333e+10 
0.0100058 -0.0120748 0.0117962 -0.0103779 0.00972545 -0.00970261 0 0 0 0 0 0 2.08333e+10 2.08333e+10 2.08333e+10 
0.0100058 -0.0120748 0.00780984 -0.0131985 0.0097933 -0.014529 0 0 0 0 0 0 2.08333e+10 2.08333e+10 2.08333e+10 
0.0100058 -0.0120748 0.0097933 -0.014529 0.0112249 -0.0136619 0 0 0 0 0 0 2.08333e+10 2.08333e+10 2.08333e+10 
0.0100058 -0.0120748 0.00972545 -0.00970261 0.00770757 -0.0110921 0 0 0 0 0 0 2.08333e+10 2.08333e+10 2.08333e+10 
0.0100058 -0.0120748 0.00770757 -0.0110921 0.00780984 -0.0131985 0 0 0 0 0 0 2.08333e+10 2.08333e+10 2.08333e+10 
0.00297933 0.00119024 0.00188748 -0.000172488 0.00356647 -0.000238335 0 0 0 0 0 0 3.125e+10 3.125e+10 3.125e+10 
0.00297933 0.00119024 0.00356647 -0.000238335 0.0043262 0.000792483 0 0 0 0 0 0 3.125e+10 3.125e+10 3.125e+10 
0.00297933 0.00119024 0.0043262 0.000792483 0.00392067 0.00262482 0 0 0 0 0 0 3.125e+10 3.125e+10 3.125e+10 
0.00297933 0.00119024 0.00392067 0.00262482 0.00192784 0.00317446 0 0 0 0 0 0 3.125e+10 3.125e+10 3.125e+10 
-0.0184 0.02 -0.0188929 0.0172559 -0.0164892 0.0175984 0 0 0 0 0 0 1.04167e+10 1.04167e+10 1.04167e+10 
-0.0184 0.02 -0.0164892 0.0175984 -0.0168 0.02 0 0 0 0 0 0 1.04167e+10 1.04167e+10 1.04167e+10 
-0.0184 0.02 -0.02 0.02 -0.02 0.0184 0 0 0 0 0 0 1.04167e+10 1.04167e+10 1.04167e+10 
-0.0184 0.02 -0.02 0.0184 -0.0188929 0.0172559 0 0 0 0 0 0 1.04167e+10 1.04167e+10 1.04167e+10 
0.005 -0.005 0.00436349 -0.00758959 0.00662776 -0.00711223 0 0 0 0 0 0 2.08333e+10 2.08333e+10 2.08333e+10 
0.005 -0.005 0.00257852 -0.00611694 0.00436349 -0.00758959 0 0 0 0 0 0 2.08333e+10 2.08333e+10 2.08333e+10 
0.005 -0.005 0.00662776 -0.00711223 0.0076663 -0.00504432 0 0 0 0 0 0 2.08333e+10 2.08333e+10 2.08333e+10 
0.005 -0.005 0.00669706 -0.00294303 0.0044499 -0.00239069 0 0 0 0 0 0 2.08333e+10 2.08333e+10 2.08333e+10 
0.005 -0.005 0.0076663 -0.00504432 0.00669706 -0.00294303 0 0 0 0 0 0 2.08333e+10 2.08333e+10 2.08333e+10 
0.0189027 0.0170678 0.02 0.0168 0.02 0.0184 0 0 0 0 0 0 1.04167e+10 1.04167e+10 1.04167e+10 
0.0189027 0.0170678 0.02 0.0184 0.0184 0.02 0 0 0 0 0 0 1.04167e+10 1.04167e+10 1.04167e+10 
0.0189027 0.0170678 0.0184 0.02 0.0164481 0.0173355 0 0 0 0 0 0 1.04167e+10 1.04167e+10 1.04167e+10 
0.0189027 0.0170678 0.0164481 0.0173355 0.0180102 0.0152941 0 0 0 0 0 0 1.04167e+10 1.04167e+10 1.04167e+10 
0.0189027 0.0170678 0.02 0.0152 0.02 0.0168 0 0 0 0 0 0 1.04167e+10 1.04167e+10 1.04167e+10 
0.0189027 0.0170678 0.0180102 0.0152941 0.02 0.0152 0 0 0 0 0 0 1.04167e+10 1.04167e+10 1.04167e+10 
0.0130296 0.00391774 0.0120534 0.0047082 0.0113143 0.00359694 0 0 0 0 0 0 2.08333e+10 2.08333e+10 2.08333e+10 
0.0130296 0.00391774 0.0113143 0.00359694 0.0125814 0.00250332 0 0 0 0 0 0 2.08333e+10 2.08333e+10 2.08333e+10 
0.0130296 0.00391774 0.0125814 0.00250332 0.0139177 0.00302957 0 0 0 0 0 0 2.08333e+10 2.08333e+10 2.08333e+10 
-0.0088 0.02 -0.0104 0.02 -0.00898719 0.0174135 0 0 0 0 0 0 1.04167e+10 1.04167e+10 1.04167e+10 
-0.0088 0.02 -0.00898719 0.0174135 -0.0072 0.02 0 0 0 0 0 0 1.04167e+10 1.04167e+10 1.04167e+10 
-0.00205342 -0.0147082 -0.001 -0.0153923 -0.0013143 -0.0135969 0 0 0 0 0 0 2.08333e+10 2.08333e+10 2.08333e+10 
0.0151615 -0.00175638 0.013515 -0.00338554 0.0155438 -0.00338593 0 0 0 0 0 0 2.08333e+10 2.08333e+10 2.08333e+10 
0.0151615 -0.00175638 0.0159625 -0.00011916 0.014529 -0.000206705 0 0 0 0 0 0 2.08333e+10 2.08333e+10 2.08333e+10 
0.0151615 -0.00175638 0.0164127 -0.0012918 0.0159625 -0.00011916 0 0 0 0 0 0 2.08333e+10 2.08333e+10 2.08333e+10 
0.0151615 -0.00175638 0.0127152 -0.00105199 0.013515 -0.00338554 0 0 0 0 0 0 2.08333e+10 2.08333e+10 2.08333e+10 
0.0151615 -0.00175638 0.014529 -0.000206705 0.0127152 -0.00105199 0 0 0 0 0 0 2.08333e+10 2.08333e+10 2.08333e+10 
0.0151615 -0.00175638 0.0155438 -0.00338593 0.0167378 -0.00250506 0 0 0 0 0 0 2.08333e+10 2.08333e+10 2.08333e+10 
0.0151615 -0.00175638 0.0167378 -0.00250506 0.0164127 -0.0012918 0 0 0 0 0 0 2.08333e+10 2.08333e+10 2.08333e+10 
0.00624209 0.00437965 0.00541743 0.00602714 0.00478958 0.00431758 0 0 0 0 0 0 3.125e+10 3.125e+10 3.125e+10 
0.00624209 0.00437965 0.0066776 0.00565734 0.00541743 0.00602714 0 0 0 0 0 0 3.125e+10 3.125e+10 3.125e+10 
0.00624209 0.00437965 0.00478958 0.00431758 0.00568342 0.00310877 0 0 0 0 0 0 3.125e+10 3.125e+10 3.125e+10 
0.000314159 0.00106614 -0.00199876 0.00154795 -0.00162967 -0.000797785 0 0 0 0 0 0 3.125e+10 3.125e+10 3.125e+10 
0.000314159 0.00106614 0.00192784 0.00317446 -3.78007e-05 0.00380741 0 0 0 0 0 0 3.125e+10 3.125e+10 3.125e+10 
0.000314159 0.00106614 -3.78007e-05 0.00380741 -0.00199876 0.00154795 0 0 0 0 0 0 3.125e+10 3.125e+10 3.125e+10 
0.000314159 0.00106614 -0.00162967 -0.000797785 0.000665724 -0.00143765 0 0 0 0 0 0 3.125e+10 3.125e+10 3.125e+10 
0.000314159 0.00106614 0.000665724 -0.00143765 0.00188748 -0.000172488 0 0 0 0 0 0 3.125e+10 3.125e+10 3.125e+10 
0.000314159 0.00106614 0.00188748 -0.000172488 0.00297933 0.00119024 0 0 0 0 0 0 3.125e+10 3.125e+10 3.125e+10 
0.000314159 0.00106614 0.00297933 0.00119024 0.00192784 0.00317446 0 0 0 0 0 0 3.125e+10 3.125e+10 3.125e+10 
0.0159417 0.0125784 0.0151878 0.0152435 0.0139431 0.0124497 0 0 0 0 0 0 1.04167e+10 1.04167e+10 1.04167e+10 
0.0159417 0.0125784 0.0182479 0.00968157 0.0188438 0.0125262 0 0 0 0 0 0 1.04167e+10 1.04167e+10 1.04167e+10 
0.0159417 0.0125784 0.0158242 0.00985846 0.0182479 0.00968157 0 0 0 0 0 0 1.04167e+10 1.04167e+10 1.04167e+10 
0.0159417 0.0125784 0.0139431 0.0124497 0.0158242 0.00985846 0 0 0 0 0 0 1.04167e+10 1.04167e+10 1.04167e+10 
0.0159417 0.0125784 0.0180102 0.0152941 0.0151878 0.0152435 0 0 0 0 0 0 1.04167e+10 1.04167e+10 1.04167e+10 
0.0159417 0.0125784 0.0188438 0.0125262 0.0180102 0.0152941 0 0 0 0 0 0 1.04167e+10 1.04167e+10 1.04167e+10 
-0.00515033 0.00149259 -0.0067215 0.00263822 -0.00740949 0.000189359 0 0 0 0 0 0 3.125e+10 3.125e+10 3.125e+10 
-0.00515033 0.00149259 -0.00740949 0.000189359 -0.00431059 -0.000307931 0 0 0 0 0 0 3.125e+10 3.125e+10 3.125e+10 
-0.00515033 0.00149259 -0.00478713 0.0044134 -0.0067215 0.00263822 0 0 0 0 0 0 3.125e+10 3.125e+10 3.125e+10 
-0.00515033 0.00149259 -0.00317077 0.00320015 -0.00478713 0.0044134 0 0 0 0 0 0 3.125e+10 3.125e+10 3.125e+10 
-0.00515033 0.00149259 -0.00431059 -0.000307931 -0.00199876 0.00154795 0 0 0 0 0 0 3.125e+10 3.125e+10 3.125e+10 
-0.00515033 0.00149259 -0.00199876 0.00154795 -0.00317077 0.00320015 0 0 0 0 0 0 3.125e+10 3.125e+10 3.125e+10 
0.00311112 0.00539619 0.00478958 0.00431758 0.00541743 0.00602714 0 0 0 0 0 0 3.125e+10 3.125e+10 3.125e+10 
0.00311112 0.00539619 0.00134301 0.0062063 0.00192784 0.00317446 0 0 0 0 0 0 3.125e+10 3.125e+10 3.125e+10 
0.00311112 0.00539619 0.00392067 0.00262482 0.00478958 0.00431758 0 0 0 0 0 0 3.125e+10 3.125e+10 3.125e+10 
0.00311112 0.00539619 0.00192784 0.00317446 0.00392067 0.00262482 0 0 0 0 0 0 3.125e+10 3.125e+10 3.125e+10 
0.00311112 0.00539619 0.00384354 0.00789712 0.00134301 0.0062063 0 0 0 0 0 0 3.125e+10 3.125e+10 3.125e+10 
0.00311112 0.00539619 0.00541743 0.00602714 0.00384354 0.00789712 0 0 0 0 0 0 3.125e+10 3.125e+10 3.125e+10 
0.0153923 0.001 0.0136619 0.00122495 0.014529 -0.000206705 0 0 0 0 0 0 2.08333e+10 2.08333e+10 2.08333e+10 
0.0153923 0.001 0.0147082 0.00205342 0.0136619 0.00122495 0 0 0 0 0 0 2.08333e+10 2.08333e+10 2.08333e+10 
0.0153923 0.001 0.014529 -0.000206705 0.0159625 -0.00011916 0 0 0 0 0 0 2.08333e+10 2.08333e+10 2.08333e+10 
-0.00302957 -0.0139177 -0.00258142 -0.0125033 -0.00391774 -0.0130296 0 0 0 0 0 0 2.08333e+10 2.08333e+10 2.08333e+10 
-0.00302957 -0.0139177 -0.0013143 -0.0135969 -0.00258142 -0.0125033 0 0 0 0 0 0 2.08333e+10 2.08333e+10 2.08333e+10 
-0.00302957 -0.0139177 -0.00205342 -0.0147082 -0.0013143 -0.0135969 0 0 0 0 0 0 2.08333e+10 2.08333e+10 2.08333e+10 
-0.00555504 0.0179605 -0.00554755 0.0162703 -0.0042699 0.0166986 0 0 0 0 0 0 1.04167e+10 1.04167e+10 1.04167e+10 
-0.00555504 0.0179605 -0.004 0.02 -0.0056 0.02 0 0 0 0 0 0 1.04167e+10 1.04167e+10 1.04167e+10 
-0.00555504 0.0179605 -0.0056 0.02 -0.0072 0.02 0 0 0 0 0 0 1.04167e+10 1.04167e+10 1.04167e+10 
0.00149248 -0.00461962 0.000884468 -0.00303441 -0.000118785 -0.00384156 0 0 0 0 0 0 2.08333e+10 2.08333e+10 2.08333e+10 
0.00149248 -0.00461962 0.000795653 -0.00702515 0.00257852 -0.00611694 0 0 0 0 0 0 2.08333e+10 2.08333e+10 2.08333e+10 
0.0118497 0.00658832 0.0136825 0.00763898 0.0112716 0.0073556 0 0 0 0 0 0 1.04167e+10 1.04167e+10 1.04167e+10 
0.0118497 0.00658832 0.0112716 0.0073556 0.011 0.0053923 0 0 0 0 0 0 1.04167e+10 1.04167e+10 1.04167e+10 
0.0118497 0.00658832 0.011 0.0053923 0.0120534 0.0047082 0 0 0 0 0 0 1.04167e+10 1.04167e+10 1.04167e+10 
-0.01853 0.00343837 -0.0170668 0.00260046 -0.0168081 0.00386464 0 0 0 0 0 0 1.04167e+10 1.04167e+10 1.04167e+10 
-0.01853 0.00343837 -0.02 0.004 -0.02 0.0024 0 0 0 0 0 0 1.04167e+10 1.04167e+10 1.04167e+10 
0.00755741 -0.0182162 0.0087082 -0.0164127 0.00749494 -0.0167378 0 0 0 0 0 0 1.04167e+10 1.04167e+10 1.04167e+10 
0.00755741 -0.0182162 0.0072 -0.02 0.0088 -0.02 0 0 0 0 0 0 1.04167e+10 1.04167e+10 1.04167e+10 
0.00755741 -0.0182162 0.00749494 -0.0167378 0.00625434 -0.0169343 0 0 0 0 0 0 1.04167e+10 1.04167e+10 1.04167e+10 
0.0164505 0.00207774 0.0159625 -0.00011916 0.0180066 -0.000401744 0 0 0 0 0 0 1.04167e+10 1.04167e+10 1.04167e+10 
0.0164505 0.00207774 0.0180066 -0.000401744 0.0186259 0.00222853 0 0 0 0 0 0 1.04167e+10 1.04167e+10 1.04167e+10 
0.0164505 0.00207774 0.0186259 0.00222853 0.018219 0.00499335 0 0 0 0 0 0 1.04167e+10 1.04167e+10 1.04167e+10 
0.0164505 0.00207774 0.0153923 0.001 0.0159625 -0.00011916 0 0 0 0 0 0 1.04167e+10 1.04167e+10 1.04167e+10 
0.0164505 0.00207774 0.0147082 0.00205342 0.0153923 0.001 0 0 0 0 0 0 1.04167e+10 1.04167e+10 1.04167e+10 
0.0134063 -0.0155138 0.0130296 -0.0139177 0.0120534 -0.0147082 0 0 0 0 0 0 1.04167e+10 1.04167e+10 1.04167e+10 
0.0134063 -0.0155138 0.0134511 -0.0178423 0.015363 -0.0153823 0 0 0 0 0 0 1.04167e+10 1.04167e+10 1.04167e+10 
0.0136199 0.00533948 0.0151049 0.00480217 0.0136825 0.00763898 0 0 0 0 0 0 1.04167e+10 1.04167e+10 1.04167e+10 
0.0136199 0.00533948 0.0136825 0.00763898 0.0118497 0.00658832 0 0 0 0 0 0 1.04167e+10 1.04167e+10 1.04167e+10 
0.0136199 0.00533948 0.0118497 0.00658832 0.0120534 0.0047082 0 0 0 0 0 0 1.04167e+10 1.04167e+10 1.04167e+10 
0.0136199 0.00533948 0.0120534 0.0047082 0.0130296 0.00391774 0 0 0 0 0 0 1.04167e+10 1.04167e+10 1.04167e+10 
0.0136199 0.00533948 0.0130296 0.00391774 0.0151049 0.00480217 0 0 0 0 0 0 1.04167e+10 1.04167e+10 1.04167e+10 
0.0116109 -0.0167262 0.00988084 -0.0159625 0.0109746 -0.0175867 0 0 0 0 0 0 1.04167e+10 1.04167e+10 1.04167e+10 
0.0116109 -0.0167262 0.011 -0.0153923 0.00988084 -0.0159625 0 0 0 0 0 0 1.04167e+10 1.04167e+10 1.04167e+10 
0.0116109 -0.0167262 0.0109746 -0.0175867 0.0134511 -0.0178423 0 0 0 0 0 0 1.04167e+10 1.04167e+10 1.04167e+10 
0.0116109 -0.0167262 0.0134511 -0.0178423 0.0134063 -0.0155138 0 0 0 0 0 0 1.04167e+10 1.04167e+10 1.04167e+10 
0.0116109 -0.0167262 0.0120534 -0.0147082 0.011 -0.0153923 0 0 0 0 0 0 1.04167e+10 1.04167e+10 1.04167e+10 
0.0116109 -0.0167262 0.0134063 -0.0155138 0.0120534 -0.0147082 0 0 0 0 0 0 1.04167e+10 1.04167e+10 1.04167e+10 
0.00793628 0.0043747 0.0087082 0.00641268 0.0066776 0.00565734 0 0 0 0 0 0 2.08333e+10 2.08333e+10 2.08333e+10 
0.00793628 0.0043747 0.00989171 0.00447887 0.0087082 0.00641268 0 0 0 0 0 0 2.08333e+10 2.08333e+10 2.08333e+10 
0.00793628 0.0043747 0.00935598 0.00249243 0.00989171 0.00447887 0 0 0 0 0 0 2.08333e+10 2.08333e+10 2.08333e+10 
0.00793628 0.0043747 0.0066776 0.00565734 0.00624209 0.00437965 0 0 0 0 0 0 2.08333e+10 2.08333e+10 2.08333e+10 
-0.000895001 -0.0171019 0.00011916 -0.0159625 -0.001 -0.0153923 0 0 0 0 0 0 1.04167e+10 1.04167e+10 1.04167e+10 
-0.000895001 -0.0171019 -0.00384331 -0.0174883 -0.0024 -0.02 0 0 0 0 0 0 1.04167e+10 1.04167e+10 1.04167e+10 
-0.000895001 -0.0171019 -0.0024 -0.02 -0.0008 -0.02 0 0 0 0 0 0 1.04167e+10 1.04167e+10 1.04167e+10 
-0.00275995 -0.0159996 -0.00205342 -0.0147082 -0.00302957 -0.0139177 0 0 0 0 0 0 1.04167e+10 1.04167e+10 1.04167e+10 
-0.00275995 -0.0159996 -0.001 -0.0153923 -0.00205342 -0.0147082 0 0 0 0 0 0 1.04167e+10 1.04167e+10 1.04167e+10 
-0.00275995 -0.0159996 -0.000895001 -0.0171019 -0.001 -0.0153923 0 0 0 0 0 0 1.04167e+10 1.04167e+10 1.04167e+10 
-0.00275995 -0.0159996 -0.00384331 -0.0174883 -0.000895001 -0.0171019 0 0 0 0 0 0 1.04167e+10 1.04167e+10 1.04167e+10 
-0.00231947 -0.00707456 -0.00239527 -0.00531353 -0.00365608 -0.00593952 0 0 0 0 0 0 2.08333e+10 2.08333e+10 2.08333e+10 
-0.00231947 -0.00707456 -0.0027152 -0.00894801 -0.000816275 -0.00825813 0 0 0 0 0 0 2.08333e+10 2.08333e+10 2.08333e+10 
-0.0170404 0.00774948 -0.0174431 0.0101288 -0.0187568 0.00780532 0 0 0 0 0 0 1.04167e+10 1.04167e+10 1.04167e+10 
-0.0170404 0.00774948 -0.015907 0.00641633 -0.0152744 0.00767589 0 0 0 0 0 0 1.04167e+10 1.04167e+10 1.04167e+10 
0.00834206 0.0123855 0.00677274 0.0120601 0.00707023 0.0108407 0 0 0 0 0 0 1.04167e+10 1.04167e+10 1.04167e+10 
0.00834206 0.0123855 0.00631205 0.0131815 0.00677274 0.0120601 0 0 0 0 0 0 1.04167e+10 1.04167e+10 1.04167e+10 
0.00834206 0.0123855 0.011238 0.0127458 0.0102637 0.0152755 0 0 0 0 0 0 1.04167e+10 1.04167e+10 1.04167e+10 
-0.0119625 -0.00845897 -0.0101933 -0.00715703 -0.0114557 -0.00694365 0 0 0 0 0 0 1.04167e+10 1.04167e+10 1.04167e+10 
-0.0119625 -0.00845897 -0.0114557 -0.00694365 -0.0126286 -0.0065647 0 0 0 0 0 0 1.04167e+10 1.04167e+10 1.04167e+10 
0.0181025 -0.0019125 0.0167378 -0.00250506 0.0186252 -0.002735 0 0 0 0 0 0 1.04167e+10 1.04167e+10 1.04167e+10 
0.0181025 -0.0019125 0.02 -0.0008 0.0180066 -0.000401744 0 0 0 0 0 0 1.04167e+10 1.04167e+10 1.04167e+10 
0.0181025 -0.0019125 0.0180066 -0.000401744 0.0164127 -0.0012918 0 0 0 0 0 0 1.04167e+10 1.04167e+10 1.04167e+10 
0.0181025 -0.0019125 0.0164127 -0.0012918 0.0167378 -0.00250506 0 0 0 0 0 0 1.04167e+10 1.04167e+10 1.04167e+10 
0.0181025 -0.0019125 0.02 -0.0024 0.02 -0.0008 0 0 0 0 0 0 1.04167e+10 1.04167e+10 1.04167e+10 
0.0181025 -0.0019125 0.0186252 -0.002735 0.02 -0.0024 0 0 0 0 0 0 1.04167e+10 1.04167e+10 1.04167e+10 
0.0070287 0.00222702 0.00568342 0.00310877 0.00500769 0.0018586 0 0 0 0 0 0 2.08333e+10 2.08333e+10 2.08333e+10 
0.0070287 0.00222702 0.00822991 0.000831989 0.00935598 0.00249243 0 0 0 0 0 0 2.08333e+10 2.08333e+10 2.08333e+10 
0.0070287 0.00222702 0.00935598 0.00249243 0.00793628 0.0043747 0 0 0 0 0 0 2.08333e+10 2.08333e+10 2.08333e+10 
0.0070287 0.00222702 0.00624209 0.00437965 0.00568342 0.00310877 0 0 0 0 0 0 2.08333e+10 2.08333e+10 2.08333e+10 
0.0070287 0.00222702 0.00793628 0.0043747 0.00624209 0.00437965 0 0 0 0 0 0 2.08333e+10 2.08333e+10 2.08333e+10 
-0.01879 0.00105363 -0.02 0.0008 -0.02 -0.0008 0 0 0 0 0 0 1.04167e+10 1.04167e+10 1.04167e+10 
-0.01879 0.00105363 -0.0171634 -0.000127207 -0.0171996 0.00121036 0 0 0 0 0 0 1.04167e+10 1.04167e+10 1.04167e+10 
-0.01879 0.00105363 -0.02 0.0024 -0.02 0.0008 0 0 0 0 0 0 1.04167e+10 1.04167e+10 1.04167e+10 
-0.01879 0.00105363 -0.01853 0.00343837 -0.02 0.0024 0 0 0 0 0 0 1.04167e+10 1.04167e+10 1.04167e+10 
-0.01879 0.00105363 -0.0171996 0.00121036 -0.0170668 0.00260046 0 0 0 0 0 0 1.04167e+10 1.04167e+10 1.04167e+10 
-0.01879 0.00105363 -0.0170668 0.00260046 -0.01853 0.00343837 0 0 0 0 0 0 1.04167e+10 1.04167e+10 1.04167e+10 
-0.0186204 -0.00120819 -0.02 -0.0008 -0.02 -0.0024 0 0 0 0 0 0 1.04167e+10 1.04167e+10 1.04167e+10 
-0.0186204 -0.00120819 -0.02 -0.0024 -0.018698 -0.00227487 0 0 0 0 0 0 1.04167e+10 1.04167e+10 1.04167e+10 
-0.0186204 -0.00120819 -0.018698 -0.00227487 -0.0169895 -0.00125704 0 0 0 0 0 0 1.04167e+10 1.04167e+10 1.04167e+10 
-0.0186204 -0.00120819 -0.0169895 -0.00125704 -0.0171634 -0.000127207 0 0 0 0 0 0 1.04167e+10 1.04167e+10 1.04167e+10 
-0.0186204 -0.00120819 -0.01879 0.00105363 -0.02 -0.0008 0 0 0 0 0 0 1.04167e+10 1.04167e+10 1.04167e+10 
-0.0186204 -0.00120819 -0.0171634 -0.000127207 -0.01879 0.00105363 0 0 0 0 0 0 1.04167e+10 1.04167e+10 1.04167e+10 
0.00990209 0.00753702 0.0112716 0.0073556 0.0101763 0.00984776 0 0 0 0 0 0 1.04167e+10 1.04167e+10 1.04167e+10 
0.00990209 0.00753702 0.00988084 0.00596255 0.0112716 0.0073556 0 0 0 0 0 0 1.04167e+10 1.04167e+10 1.04167e+10 
0.00990209 0.00753702 0.0087082 0.00641268 0.00988084 0.00596255 0 0 0 0 0 0 1.04167e+10 1.04167e+10 1.04167e+10 
-0.015653 -0.00658378 -0.0136957 -0.00602542 -0.0146423 -0.00533329 0 0 0 0 0 0 1.04167e+10 1.04167e+10 1.04167e+10 
-0.015653 -0.00658378 -0.0154553 -0.00449792 -0.0174763 -0.00525843 0 0 0 0 0 0 1.04167e+10 1.04167e+10 1.04167e+10 
-0.015653 -0.00658378 -0.0146423 -0.00533329 -0.0154553 -0.00449792 0 0 0 0 0 0 1.04167e+10 1.04167e+10 1.04167e+10 
-0.015653 -0.00658378 -0.0174763 -0.00525843 -0.0183008 -0.00711937 0 0 0 0 0 0 1.04167e+10 1.04167e+10 1.04167e+10 
-0.015653 -0.00658378 -0.0183008 -0.00711937 -0.0160636 -0.00760221 0 0 0 0 0 0 1.04167e+10 1.04167e+10 1.04167e+10 
-0.00698284 -0.0111334 -0.00961532 -0.0102487 -0.00869734 -0.0129031 0 0 0 0 0 0 1.04167e+10 1.04167e+10 1.04167e+10 
-0.00698284 -0.0111334 -0.0053923 -0.011 -0.00596255 -0.00988084 0 0 0 0 0 0 1.04167e+10 1.04167e+10 1.04167e+10 
-0.00339235 0.0185389 -0.00300025 0.0169988 -0.00159877 0.0171792 0 0 0 0 0 0 1.04167e+10 1.04167e+10 1.04167e+10 
-0.00339235 0.0185389 -0.0024 0.02 -0.004 0.02 0 0 0 0 0 0 1.04167e+10 1.04167e+10 1.04167e+10 
-0.00339235 0.0185389 -0.004 0.02 -0.00555504 0.0179605 0 0 0 0 0 0 1.04167e+10 1.04167e+10 1.04167e+10 
-0.00339235 0.0185389 -0.0042699 0.0166986 -0.00300025 0.0169988 0 0 0 0 0 0 1.04167e+10 1.04167e+10 1.04167e+10 
-0.00339235 0.0185389 -0.00555504 0.0179605 -0.0042699 0.0166986 0 0 0 0 0 0 1.04167e+10 1.04167e+10 1.04167e+10 
0.00582493 0.000147609 0.00762849 -0.00114399 0.00822991 0.000831989 0 0 0 0 0 0 2.08333e+10 2.08333e+10 2.08333e+10 
0.00582493 0.000147609 0.00356647 -0.000238335 0.0044499 -0.00239069 0 0 0 0 0 0 2.08333e+10 2.08333e+10 2.08333e+10 
0.00582493 0.000147609 0.0043262 0.000792483 0.00356647 -0.000238335 0 0 0 0 0 0 2.08333e+10 2.08333e+10 2.08333e+10 
0.00582493 0.000147609 0.00500769 0.0018586 0.0043262 0.000792483 0 0 0 0 0 0 2.08333e+10 2.08333e+10 2.08333e+10 
0.00582493 0.000147609 0.0070287 0.00222702 0.00500769 0.0018586 0 0 0 0 0 0 2.08333e+10 2.08333e+10 2.08333e+10 
0.00582493 0.000147609 0.00822991 0.000831989 0.0070287 0.00222702 0 0 0 0 0 0 2.08333e+10 2.08333e+10 2.08333e+10 
0.00582493 0.000147609 0.00669706 -0.00294303 0.00762849 -0.00114399 0 0 0 0 0 0 2.08333e+10 2.08333e+10 2.08333e+10 
0.00582493 0.000147609 0.0044499 -0.00239069 0.00669706 -0.00294303 0 0 0 0 0 0 2.08333e+10 2.08333e+10 2.08333e+10 
0.00751977 0.0143182 0.00569453 0.0141896 0.00631205 0.0131815 0 0 0 0 0 0 1.04167e+10 1.04167e+10 1.04167e+10 
0.00751977 0.0143182 0.00631205 0.0131815 0.00834206 0.0123855 0 0 0 0 0 0 1.04167e+10 1.04167e+10 1.04167e+10 
0.00751977 0.0143182 0.0102637 0.0152755 0.00777504 0.015331 0 0 0 0 0 0 1.04167e+10 1.04167e+10 1.04167e+10 
0.00751977 0.0143182 0.00834206 0.0123855 0.0102637 0.0152755 0 0 0 0 0 0 1.04167e+10 1.04167e+10 1.04167e+10 
-0.00446894 -0.00796869 -0.00620791 -0.0068264 -0.00641268 -0.0087082 0 0 0 0 0 0 2.08333e+10 2.08333e+10 2.08333e+10 
-0.00446894 -0.00796869 -0.00493162 -0.00644566 -0.00620791 -0.0068264 0 0 0 0 0 0 2.08333e+10 2.08333e+10 2.08333e+10 
-0.00446894 -0.00796869 -0.00641268 -0.0087082 -0.00452901 -0.0097933 0 0 0 0 0 0 2.08333e+10 2.08333e+10 2.08333e+10 
-0.00446894 -0.00796869 -0.00452901 -0.0097933 -0.0027152 -0.00894801 0 0 0 0 0 0 2.08333e+10 2.08333e+10 2.08333e+10 
-0.00446894 -0.00796869 -0.0027152 -0.00894801 -0.00231947 -0.00707456 0 0 0 0 0 0 2.08333e+10 2.08333e+10 2.08333e+10 
-0.00446894 -0.00796869 -0.00365608 -0.00593952 -0.00493162 -0.00644566 0 0 0 0 0 0 2.08333e+10 2.08333e+10 2.08333e+10 
-0.00446894 -0.00796869 -0.00231947 -0.00707456 -0.00365608 -0.00593952 0 0 0 0 0 0 2.08333e+10 2.08333e+10 2.08333e+10 
-0.0158398 0.00982992 -0.0145292 0.00890613 -0.0137912 0.00994793 0 0 0 0 0 0 1.04167e+10 1.04167e+10 1.04167e+10 
-0.0158398 0.00982992 -0.0159771 0.0127401 -0.0174431 0.0101288 0 0 0 0 0 0 1.04167e+10 1.04167e+10 1.04167e+10 
-0.0158398 0.00982992 -0.0174431 0.0101288 -0.0170404 0.00774948 0 0 0 0 0 0 1.04167e+10 1.04167e+10 1.04167e+10 
-0.0158398 0.00982992 -0.0152744 0.00767589 -0.0145292 0.00890613 0 0 0 0 0 0 1.04167e+10 1.04167e+10 1.04167e+10 
-0.0158398 0.00982992 -0.0170404 0.00774948 -0.0152744 0.00767589 0 0 0 0 0 0 1.04167e+10 1.04167e+10 1.04167e+10 
-0.00781154 -0.0091318 -0.00641268 -0.0087082 -0.00747096 -0.00707756 0 0 0 0 0 0 1.04167e+10 1.04167e+10 1.04167e+10 
-0.00781154 -0.0091318 -0.00747096 -0.00707756 -0.00885886 -0.00720187 0 0 0 0 0 0 1.04167e+10 1.04167e+10 1.04167e+10 
-0.00781154 -0.0091318 -0.00961532 -0.0102487 -0.00698284 -0.0111334 0 0 0 0 0 0 1.04167e+10 1.04167e+10 1.04167e+10 
-0.00781154 -0.0091318 -0.00596255 -0.00988084 -0.00641268 -0.0087082 0 0 0 0 0 0 1.04167e+10 1.04167e+10 1.04167e+10 
-0.00781154 -0.0091318 -0.00698284 -0.0111334 -0.00596255 -0.00988084 0 0 0 0 0 0 1.04167e+10 1.04167e+10 1.04167e+10 
0.0180365 -0.00835517 0.02 -0.0104 0.02 -0.0088 0 0 0 0 0 0 1.04167e+10 1.04167e+10 1.04167e+10 
0.0180365 -0.00835517 0.02 -0.0088 0.0187927 -0.00786905 0 0 0 0 0 0 1.04167e+10 1.04167e+10 1.04167e+10 
0.0180365 -0.00835517 0.0187927 -0.00786905 0.0167378 -0.00749494 0 0 0 0 0 0 1.04167e+10 1.04167e+10 1.04167e+10 
0.0180365 -0.00835517 0.0167378 -0.00749494 0.0164127 -0.0087082 0 0 0 0 0 0 1.04167e+10 1.04167e+10 1.04167e+10 
0.00630753 0.0159607 0.00777504 0.015331 0.00856539 0.017631 0 0 0 0 0 0 1.04167e+10 1.04167e+10 1.04167e+10 
0.00630753 0.0159607 0.00856539 0.017631 0.00610473 0.0177077 0 0 0 0 0 0 1.04167e+10 1.04167e+10 1.04167e+10 
0.00630753 0.0159607 0.00434104 0.0155804 0.00569453 0.0141896 0 0 0 0 0 0 1.04167e+10 1.04167e+10 1.04167e+10 
0.00630753 0.0159607 0.00569453 0.0141896 0.00751977 0.0143182 0 0 0 0 0 0 1.04167e+10 1.04167e+10 1.04167e+10 
0.00630753 0.0159607 0.00751977 0.0143182 0.00777504 0.015331 0 0 0 0 0 0 1.04167e+10 1.04167e+10 1.04167e+10 
-0.0139471 -0.00771946 -0.0126286 -0.0065647 -0.0136957 -0.00602542 0 0 0 0 0 0 1.04167e+10 1.04167e+10 1.04167e+10 
-0.0139471 -0.00771946 -0.0160636 -0.00760221 -0.0146889 -0.00972458 0 0 0 0 0 0 1.04167e+10 1.04167e+10 1.04167e+10 
-0.0139471 -0.00771946 -0.0119625 -0.00845897 -0.0126286 -0.0065647 0 0 0 0 0 0 1.04167e+10 1.04167e+10 1.04167e+10 
-0.0139471 -0.00771946 -0.0146889 -0.00972458 -0.0119388 -0.0096404 0 0 0 0 0 0 1.04167e+10 1.04167e+10 1.04167e+10 
-0.0139471 -0.00771946 -0.0119388 -0.0096404 -0.0119625 -0.00845897 0 0 0 0 0 0 1.04167e+10 1.04167e+10 1.04167e+10 
-0.0139471 -0.00771946 -0.0136957 -0.00602542 -0.015653 -0.00658378 0 0 0 0 0 0 1.04167e+10 1.04167e+10 1.04167e+10 
-0.0139471 -0.00771946 -0.015653 -0.00658378 -0.0160636 -0.00760221 0 0 0 0 0 0 1.04167e+10 1.04167e+10 1.04167e+10 
-0.0097865 0.0158684 -0.010978 0.017692 -0.0121205 0.0147111 0 0 0 0 0 0 1.04167e+10 1.04167e+10 1.04167e+10 
-0.0097865 0.0158684 -0.0101724 0.0136182 -0.00913903 0.0143731 0 0 0 0 0 0 1.04167e+10 1.04167e+10 1.04167e+10 
-0.0097865 0.0158684 -0.0121205 0.0147111 -0.0101724 0.0136182 0 0 0 0 0 0 1.04167e+10 1.04167e+10 1.04167e+10 
-0.0097865 0.0158684 -0.00898719 0.0174135 -0.010978 0.017692 0 0 0 0 0 0 1.04167e+10 1.04167e+10 1.04167e+10 
-0.0097865 0.0158684 -0.00913903 0.0143731 -0.00807091 0.0150492 0 0 0 0 0 0 1.04167e+10 1.04167e+10 1.04167e+10 
-0.0179446 0.00560133 -0.0164201 0.00514126 -0.015907 0.00641633 0 0 0 0 0 0 1.04167e+10 1.04167e+10 1.04167e+10 
-0.0179446 0.00560133 -0.015907 0.00641633 -0.0170404 0.00774948 0 0 0 0 0 0 1.04167e+10 1.04167e+10 1.04167e+10 
-0.0179446 0.00560133 -0.0170404 0.00774948 -0.0187568 0.00780532 0 0 0 0 0 0 1.04167e+10 1.04167e+10 1.04167e+10 
-0.0179446 0.00560133 -0.0187568 0.00780532 -0.02 0.0072 0 0 0 0 0 0 1.04167e+10 1.04167e+10 1.04167e+10 
-0.0179446 0.00560133 -0.02 0.0072 -0.02 0.0056 0 0 0 0 0 0 1.04167e+10 1.04167e+10 1.04167e+10 
-0.0179446 0.00560133 -0.0168081 0.00386464 -0.0164201 0.00514126 0 0 0 0 0 0 1.04167e+10 1.04167e+10 1.04167e+10 
-0.0179446 0.00560133 -0.01853 0.00343837 -0.0168081 0.00386464 0 0 0 0 0 0 1.04167e+10 1.04167e+10 1.04167e+10 
-0.0179446 0.00560133 -0.02 0.0056 -0.02 0.004 0 0 0 0 0 0 1.04167e+10 1.04167e+10 1.04167e+10 
-0.0179446 0.00560133 -0.02 0.004 -0.01853 0.00343837 0 0 0 0 0 0 1.04167e+10 1.04167e+10 1.04167e+10 
0.00493288 0.0171354 0.0033527 0.0162226 0.00434104 0.0155804 0 0 0 0 0 0 1.04167e+10 1.04167e+10 1.04167e+10 
0.00493288 0.0171354 0.0056 0.02 0.004 0.02 0 0 0 0 0 0 1.04167e+10 1.04167e+10 1.04167e+10 
0.00493288 0.0171354 0.00610473 0.0177077 0.0056 0.02 0 0 0 0 0 0 1.04167e+10 1.04167e+10 1.04167e+10 
0.00493288 0.0171354 0.00630753 0.0159607 0.00610473 0.0177077 0 0 0 0 0 0 1.04167e+10 1.04167e+10 1.04167e+10 
0.00493288 0.0171354 0.00434104 0.0155804 0.00630753 0.0159607 0 0 0 0 0 0 1.04167e+10 1.04167e+10 1.04167e+10 
-0.00100926 0.0187908 0.0008 0.02 -0.0008 0.02 0 0 0 0 0 0 1.04167e+10 1.04167e+10 1.04167e+10 
-0.00100926 0.0187908 -0.0008 0.02 -0.0024 0.02 0 0 0 0 0 0 1.04167e+10 1.04167e+10 1.04167e+10 
-0.00100926 0.0187908 -0.00159877 0.0171792 -0.000244441 0.0171908 0 0 0 0 0 0 1.04167e+10 1.04167e+10 1.04167e+10 
-0.00100926 0.0187908 -0.00339235 0.0185389 -0.00159877 0.0171792 0 0 0 0 0 0 1.04167e+10 1.04167e+10 1.04167e+10 
-0.00100926 0.0187908 -0.0024 0.02 -0.00339235 0.0185389 0 0 0 0 0 0 1.04167e+10 1.04167e+10 1.04167e+10 
0.00872463 0.0104724 0.00707023 0.0108407 0.00720039 0.00954043 0 0 0 0 0 0 1.04167e+10 1.04167e+10 1.04167e+10 
0.00872463 0.0104724 0.00834206 0.0123855 0.00707023 0.0108407 0 0 0 0 0 0 1.04167e+10 1.04167e+10 1.04167e+10 
0.00872463 0.0104724 0.0101763 0.00984776 0.011238 0.0127458 0 0 0 0 0 0 1.04167e+10 1.04167e+10 1.04167e+10 
0.00872463 0.0104724 0.011238 0.0127458 0.00834206 0.0123855 0 0 0 0 0 0 1.04167e+10 1.04167e+10 1.04167e+10 
0.0151668 0.00382286 0.0139177 0.00302957 0.0147082 0.00205342 0 0 0 0 0 0 1.04167e+10 1.04167e+10 1.04167e+10 
0.0151668 0.00382286 0.0130296 0.00391774 0.0139177 0.00302957 0 0 0 0 0 0 1.04167e+10 1.04167e+10 1.04167e+10 
0.0151668 0.00382286 0.0151049 0.00480217 0.0130296 0.00391774 0 0 0 0 0 0 1.04167e+10 1.04167e+10 1.04167e+10 
0.0151668 0.00382286 0.0147082 0.00205342 0.0164505 0.00207774 0 0 0 0 0 0 1.04167e+10 1.04167e+10 1.04167e+10 
0.0151668 0.00382286 0.018219 0.00499335 0.0151049 0.00480217 0 0 0 0 0 0 1.04167e+10 1.04167e+10 1.04167e+10 
0.0151668 0.00382286 0.0164505 0.00207774 0.018219 0.00499335 0 0 0 0 0 0 1.04167e+10 1.04167e+10 1.04167e+10 
0.014984 -0.0140292 0.0139177 -0.0130296 0.0130296 -0.0139177 0 0 0 0 0 0 1.04167e+10 1.04167e+10 1.04167e+10 
0.014984 -0.0140292 0.015363 -0.0153823 0.017671 -0.0145882 0 0 0 0 0 0 1.04167e+10 1.04167e+10 1.04167e+10 
0.014984 -0.0140292 0.017671 -0.0145882 0.0166744 -0.0124224 0 0 0 0 0 0 1.04167e+10 1.04167e+10 1.04167e+10 
0.014984 -0.0140292 0.0130296 -0.0139177 0.0134063 -0.0155138 0 0 0 0 0 0 1.04167e+10 1.04167e+10 1.04167e+10 
0.014984 -0.0140292 0.0134063 -0.0155138 0.015363 -0.0153823 0 0 0 0 0 0 1.04167e+10 1.04167e+10 1.04167e+10 
0.014984 -0.0140292 0.0166744 -0.0124224 0.0147082 -0.0120534 0 0 0 0 0 0 1.04167e+10 1.04167e+10 1.04167e+10 
0.014984 -0.0140292 0.0147082 -0.0120534 0.0139177 -0.0130296 0 0 0 0 0 0 1.04167e+10 1.04167e+10 1.04167e+10 
-0.0058438 -0.0129762 -0.00391774 -0.0130296 -0.0047082 -0.0120534 0 0 0 0 0 0 1.04167e+10 1.04167e+10 1.04167e+10 
-0.0058438 -0.0129762 -0.0047082 -0.0120534 -0.0053923 -0.011 0 0 0 0 0 0 1.04167e+10 1.04167e+10 1.04167e+10 
-0.0058438 -0.0129762 -0.0053923 -0.011 -0.00698284 -0.0111334 0 0 0 0 0 0 1.04167e+10 1.04167e+10 1.04167e+10 
-0.0058438 -0.0129762 -0.00869734 -0.0129031 -0.0070766 -0.0147638 0 0 0 0 0 0 1.04167e+10 1.04167e+10 1.04167e+10 
-0.0058438 -0.0129762 -0.00698284 -0.0111334 -0.00869734 -0.0129031 0 0 0 0 0 0 1.04167e+10 1.04167e+10 1.04167e+10 
0.0184281 -0.00405427 0.0169343 -0.00374566 0.017 -0.005 0 0 0 0 0 0 1.04167e+10 1.04167e+10 1.04167e+10 
0.0184281 -0.00405427 0.0186252 -0.002735 0.0169343 -0.00374566 0 0 0 0 0 0 1.04167e+10 1.04167e+10 1.04167e+10 
0.0184281 -0.00405427 0.02 -0.004 0.0186252 -0.002735 0 0 0 0 0 0 1.04167e+10 1.04167e+10 1.04167e+10 
0.0184281 -0.00405427 0.02 -0.0056 0.02 -0.004 0 0 0 0 0 0 1.04167e+10 1.04167e+10 1.04167e+10 
0.00540427 -0.0184553 0.00625434 -0.0169343 0.005 -0.017 0 0 0 0 0 0 1.04167e+10 1.04167e+10 1.04167e+10 
0.00540427 -0.0184553 0.004 -0.02 0.0056 -0.02 0 0 0 0 0 0 1.04167e+10 1.04167e+10 1.04167e+10 
0.00540427 -0.0184553 0.00755741 -0.0182162 0.00625434 -0.0169343 0 0 0 0 0 0 1.04167e+10 1.04167e+10 1.04167e+10 
0.00540427 -0.0184553 0.0056 -0.02 0.0072 -0.02 0 0 0 0 0 0 1.04167e+10 1.04167e+10 1.04167e+10 
0.00540427 -0.0184553 0.0072 -0.02 0.00755741 -0.0182162 0 0 0 0 0 0 1.04167e+10 1.04167e+10 1.04167e+10 
-0.0145691 0.0115544 -0.0137912 0.00994793 -0.0129794 0.0109482 0 0 0 0 0 0 1.04167e+10 1.04167e+10 1.04167e+10 
-0.0145691 0.0115544 -0.0158398 0.00982992 -0.0137912 0.00994793 0 0 0 0 0 0 1.04167e+10 1.04167e+10 1.04167e+10 
-0.0145691 0.0115544 -0.0159771 0.0127401 -0.0158398 0.00982992 0 0 0 0 0 0 1.04167e+10 1.04167e+10 1.04167e+10 
0.00324066 -0.0183459 0.0024 -0.02 0.004 -0.02 0 0 0 0 0 0 1.04167e+10 1.04167e+10 1.04167e+10 
0.00324066 -0.0183459 0.00374566 -0.0169343 0.00250506 -0.0167378 0 0 0 0 0 0 1.04167e+10 1.04167e+10 1.04167e+10 
0.00324066 -0.0183459 0.004 -0.02 0.00540427 -0.0184553 0 0 0 0 0 0 1.04167e+10 1.04167e+10 1.04167e+10 
0.00324066 -0.0183459 0.005 -0.017 0.00374566 -0.0169343 0 0 0 0 0 0 1.04167e+10 1.04167e+10 1.04167e+10 
0.00324066 -0.0183459 0.00540427 -0.0184553 0.005 -0.017 0 0 0 0 0 0 1.04167e+10 1.04167e+10 1.04167e+10 
-0.00976105 -0.00877927 -0.00885886 -0.00720187 -0.0101933 -0.00715703 0 0 0 0 0 0 1.04167e+10 1.04167e+10 1.04167e+10 
-0.00976105 -0.00877927 -0.0101933 -0.00715703 -0.0119625 -0.00845897 0 0 0 0 0 0 1.04167e+10 1.04167e+10 1.04167e+10 
-0.00976105 -0.00877927 -0.00781154 -0.0091318 -0.00885886 -0.00720187 0 0 0 0 0 0 1.04167e+10 1.04167e+10 1.04167e+10 
-0.00976105 -0.00877927 -0.00961532 -0.0102487 -0.00781154 -0.0091318 0 0 0 0 0 0 1.04167e+10 1.04167e+10 1.04167e+10 
-0.00976105 -0.00877927 -0.0119388 -0.0096404 -0.00961532 -0.0102487 0 0 0 0 0 0 1.04167e+10 1.04167e+10 1.04167e+10 
-0.00976105 -0.00877927 -0.0119625 -0.00845897 -0.0119388 -0.0096404 0 0 0 0 0 0 1.04167e+10 1.04167e+10 1.04167e+10 
-0.000236007 -0.00588312 0.000795653 -0.00702515 0.00149248 -0.00461962 0 0 0 0 0 0 2.08333e+10 2.08333e+10 2.08333e+10 
-0.000236007 -0.00588312 -0.00116299 -0.00457454 -0.00239527 -0.00531353 0 0 0 0 0 0 2.08333e+10 2.08333e+10 2.08333e+10 
-0.000236007 -0.00588312 -0.00239527 -0.00531353 -0.00231947 -0.00707456 0 0 0 0 0 0 2.08333e+10 2.08333e+10 2.08333e+10 
-0.000236007 -0.00588312 -0.000816275 -0.00825813 0.000795653 -0.00702515 0 0 0 0 0 0 2.08333e+10 2.08333e+10 2.08333e+10 
-0.000236007 -0.00588312 -0.00231947 -0.00707456 -0.000816275 -0.00825813 0 0 0 0 0 0 2.08333e+10 2.08333e+10 2.08333e+10 
-0.000236007 -0.00588312 -0.000118785 -0.00384156 -0.00116299 -0.00457454 0 0 0 0 0 0 2.08333e+10 2.08333e+10 2.08333e+10 
-0.000236007 -0.00588312 0.00149248 -0.00461962 -0.000118785 -0.00384156 0 0 0 0 0 0 2.08333e+10 2.08333e+10 2.08333e+10 
-0.0180267 -0.00327664 -0.016637 -0.00244556 -0.018698 -0.00227487 0 0 0 0 0 0 1.04167e+10 1.04167e+10 1.04167e+10 
-0.0180267 -0.00327664 -0.0161233 -0.00353087 -0.016637 -0.00244556 0 0 0 0 0 0 1.04167e+10 1.04167e+10 1.04167e+10 
-0.0180267 -0.00327664 -0.0174763 -0.00525843 -0.0161233 -0.00353087 0 0 0 0 0 0 1.04167e+10 1.04167e+10 1.04167e+10 
-0.0180267 -0.00327664 -0.02 -0.004 -0.0174763 -0.00525843 0 0 0 0 0 0 1.04167e+10 1.04167e+10 1.04167e+10 
-0.0180267 -0.00327664 -0.018698 -0.00227487 -0.02 -0.004 0 0 0 0 0 0 1.04167e+10 1.04167e+10 1.04167e+10 
0.0184059 -0.00622053 0.0169343 -0.00625434 0.0167378 -0.00749494 0 0 0 0 0 0 1.04167e+10 1.04167e+10 1.04167e+10 
0.0184059 -0.00622053 0.0167378 -0.00749494 0.0187927 -0.00786905 0 0 0 0 0 0 1.04167e+10 1.04167e+10 1.04167e+10 
0.0184059 -0.00622053 0.0187927 -0.00786905 0.02 -0.0072 0 0 0 0 0 0 1.04167e+10 1.04167e+10 1.04167e+10 
0.0184059 -0.00622053 0.02 -0.0072 0.02 -0.0056 0 0 0 0 0 0 1.04167e+10 1.04167e+10 1.04167e+10 
0.0184059 -0.00622053 0.017 -0.005 0.0169343 -0.00625434 0 0 0 0 0 0 1.04167e+10 1.04167e+10 1.04167e+10 
0.0184059 -0.00622053 0.0184281 -0.00405427 0.017 -0.005 0 0 0 0 0 0 1.04167e+10 1.04167e+10 1.04167e+10 
0.0184059 -0.00622053 0.02 -0.0056 0.0184281 -0.00405427 0 0 0 0 0 0 1.04167e+10 1.04167e+10 1.04167e+10 
0.00875092 0.0081615 0.00698516 0.00692782 0.0087082 0.00641268 0 0 0 0 0 0 1.04167e+10 1.04167e+10 1.04167e+10 
0.00875092 0.0081615 0.00716141 0.00817717 0.00698516 0.00692782 0 0 0 0 0 0 1.04167e+10 1.04167e+10 1.04167e+10 
0.00875092 0.0081615 0.0087082 0.00641268 0.00990209 0.00753702 0 0 0 0 0 0 1.04167e+10 1.04167e+10 1.04167e+10 
0.00875092 0.0081615 0.00720039 0.00954043 0.00716141 0.00817717 0 0 0 0 0 0 1.04167e+10 1.04167e+10 1.04167e+10 
0.00875092 0.0081615 0.00872463 0.0104724 0.00720039 0.00954043 0 0 0 0 0 0 1.04167e+10 1.04167e+10 1.04167e+10 
0.00875092 0.0081615 0.00990209 0.00753702 0.0101763 0.00984776 0 0 0 0 0 0 1.04167e+10 1.04167e+10 1.04167e+10 
0.00875092 0.0081615 0.0101763 0.00984776 0.00872463 0.0104724 0 0 0 0 0 0 1.04167e+10 1.04167e+10 1.04167e+10 
0.00124952 0.0186131 -0.000244441 0.0171908 0.00104396 0.0170334 0 0 0 0 0 0 1.04167e+10 1.04167e+10 1.04167e+10 
0.00124952 0.0186131 0.00104396 0.0170334 0.00224858 0.0167091 0 0 0 0 0 0 1.04167e+10 1.04167e+10 1.04167e+10 
0.00124952 0.0186131 0.0024 0.02 0.0008 0.02 0 0 0 0 0 0 1.04167e+10 1.04167e+10 1.04167e+10 
0.00124952 0.0186131 0.0008 0.02 -0.00100926 0.0187908 0 0 0 0 0 0 1.04167e+10 1.04167e+10 1.04167e+10 
0.00124952 0.0186131 -0.00100926 0.0187908 -0.000244441 0.0171908 0 0 0 0 0 0 1.04167e+10 1.04167e+10 1.04167e+10 
0.00309852 -0.00317467 0.0044499 -0.00239069 0.00273486 -0.0012252 0 0 0 0 0 0 2.08333e+10 2.08333e+10 2.08333e+10 
0.00309852 -0.00317467 0.00273486 -0.0012252 0.00183835 -0.00215984 0 0 0 0 0 0 2.08333e+10 2.08333e+10 2.08333e+10 
0.00309852 -0.00317467 0.00257852 -0.00611694 0.005 -0.005 0 0 0 0 0 0 2.08333e+10 2.08333e+10 2.08333e+10 
0.00309852 -0.00317467 0.00149248 -0.00461962 0.00257852 -0.00611694 0 0 0 0 0 0 2.08333e+10 2.08333e+10 2.08333e+10 
0.00309852 -0.00317467 0.005 -0.005 0.0044499 -0.00239069 0 0 0 0 0 0 2.08333e+10 2.08333e+10 2.08333e+10 
0.00309852 -0.00317467 0.00183835 -0.00215984 0.000884468 -0.00303441 0 0 0 0 0 0 2.08333e+10 2.08333e+10 2.08333e+10 
0.00309852 -0.00317467 0.000884468 -0.00303441 0.00149248 -0.00461962 0 0 0 0 0 0 2.08333e+10 2.08333e+10 2.08333e+10 
0.00964432 -0.0176348 0.00988084 -0.0159625 0.0087082 -0.0164127 0 0 0 0 0 0 1.04167e+10 1.04167e+10 1.04167e+10 
0.00964432 -0.0176348 0.0109746 -0.0175867 0.00988084 -0.0159625 0 0 0 0 0 0 1.04167e+10 1.04167e+10 1.04167e+10 
0.00964432 -0.0176348 0.0104 -0.02 0.0109746 -0.0175867 0 0 0 0 0 0 1.04167e+10 1.04167e+10 1.04167e+10 
0.00964432 -0.0176348 0.0088 -0.02 0.0104 -0.02 0 0 0 0 0 0 1.04167e+10 1.04167e+10 1.04167e+10 
0.00964432 -0.0176348 0.0087082 -0.0164127 0.00755741 -0.0182162 0 0 0 0 0 0 1.04167e+10 1.04167e+10 1.04167e+10 
0.00964432 -0.0176348 0.00755741 -0.0182162 0.0088 -0.02 0 0 0 0 0 0 1.04167e+10 1.04167e+10 1.04167e+10 
-0.00770406 0.0170629 -0.00807091 0.0150492 -0.0068192 0.0157185 0 0 0 0 0 0 1.04167e+10 1.04167e+10 1.04167e+10 
-0.00770406 0.0170629 -0.00898719 0.0174135 -0.0097865 0.0158684 0 0 0 0 0 0 1.04167e+10 1.04167e+10 1.04167e+10 
-0.00770406 0.0170629 -0.0097865 0.0158684 -0.00807091 0.0150492 0 0 0 0 0 0 1.04167e+10 1.04167e+10 1.04167e+10 
-0.00770406 0.0170629 -0.0072 0.02 -0.00898719 0.0174135 0 0 0 0 0 0 1.04167e+10 1.04167e+10 1.04167e+10 
-0.00770406 0.0170629 -0.00555504 0.0179605 -0.0072 0.02 0 0 0 0 0 0 1.04167e+10 1.04167e+10 1.04167e+10 
-0.00770406 0.0170629 -0.0068192 0.0157185 -0.00554755 0.0162703 0 0 0 0 0 0 1.04167e+10 1.04167e+10 1.04167e+10 
-0.00770406 0.0170629 -0.00554755 0.0162703 -0.00555504 0.0179605 0 0 0 0 0 0 1.04167e+10 1.04167e+10 1.04167e+10 
0.0173295 -0.0104029 0.0166744 -0.0124224 0.0189126 -0.0121862 0 0 0 0 0 0 1.04167e+10 1.04167e+10 1.04167e+10 
0.0173295 -0.0104029 0.0189126 -0.0121862 0.02 -0.0104 0 0 0 0 0 0 1.04167e+10 1.04167e+10 1.04167e+10 
0.0173295 -0.0104029 0.02 -0.0104 0.0180365 -0.00835517 0 0 0 0 0 0 1.04167e+10 1.04167e+10 1.04167e+10 
0.0173295 -0.0104029 0.0164127 -0.0087082 0.0159625 -0.00988084 0 0 0 0 0 0 1.04167e+10 1.04167e+10 1.04167e+10 
0.0173295 -0.0104029 0.0180365 -0.00835517 0.0164127 -0.0087082 0 0 0 0 0 0 1.04167e+10 1.04167e+10 1.04167e+10 
0.0173295 -0.0104029 0.0153923 -0.011 0.0166744 -0.0124224 0 0 0 0 0 0 1.04167e+10 1.04167e+10 1.04167e+10 
0.0173295 -0.0104029 0.0159625 -0.00988084 0.0153923 -0.011 0 0 0 0 0 0 1.04167e+10 1.04167e+10 1.04167e+10 
0.00309598 0.0180987 0.004 0.02 0.0024 0.02 0 0 0 0 0 0 1.04167e+10 1.04167e+10 1.04167e+10 
0.00309598 0.0180987 0.00224858 0.0167091 0.0033527 0.0162226 0 0 0 0 0 0 1.04167e+10 1.04167e+10 1.04167e+10 
0.00309598 0.0180987 0.0033527 0.0162226 0.00493288 0.0171354 0 0 0 0 0 0 1.04167e+10 1.04167e+10 1.04167e+10 
0.00309598 0.0180987 0.00493288 0.0171354 0.004 0.02 0 0 0 0 0 0 1.04167e+10 1.04167e+10 1.04167e+10 
0.00309598 0.0180987 0.00124952 0.0186131 0.00224858 0.0167091 0 0 0 0 0 0 1.04167e+10 1.04167e+10 1.04167e+10 
0.00309598 0.0180987 0.0024 0.02 0.00124952 0.0186131 0 0 0 0 0 0 1.04167e+10 1.04167e+10 1.04167e+10 
-0.0131179 0.0131553 -0.0121007 0.0118986 -0.0111624 0.0127911 0 0 0 0 0 0 1.04167e+10 1.04167e+10 1.04167e+10 
-0.0131179 0.0131553 -0.0111624 0.0127911 -0.0121205 0.0147111 0 0 0 0 0 0 1.04167e+10 1.04167e+10 1.04167e+10 
-0.0131179 0.0131553 -0.0129794 0.0109482 -0.0121007 0.0118986 0 0 0 0 0 0 1.04167e+10 1.04167e+10 1.04167e+10 
-0.0131179 0.0131553 -0.0145691 0.0115544 -0.0129794 0.0109482 0 0 0 0 0 0 1.04167e+10 1.04167e+10 1.04167e+10 
-0.0131179 0.0131553 -0.0147713 0.0153401 -0.0159771 0.0127401 0 0 0 0 0 0 1.04167e+10 1.04167e+10 1.04167e+10 
-0.0131179 0.0131553 -0.0159771 0.0127401 -0.0145691 0.0115544 0 0 0 0 0 0 1.04167e+10 1.04167e+10 1.04167e+10 
-0.0131179 0.0131553 -0.0121205 0.0147111 -0.0147713 0.0153401 0 0 0 0 0 0 1.04167e+10 1.04167e+10 1.04167e+10 
-0.00442391 -0.0146123 -0.00302957 -0.0139177 -0.00391774 -0.0130296 0 0 0 0 0 0 1.04167e+10 1.04167e+10 1.04167e+10 
-0.00442391 -0.0146123 -0.00391774 -0.0130296 -0.0058438 -0.0129762 0 0 0 0 0 0 1.04167e+10 1.04167e+10 1.04167e+10 
-0.00442391 -0.0146123 -0.0058438 -0.0129762 -0.0070766 -0.0147638 0 0 0 0 0 0 1.04167e+10 1.04167e+10 1.04167e+10 
-0.00442391 -0.0146123 -0.00624478 -0.0173872 -0.00384331 -0.0174883 0 0 0 0 0 0 1.04167e+10 1.04167e+10 1.04167e+10 
-0.00442391 -0.0146123 -0.0070766 -0.0147638 -0.00624478 -0.0173872 0 0 0 0 0 0 1.04167e+10 1.04167e+10 1.04167e+10 
-0.00442391 -0.0146123 -0.00275995 -0.0159996 -0.00302957 -0.0139177 0 0 0 0 0 0 1.04167e+10 1.04167e+10 1.04167e+10 
-0.00442391 -0.0146123 -0.00384331 -0.0174883 -0.00275995 -0.0159996 0 0 0 0 0 0 1.04167e+10 1.04167e+10 1.04167e+10 
0.00112262 -0.0178908 -0.0008 -0.02 0.0008 -0.02 0 0 0 0 0 0 1.04167e+10 1.04167e+10 1.04167e+10 
0.00112262 -0.0178908 -0.000895001 -0.0171019 -0.0008 -0.02 0 0 0 0 0 0 1.04167e+10 1.04167e+10 1.04167e+10 
0.00112262 -0.0178908 0.0012918 -0.0164127 0.00011916 -0.0159625 0 0 0 0 0 0 1.04167e+10 1.04167e+10 1.04167e+10 
0.00112262 -0.0178908 0.00011916 -0.0159625 -0.000895001 -0.0171019 0 0 0 0 0 0 1.04167e+10 1.04167e+10 1.04167e+10 
0.00112262 -0.0178908 0.00250506 -0.0167378 0.0012918 -0.0164127 0 0 0 0 0 0 1.04167e+10 1.04167e+10 1.04167e+10 
0.00112262 -0.0178908 0.00324066 -0.0183459 0.00250506 -0.0167378 0 0 0 0 0 0 1.04167e+10 1.04167e+10 1.04167e+10 
0.00112262 -0.0178908 0.0008 -0.02 0.0024 -0.02 0 0 0 0 0 0 1.04167e+10 1.04167e+10 1.04167e+10 
0.00112262 -0.0178908 0.0024 -0.02 0.00324066 -0.0183459 0 0 0 0 0 0 1.04167e+10 1.04167e+10 1.04167e+10 
