TRIANGLES
610
3
3
0.0125186 -0.01542 0.0134511 -0.0178423 0.015363 -0.0153823 0 0 0 0 0 0 1.04167e+10 1.04167e+10 1.04167e+10 
-0.0119388 -0.0096404 -0.0138342 -0.0122723 -0.011214 -0.0123532 0 0 0 0 0 0 1.04167e+10 1.04167e+10 1.04167e+10 
0.0110378 -0.0121558 0.0107415 -0.0151322 0.0125186 -0.01542 0 0 0 0 0 0 1.04167e+10 1.04167e+10 1.04167e+10 
-0.00572054 -0.00166165 -0.00612773 0.000386546 -0.0071226 -0.000756628 0 0 0 0 0 0 2.08333e+10 2.08333e+10 2.08333e+10 
-0.00572054 -0.00166165 -0.0042374 -0.000833647 -0.00612773 0.000386546 0 0 0 0 0 0 2.08333e+10 2.08333e+10 2.08333e+10 
0.0166744 -0.0124224 0.015363 -0.0153823 0.017671 -0.0145882 0 0 0 0 0 0 1.04167e+10 1.04167e+10 1.04167e+10 
-0.00197655 -0.0100595 0.000504647 -0.0101916 -0.00151891 -0.00728556 0 0 0 0 0 0 1.04167e+10 1.04167e+10 1.04167e+10 
-0.00852467 0.000148391 -0.0071226 -0.000756628 -0.00612773 0.000386546 0 0 0 0 0 0 2.08333e+10 2.08333e+10 2.08333e+10 
-0.00431848 -0.00256666 -0.0042374 -0.000833647 -0.00572054 -0.00166165 0 0 0 0 0 0 2.08333e+10 2.08333e+10 2.08333e+10 
-0.00431848 -0.00256666 -0.00234707 -0.00205384 -0.0042374 -0.000833647 0 0 0 0 0 0 2.08333e+10 2.08333e+10 2.08333e+10 
0.02 -0.0184 0.0184 -0.02 0.02 -0.02 0 0 0 0 0 0 1.04167e+10 1.04167e+10 1.04167e+10 
0.02 -0.0184 0.0187863 -0.0172033 0.0184 -0.02 0 0 0 0 0 0 1.04167e+10 1.04167e+10 1.04167e+10 
0.0144997 0.0177514 0.0152 0.02 0.0136 0.02 0 0 0 0 0 0 2.08333e+10 2.08333e+10 2.08333e+10 
0.02 -0.004 0.0177675 -0.00456907 0.02 -0.00540089 0 0 0 0 0 0 2.08333e+10 2.08333e+10 2.08333e+10 
-0.00291641 -0.00347168 -0.00234707 -0.00205384 -0.00431848 -0.00256666 0 0 0 0 0 0 2.08333e+10 2.08333e+10 2.08333e+10 
-0.00384331 -0.0174883 -0.0024 -0.02 -0.000829299 -0.0171358 0 0 0 0 0 0 1.04167e+10 1.04167e+10 1.04167e+10 
0.012 -0.02 0.0136 -0.02 0.0134511 -0.0178423 0 0 0 0 0 0 1.04167e+10 1.04167e+10 1.04167e+10 
0.0109746 -0.0175867 0.0134511 -0.0178423 0.0125186 -0.01542 0 0 0 0 0 0 1.04167e+10 1.04167e+10 1.04167e+10 
0.0109746 -0.0175867 0.0125186 -0.01542 0.0107415 -0.0151322 0 0 0 0 0 0 1.04167e+10 1.04167e+10 1.04167e+10 
0.0109746 -0.0175867 0.012 -0.02 0.0134511 -0.0178423 0 0 0 0 0 0 1.04167e+10 1.04167e+10 1.04167e+10 
-0.00405271 -0.00724321 -0.00197655 -0.0100595 -0.00151891 -0.00728556 0 0 0 0 0 0 1.04167e+10 1.04167e+10 1.04167e+10 
-0.0017009 0.000207096 -0.0042374 -0.000833647 -0.00234707 -0.00205384 0 0 0 0 0 0 2.08333e+10 2.08333e+10 2.08333e+10 
-0.0164292 -0.0124652 -0.0171529 -0.00962903 -0.0183731 -0.0121929 0 0 0 0 0 0 1.04167e+10 1.04167e+10 1.04167e+10 
-0.0146338 -0.00472028 -0.0135065 -0.00761492 -0.0120358 -0.00477637 0 0 0 0 0 0 1.04167e+10 1.04167e+10 1.04167e+10 
-0.02 0.0184 -0.0184 0.02 -0.02 0.02 0 0 0 0 0 0 1.04167e+10 1.04167e+10 1.04167e+10 
-0.02 0.0184 -0.0188929 0.0172559 -0.0184 0.02 0 0 0 0 0 0 1.04167e+10 1.04167e+10 1.04167e+10 
-0.0164892 0.0175984 -0.0184 0.02 -0.0188929 0.0172559 0 0 0 0 0 0 1.04167e+10 1.04167e+10 1.04167e+10 
-0.0144796 -0.0149787 -0.0138342 -0.0122723 -0.0164292 -0.0124652 0 0 0 0 0 0 1.04167e+10 1.04167e+10 1.04167e+10 
-0.00425879 -0.00532772 -0.00291641 -0.00347168 -0.00431848 -0.00256666 0 0 0 0 0 0 1.04167e+10 1.04167e+10 1.04167e+10 
-0.0121056 -0.0145863 -0.011214 -0.0123532 -0.0138342 -0.0122723 0 0 0 0 0 0 1.04167e+10 1.04167e+10 1.04167e+10 
-0.0121056 -0.0145863 -0.0138342 -0.0122723 -0.0144796 -0.0149787 0 0 0 0 0 0 1.04167e+10 1.04167e+10 1.04167e+10 
0.00315025 -0.0101685 0.000504647 -0.0101916 0.00139748 -0.0126277 0 0 0 0 0 0 1.04167e+10 1.04167e+10 1.04167e+10 
0.00315025 -0.0101685 0.00139748 -0.0126277 0.00393938 -0.0127923 0 0 0 0 0 0 1.04167e+10 1.04167e+10 1.04167e+10 
0.00601746 0.00593708 0.00510069 0.00385082 0.00865392 0.00423527 0 0 0 0 0 0 2.08333e+10 2.08333e+10 2.08333e+10 
0.00601746 0.00593708 0.00185731 0.00594438 0.00510069 0.00385082 0 0 0 0 0 0 2.08333e+10 2.08333e+10 2.08333e+10 
0.00521427 -0.00693461 0.00741447 -0.00567679 0.00437601 -0.00371549 0 0 0 0 0 0 2.08333e+10 2.08333e+10 2.08333e+10 
0.017698 -0.00221864 0.0177675 -0.00456907 0.02 -0.004 0 0 0 0 0 0 2.08333e+10 2.08333e+10 2.08333e+10 
0.017698 -0.00221864 0.02 -0.004 0.02 -0.0024 0 0 0 0 0 0 2.08333e+10 2.08333e+10 2.08333e+10 
0.017698 -0.00221864 0.0167754 -0.000155073 0.0137584 -0.00116964 0 0 0 0 0 0 2.08333e+10 2.08333e+10 2.08333e+10 
0.00906305 -0.0126485 0.0107415 -0.0151322 0.0110378 -0.0121558 0 0 0 0 0 0 1.04167e+10 1.04167e+10 1.04167e+10 
0.0167116 -0.0177465 0.017671 -0.0145882 0.015363 -0.0153823 0 0 0 0 0 0 1.04167e+10 1.04167e+10 1.04167e+10 
0.0167116 -0.0177465 0.0187863 -0.0172033 0.017671 -0.0145882 0 0 0 0 0 0 1.04167e+10 1.04167e+10 1.04167e+10 
0.0167116 -0.0177465 0.0184 -0.02 0.0187863 -0.0172033 0 0 0 0 0 0 1.04167e+10 1.04167e+10 1.04167e+10 
0.0167116 -0.0177465 0.0168 -0.02 0.0184 -0.02 0 0 0 0 0 0 1.04167e+10 1.04167e+10 1.04167e+10 
0.0167116 -0.0177465 0.015363 -0.0153823 0.0134511 -0.0178423 0 0 0 0 0 0 1.04167e+10 1.04167e+10 1.04167e+10 
0.02 -0.0168 0.0187863 -0.0172033 0.02 -0.0184 0 0 0 0 0 0 1.04167e+10 1.04167e+10 1.04167e+10 
0.0175769 0.00723589 0.02 0.0072 0.02 0.0088 0 0 0 0 0 0 2.08333e+10 2.08333e+10 2.08333e+10 
0.0175769 0.00723589 0.02 0.0056 0.02 0.0072 0 0 0 0 0 0 2.08333e+10 2.08333e+10 2.08333e+10 
0.0164193 0.0189251 0.0152 0.02 0.0144997 0.0177514 0 0 0 0 0 0 2.08333e+10 2.08333e+10 2.08333e+10 
0.0164193 0.0189251 0.0168 0.02 0.0152 0.02 0 0 0 0 0 0 2.08333e+10 2.08333e+10 2.08333e+10 
0.0164193 0.0189251 0.0184 0.02 0.0168 0.02 0 0 0 0 0 0 2.08333e+10 2.08333e+10 2.08333e+10 
0.0104 -0.02 0.012 -0.02 0.0109746 -0.0175867 0 0 0 0 0 0 1.04167e+10 1.04167e+10 1.04167e+10 
0.0008 -0.02 0.00139375 -0.0173099 -0.000829299 -0.0171358 0 0 0 0 0 0 1.04167e+10 1.04167e+10 1.04167e+10 
-0.0168 0.02 -0.0184 0.02 -0.0164892 0.0175984 0 0 0 0 0 0 1.04167e+10 1.04167e+10 1.04167e+10 
0.0071046 -0.0081548 0.00741447 -0.00567679 0.00521427 -0.00693461 0 0 0 0 0 0 2.08333e+10 2.08333e+10 2.08333e+10 
0.00772433 -0.00319877 0.00505002 -0.00147253 0.00437601 -0.00371549 0 0 0 0 0 0 2.08333e+10 2.08333e+10 2.08333e+10 
0.00772433 -0.00319877 0.00437601 -0.00371549 0.00741447 -0.00567679 0 0 0 0 0 0 2.08333e+10 2.08333e+10 2.08333e+10 
-0.00801807 0.00160674 -0.00852467 0.000148391 -0.00612773 0.000386546 0 0 0 0 0 0 2.08333e+10 2.08333e+10 2.08333e+10 
0.00893011 0.0181816 0.00631634 0.0187747 0.00684549 0.0161472 0 0 0 0 0 0 2.08333e+10 2.08333e+10 2.08333e+10 
0.00252354 -0.0146068 0.00393938 -0.0127923 0.00139748 -0.0126277 0 0 0 0 0 0 1.04167e+10 1.04167e+10 1.04167e+10 
-0.00473936 0.00216839 -0.00612773 0.000386546 -0.0042374 -0.000833647 0 0 0 0 0 0 2.08333e+10 2.08333e+10 2.08333e+10 
-0.00473936 0.00216839 -0.00801807 0.00160674 -0.00612773 0.000386546 0 0 0 0 0 0 2.08333e+10 2.08333e+10 2.08333e+10 
-0.00473936 0.00216839 -0.0042374 -0.000833647 -0.0017009 0.000207096 0 0 0 0 0 0 2.08333e+10 2.08333e+10 2.08333e+10 
-0.00473936 0.00216839 -0.0017009 0.000207096 -0.00297292 0.0037062 0 0 0 0 0 0 2.08333e+10 2.08333e+10 2.08333e+10 
-0.0049083 -0.00966657 -0.00334804 -0.0123067 -0.00197655 -0.0100595 0 0 0 0 0 0 1.04167e+10 1.04167e+10 1.04167e+10 
-0.0049083 -0.00966657 -0.00197655 -0.0100595 -0.00405271 -0.00724321 0 0 0 0 0 0 1.04167e+10 1.04167e+10 1.04167e+10 
-0.00385978 0.0101551 -0.00351664 0.00673519 -0.00138606 0.00803795 0 0 0 0 0 0 2.08333e+10 2.08333e+10 2.08333e+10 
-0.00385978 0.0101551 -0.00596501 0.0085996 -0.00351664 0.00673519 0 0 0 0 0 0 2.08333e+10 2.08333e+10 2.08333e+10 
0.02 0.0184 0.02 0.02 0.0184 0.02 0 0 0 0 0 0 2.08333e+10 2.08333e+10 2.08333e+10 
0.02 0.0184 0.0184 0.02 0.0164193 0.0189251 0 0 0 0 0 0 2.08333e+10 2.08333e+10 2.08333e+10 
0.02 0.0184 0.0183095 0.0158337 0.02 0.0168 0 0 0 0 0 0 2.08333e+10 2.08333e+10 2.08333e+10 
0.02 0.0184 0.0164193 0.0189251 0.0183095 0.0158337 0 0 0 0 0 0 2.08333e+10 2.08333e+10 2.08333e+10 
0.00923719 -0.00743765 0.00741447 -0.00567679 0.0071046 -0.0081548 0 0 0 0 0 0 2.08333e+10 2.08333e+10 2.08333e+10 
-0.0008 -0.02 -0.000829299 -0.0171358 -0.0024 -0.02 0 0 0 0 0 0 1.04167e+10 1.04167e+10 1.04167e+10 
-0.0008 -0.02 0.0008 -0.02 -0.000829299 -0.0171358 0 0 0 0 0 0 1.04167e+10 1.04167e+10 1.04167e+10 
-0.0140046 0.00766116 -0.0118286 0.00693977 -0.0119952 0.00860021 0 0 0 0 0 0 1.04167e+10 1.04167e+10 1.04167e+10 
0.00475213 0.0144735 0.00713628 0.013249 0.00684549 0.0161472 0 0 0 0 0 0 2.08333e+10 2.08333e+10 2.08333e+10 
0.0024 -0.02 0.00139375 -0.0173099 0.0008 -0.02 0 0 0 0 0 0 1.04167e+10 1.04167e+10 1.04167e+10 
0.0146026 0.00623568 0.0175769 0.00723589 0.0158327 0.00902317 0 0 0 0 0 0 2.08333e+10 2.08333e+10 2.08333e+10 
0.00338099 0.00763889 0.00185731 0.00594438 0.00601746 0.00593708 0 0 0 0 0 0 2.08333e+10 2.08333e+10 2.08333e+10 
0.00338099 0.00763889 0.00601746 0.00593708 0.00591945 0.00867837 0 0 0 0 0 0 2.08333e+10 2.08333e+10 2.08333e+10 
0.0107414 -0.00218421 0.0137584 -0.00116964 0.011292 0.000374764 0 0 0 0 0 0 2.08333e+10 2.08333e+10 2.08333e+10 
-0.00564723 0.00543244 -0.00351664 0.00673519 -0.00596501 0.0085996 0 0 0 0 0 0 2.08333e+10 2.08333e+10 2.08333e+10 
-0.00564723 0.00543244 -0.00297292 0.0037062 -0.00351664 0.00673519 0 0 0 0 0 0 2.08333e+10 2.08333e+10 2.08333e+10 
-0.00564723 0.00543244 -0.00473936 0.00216839 -0.00297292 0.0037062 0 0 0 0 0 0 2.08333e+10 2.08333e+10 2.08333e+10 
0.0186494 0.0101849 0.02 0.0104 0.02 0.012 0 0 0 0 0 0 2.08333e+10 2.08333e+10 2.08333e+10 
0.0186494 0.0101849 0.02 0.012 0.0170711 0.0124285 0 0 0 0 0 0 2.08333e+10 2.08333e+10 2.08333e+10 
0.0186494 0.0101849 0.02 0.0088 0.02 0.0104 0 0 0 0 0 0 2.08333e+10 2.08333e+10 2.08333e+10 
0.0186494 0.0101849 0.0170711 0.0124285 0.0158327 0.00902317 0 0 0 0 0 0 2.08333e+10 2.08333e+10 2.08333e+10 
0.0186494 0.0101849 0.0175769 0.00723589 0.02 0.0088 0 0 0 0 0 0 2.08333e+10 2.08333e+10 2.08333e+10 
0.0186494 0.0101849 0.0158327 0.00902317 0.0175769 0.00723589 0 0 0 0 0 0 2.08333e+10 2.08333e+10 2.08333e+10 
-0.0114954 0.00361887 -0.0113288 0.00195843 -0.0099084 0.00282693 0 0 0 0 0 0 2.08333e+10 2.08333e+10 2.08333e+10 
-0.0114954 0.00361887 -0.0099084 0.00282693 -0.010133 0.00506563 0 0 0 0 0 0 2.08333e+10 2.08333e+10 2.08333e+10 
-0.0170168 0.0148792 -0.02 0.0152 -0.02 0.0136 0 0 0 0 0 0 1.04167e+10 1.04167e+10 1.04167e+10 
-0.0170168 0.0148792 -0.0188929 0.0172559 -0.02 0.0152 0 0 0 0 0 0 1.04167e+10 1.04167e+10 1.04167e+10 
-0.0170168 0.0148792 -0.0164892 0.0175984 -0.0188929 0.0172559 0 0 0 0 0 0 1.04167e+10 1.04167e+10 1.04167e+10 
0.0156621 0.00421816 0.02 0.0056 0.0175769 0.00723589 0 0 0 0 0 0 2.08333e+10 2.08333e+10 2.08333e+10 
0.0156621 0.00421816 0.0178075 0.00256581 0.02 0.0056 0 0 0 0 0 0 2.08333e+10 2.08333e+10 2.08333e+10 
0.0156621 0.00421816 0.0175769 0.00723589 0.0146026 0.00623568 0 0 0 0 0 0 2.08333e+10 2.08333e+10 2.08333e+10 
-0.00627957 -0.0121221 -0.0046873 -0.0146574 -0.00334804 -0.0123067 0 0 0 0 0 0 1.04167e+10 1.04167e+10 1.04167e+10 
-0.00627957 -0.0121221 -0.0070766 -0.0147638 -0.0046873 -0.0146574 0 0 0 0 0 0 1.04167e+10 1.04167e+10 1.04167e+10 
-0.00627957 -0.0121221 -0.00334804 -0.0123067 -0.0049083 -0.00966657 0 0 0 0 0 0 1.04167e+10 1.04167e+10 1.04167e+10 
0.00896379 0.00671328 0.00601746 0.00593708 0.00865392 0.00423527 0 0 0 0 0 0 2.08333e+10 2.08333e+10 2.08333e+10 
0.00896379 0.00671328 0.00927365 0.00919129 0.00591945 0.00867837 0 0 0 0 0 0 2.08333e+10 2.08333e+10 2.08333e+10 
0.00896379 0.00671328 0.00591945 0.00867837 0.00601746 0.00593708 0 0 0 0 0 0 2.08333e+10 2.08333e+10 2.08333e+10 
-0.00777782 0.00412968 -0.0099084 0.00282693 -0.00801807 0.00160674 0 0 0 0 0 0 2.08333e+10 2.08333e+10 2.08333e+10 
-0.00777782 0.00412968 -0.010133 0.00506563 -0.0099084 0.00282693 0 0 0 0 0 0 2.08333e+10 2.08333e+10 2.08333e+10 
-0.00777782 0.00412968 -0.00801807 0.00160674 -0.00473936 0.00216839 0 0 0 0 0 0 2.08333e+10 2.08333e+10 2.08333e+10 
-0.00777782 0.00412968 -0.00473936 0.00216839 -0.00564723 0.00543244 0 0 0 0 0 0 2.08333e+10 2.08333e+10 2.08333e+10 
-0.00628278 0.0117668 -0.00596501 0.0085996 -0.00385978 0.0101551 0 0 0 0 0 0 2.08333e+10 2.08333e+10 2.08333e+10 
-0.00999205 -0.00529942 -0.00865107 -0.00772364 -0.00666251 -0.00525871 0 0 0 0 0 0 1.04167e+10 1.04167e+10 1.04167e+10 
-0.00999205 -0.00529942 -0.00666251 -0.00525871 -0.00913151 -0.00228317 0 0 0 0 0 0 1.04167e+10 1.04167e+10 1.04167e+10 
-0.00999205 -0.00529942 -0.0110082 -0.0023872 -0.0120358 -0.00477637 0 0 0 0 0 0 1.04167e+10 1.04167e+10 1.04167e+10 
-0.00999205 -0.00529942 -0.00913151 -0.00228317 -0.0110082 -0.0023872 0 0 0 0 0 0 1.04167e+10 1.04167e+10 1.04167e+10 
-0.0103576 0.00730433 -0.0119952 0.00860021 -0.0118286 0.00693977 0 0 0 0 0 0 2.08333e+10 2.08333e+10 2.08333e+10 
-0.000628935 0.00487121 -0.00138606 0.00803795 -0.00351664 0.00673519 0 0 0 0 0 0 2.08333e+10 2.08333e+10 2.08333e+10 
-0.000628935 0.00487121 -0.00351664 0.00673519 -0.00297292 0.0037062 0 0 0 0 0 0 2.08333e+10 2.08333e+10 2.08333e+10 
-0.000628935 0.00487121 0.00185731 0.00594438 -0.00138606 0.00803795 0 0 0 0 0 0 2.08333e+10 2.08333e+10 2.08333e+10 
0.02 0.0136 0.0183095 0.0158337 0.0170711 0.0124285 0 0 0 0 0 0 2.08333e+10 2.08333e+10 2.08333e+10 
0.02 0.0136 0.0170711 0.0124285 0.02 0.012 0 0 0 0 0 0 2.08333e+10 2.08333e+10 2.08333e+10 
0.0140886 0.0108104 0.0149566 0.0131974 0.0123444 0.0125977 0 0 0 0 0 0 2.08333e+10 2.08333e+10 2.08333e+10 
0.0140886 0.0108104 0.0170711 0.0124285 0.0149566 0.0131974 0 0 0 0 0 0 2.08333e+10 2.08333e+10 2.08333e+10 
0.0140886 0.0108104 0.0158327 0.00902317 0.0170711 0.0124285 0 0 0 0 0 0 2.08333e+10 2.08333e+10 2.08333e+10 
0.0104 0.02 0.0088 0.02 0.00893011 0.0181816 0 0 0 0 0 0 2.08333e+10 2.08333e+10 2.08333e+10 
-0.0113692 -0.0172653 -0.012 -0.02 -0.0104 -0.02 0 0 0 0 0 0 1.04167e+10 1.04167e+10 1.04167e+10 
-0.00670603 -0.00963239 -0.00627957 -0.0121221 -0.0049083 -0.00966657 0 0 0 0 0 0 1.04167e+10 1.04167e+10 1.04167e+10 
0.0072 0.02 0.00631634 0.0187747 0.00893011 0.0181816 0 0 0 0 0 0 2.08333e+10 2.08333e+10 2.08333e+10 
0.0072 0.02 0.00893011 0.0181816 0.0088 0.02 0 0 0 0 0 0 2.08333e+10 2.08333e+10 2.08333e+10 
0.0108423 -0.00452407 0.00741447 -0.00567679 0.00923719 -0.00743765 0 0 0 0 0 0 2.08333e+10 2.08333e+10 2.08333e+10 
0.0108423 -0.00452407 0.00772433 -0.00319877 0.00741447 -0.00567679 0 0 0 0 0 0 2.08333e+10 2.08333e+10 2.08333e+10 
0.0108423 -0.00452407 0.0107414 -0.00218421 0.00772433 -0.00319877 0 0 0 0 0 0 2.08333e+10 2.08333e+10 2.08333e+10 
0.00834406 0.00175725 0.00865392 0.00423527 0.00510069 0.00385082 0 0 0 0 0 0 2.08333e+10 2.08333e+10 2.08333e+10 
0.00251337 0.0142488 0.000117969 0.0155854 0.000431248 0.012463 0 0 0 0 0 0 2.08333e+10 2.08333e+10 2.08333e+10 
-0.0133648 -0.0177646 -0.0159773 -0.0172389 -0.0152 -0.02 0 0 0 0 0 0 1.04167e+10 1.04167e+10 1.04167e+10 
-0.0133648 -0.0177646 -0.0152 -0.02 -0.0136 -0.02 0 0 0 0 0 0 1.04167e+10 1.04167e+10 1.04167e+10 
-0.0133648 -0.0177646 -0.0144796 -0.0149787 -0.0159773 -0.0172389 0 0 0 0 0 0 1.04167e+10 1.04167e+10 1.04167e+10 
-0.0133648 -0.0177646 -0.0136 -0.02 -0.012 -0.02 0 0 0 0 0 0 1.04167e+10 1.04167e+10 1.04167e+10 
-0.0133648 -0.0177646 -0.012 -0.02 -0.0113692 -0.0172653 0 0 0 0 0 0 1.04167e+10 1.04167e+10 1.04167e+10 
-0.0133648 -0.0177646 -0.0121056 -0.0145863 -0.0144796 -0.0149787 0 0 0 0 0 0 1.04167e+10 1.04167e+10 1.04167e+10 
-0.0133648 -0.0177646 -0.0113692 -0.0172653 -0.0121056 -0.0145863 0 0 0 0 0 0 1.04167e+10 1.04167e+10 1.04167e+10 
0.0142702 -0.00337136 0.0177675 -0.00456907 0.017698 -0.00221864 0 0 0 0 0 0 2.08333e+10 2.08333e+10 2.08333e+10 
0.0142702 -0.00337136 0.017698 -0.00221864 0.0137584 -0.00116964 0 0 0 0 0 0 2.08333e+10 2.08333e+10 2.08333e+10 
0.0142702 -0.00337136 0.0137584 -0.00116964 0.0107414 -0.00218421 0 0 0 0 0 0 2.08333e+10 2.08333e+10 2.08333e+10 
0.0142702 -0.00337136 0.0107414 -0.00218421 0.0108423 -0.00452407 0 0 0 0 0 0 2.08333e+10 2.08333e+10 2.08333e+10 
0.02 -0.0008 0.017698 -0.00221864 0.02 -0.0024 0 0 0 0 0 0 2.08333e+10 2.08333e+10 2.08333e+10 
0.02 -0.0008 0.0167754 -0.000155073 0.017698 -0.00221864 0 0 0 0 0 0 2.08333e+10 2.08333e+10 2.08333e+10 
0.000744526 0.0093407 0.00185731 0.00594438 0.00338099 0.00763889 0 0 0 0 0 0 2.08333e+10 2.08333e+10 2.08333e+10 
0.000744526 0.0093407 -0.00138606 0.00803795 0.00185731 0.00594438 0 0 0 0 0 0 2.08333e+10 2.08333e+10 2.08333e+10 
-0.011662 0.00527932 -0.0114954 0.00361887 -0.010133 0.00506563 0 0 0 0 0 0 2.08333e+10 2.08333e+10 2.08333e+10 
-0.011662 0.00527932 -0.0103576 0.00730433 -0.0118286 0.00693977 0 0 0 0 0 0 2.08333e+10 2.08333e+10 2.08333e+10 
-0.011662 0.00527932 -0.010133 0.00506563 -0.0103576 0.00730433 0 0 0 0 0 0 2.08333e+10 2.08333e+10 2.08333e+10 
0.02 0.004 0.02 0.0056 0.0178075 0.00256581 0 0 0 0 0 0 2.08333e+10 2.08333e+10 2.08333e+10 
0.02 0.004 0.0178075 0.00256581 0.02 0.0024 0 0 0 0 0 0 2.08333e+10 2.08333e+10 2.08333e+10 
-0.0160636 -0.00760221 -0.0183008 -0.00711937 -0.0171529 -0.00962903 0 0 0 0 0 0 1.04167e+10 1.04167e+10 1.04167e+10 
-0.0160636 -0.00760221 -0.0135065 -0.00761492 -0.0146338 -0.00472028 0 0 0 0 0 0 1.04167e+10 1.04167e+10 1.04167e+10 
0.0113698 -0.00672051 0.0100615 -0.00874299 0.0116433 -0.00821109 0 0 0 0 0 0 2.08333e+10 2.08333e+10 2.08333e+10 
0.0113698 -0.00672051 0.00923719 -0.00743765 0.0100615 -0.00874299 0 0 0 0 0 0 2.08333e+10 2.08333e+10 2.08333e+10 
0.0113698 -0.00672051 0.0108423 -0.00452407 0.00923719 -0.00743765 0 0 0 0 0 0 2.08333e+10 2.08333e+10 2.08333e+10 
-0.00869734 -0.0129031 -0.0070766 -0.0147638 -0.00627957 -0.0121221 0 0 0 0 0 0 1.04167e+10 1.04167e+10 1.04167e+10 
0.00549597 -0.00890179 0.00689803 -0.00980681 0.0071046 -0.0081548 0 0 0 0 0 0 2.08333e+10 2.08333e+10 2.08333e+10 
0.00549597 -0.00890179 0.0071046 -0.0081548 0.00521427 -0.00693461 0 0 0 0 0 0 2.08333e+10 2.08333e+10 2.08333e+10 
-0.0160728 0.00262044 -0.0143135 0.00485254 -0.0166762 0.00456563 0 0 0 0 0 0 1.04167e+10 1.04167e+10 1.04167e+10 
-0.00454604 0.0169948 -0.0024 0.02 -0.004 0.02 0 0 0 0 0 0 2.08333e+10 2.08333e+10 2.08333e+10 
-0.00992673 0.00105341 -0.00852467 0.000148391 -0.00801807 0.00160674 0 0 0 0 0 0 2.08333e+10 2.08333e+10 2.08333e+10 
-0.00992673 0.00105341 -0.00801807 0.00160674 -0.0099084 0.00282693 0 0 0 0 0 0 2.08333e+10 2.08333e+10 2.08333e+10 
-0.00992673 0.00105341 -0.0099084 0.00282693 -0.0113288 0.00195843 0 0 0 0 0 0 2.08333e+10 2.08333e+10 2.08333e+10 
0.0116283 0.00523547 0.00896379 0.00671328 0.00865392 0.00423527 0 0 0 0 0 0 2.08333e+10 2.08333e+10 2.08333e+10 
0.0116283 0.00523547 0.0156621 0.00421816 0.0146026 0.00623568 0 0 0 0 0 0 2.08333e+10 2.08333e+10 2.08333e+10 
0.0189126 -0.0121862 0.0166744 -0.0124224 0.017671 -0.0145882 0 0 0 0 0 0 1.04167e+10 1.04167e+10 1.04167e+10 
0.0189126 -0.0121862 0.017671 -0.0145882 0.02 -0.0136 0 0 0 0 0 0 1.04167e+10 1.04167e+10 1.04167e+10 
0.0189126 -0.0121862 0.02 -0.0136 0.02 -0.012 0 0 0 0 0 0 1.04167e+10 1.04167e+10 1.04167e+10 
-0.02 0.0088 -0.02 0.0072 -0.0187568 0.00780532 0 0 0 0 0 0 1.04167e+10 1.04167e+10 1.04167e+10 
-0.02 0.0088 -0.0187568 0.00780532 -0.0174431 0.0101288 0 0 0 0 0 0 1.04167e+10 1.04167e+10 1.04167e+10 
-0.02 0.0088 -0.0174431 0.0101288 -0.02 0.0104 0 0 0 0 0 0 1.04167e+10 1.04167e+10 1.04167e+10 
0.0158247 0.0155844 0.0170711 0.0124285 0.0183095 0.0158337 0 0 0 0 0 0 2.08333e+10 2.08333e+10 2.08333e+10 
0.0158247 0.0155844 0.0149566 0.0131974 0.0170711 0.0124285 0 0 0 0 0 0 2.08333e+10 2.08333e+10 2.08333e+10 
0.0158247 0.0155844 0.0164193 0.0189251 0.0144997 0.0177514 0 0 0 0 0 0 2.08333e+10 2.08333e+10 2.08333e+10 
0.0158247 0.0155844 0.0183095 0.0158337 0.0164193 0.0189251 0 0 0 0 0 0 2.08333e+10 2.08333e+10 2.08333e+10 
-0.0188003 0.00267149 -0.0166762 0.00456563 -0.02 0.004 0 0 0 0 0 0 1.04167e+10 1.04167e+10 1.04167e+10 
-0.0188003 0.00267149 -0.02 0.004 -0.02 0.0024 0 0 0 0 0 0 1.04167e+10 1.04167e+10 1.04167e+10 
-0.0188003 0.00267149 -0.0160728 0.00262044 -0.0166762 0.00456563 0 0 0 0 0 0 1.04167e+10 1.04167e+10 1.04167e+10 
-0.0188003 0.00267149 -0.02 0.0024 -0.02 0.0008 0 0 0 0 0 0 1.04167e+10 1.04167e+10 1.04167e+10 
0.02 -0.0152 0.02 -0.0136 0.017671 -0.0145882 0 0 0 0 0 0 1.04167e+10 1.04167e+10 1.04167e+10 
0.02 -0.0152 0.017671 -0.0145882 0.0187863 -0.0172033 0 0 0 0 0 0 1.04167e+10 1.04167e+10 1.04167e+10 
0.02 -0.0152 0.0187863 -0.0172033 0.02 -0.0168 0 0 0 0 0 0 1.04167e+10 1.04167e+10 1.04167e+10 
0.00133755 -0.0017542 -0.0017009 0.000207096 -0.00234707 -0.00205384 0 0 0 0 0 0 2.08333e+10 2.08333e+10 2.08333e+10 
0.00133755 -0.0017542 0.00237571 0.000253712 -0.0017009 0.000207096 0 0 0 0 0 0 2.08333e+10 2.08333e+10 2.08333e+10 
0.00133755 -0.0017542 0.00505002 -0.00147253 0.00237571 0.000253712 0 0 0 0 0 0 2.08333e+10 2.08333e+10 2.08333e+10 
0.00133755 -0.0017542 0.00437601 -0.00371549 0.00505002 -0.00147253 0 0 0 0 0 0 2.08333e+10 2.08333e+10 2.08333e+10 
-0.00978155 -0.0147626 -0.0121056 -0.0145863 -0.0113692 -0.0172653 0 0 0 0 0 0 1.04167e+10 1.04167e+10 1.04167e+10 
-0.00978155 -0.0147626 -0.011214 -0.0123532 -0.0121056 -0.0145863 0 0 0 0 0 0 1.04167e+10 1.04167e+10 1.04167e+10 
-0.00978155 -0.0147626 -0.00869734 -0.0129031 -0.011214 -0.0123532 0 0 0 0 0 0 1.04167e+10 1.04167e+10 1.04167e+10 
-0.00978155 -0.0147626 -0.0070766 -0.0147638 -0.00869734 -0.0129031 0 0 0 0 0 0 1.04167e+10 1.04167e+10 1.04167e+10 
-0.0114051 -0.00773427 -0.0135065 -0.00761492 -0.0119388 -0.0096404 0 0 0 0 0 0 1.04167e+10 1.04167e+10 1.04167e+10 
-0.0114051 -0.00773427 -0.00865107 -0.00772364 -0.00999205 -0.00529942 0 0 0 0 0 0 1.04167e+10 1.04167e+10 1.04167e+10 
-0.0114051 -0.00773427 -0.0120358 -0.00477637 -0.0135065 -0.00761492 0 0 0 0 0 0 1.04167e+10 1.04167e+10 1.04167e+10 
-0.0114051 -0.00773427 -0.00999205 -0.00529942 -0.0120358 -0.00477637 0 0 0 0 0 0 1.04167e+10 1.04167e+10 1.04167e+10 
-0.0138588 0.00222404 -0.0160728 0.00262044 -0.0148418 0.000132241 0 0 0 0 0 0 1.04167e+10 1.04167e+10 1.04167e+10 
-0.0138588 0.00222404 -0.0143135 0.00485254 -0.0160728 0.00262044 0 0 0 0 0 0 1.04167e+10 1.04167e+10 1.04167e+10 
0.0014336 -0.00449422 0.00437601 -0.00371549 0.00133755 -0.0017542 0 0 0 0 0 0 2.08333e+10 2.08333e+10 2.08333e+10 
0.0050057 0.0119462 0.00713628 0.013249 0.00475213 0.0144735 0 0 0 0 0 0 2.08333e+10 2.08333e+10 2.08333e+10 
0.0050057 0.0119462 0.00475213 0.0144735 0.00251337 0.0142488 0 0 0 0 0 0 2.08333e+10 2.08333e+10 2.08333e+10 
0.00287511 0.0106435 0.00338099 0.00763889 0.00591945 0.00867837 0 0 0 0 0 0 2.08333e+10 2.08333e+10 2.08333e+10 
0.00287511 0.0106435 0.00591945 0.00867837 0.0050057 0.0119462 0 0 0 0 0 0 2.08333e+10 2.08333e+10 2.08333e+10 
0.00287511 0.0106435 0.000744526 0.0093407 0.00338099 0.00763889 0 0 0 0 0 0 2.08333e+10 2.08333e+10 2.08333e+10 
0.00287511 0.0106435 0.00251337 0.0142488 0.000431248 0.012463 0 0 0 0 0 0 2.08333e+10 2.08333e+10 2.08333e+10 
0.00287511 0.0106435 0.0050057 0.0119462 0.00251337 0.0142488 0 0 0 0 0 0 2.08333e+10 2.08333e+10 2.08333e+10 
0.00287511 0.0106435 0.000431248 0.012463 0.000744526 0.0093407 0 0 0 0 0 0 2.08333e+10 2.08333e+10 2.08333e+10 
-0.00420291 0.013575 -0.00628278 0.0117668 -0.00385978 0.0101551 0 0 0 0 0 0 2.08333e+10 2.08333e+10 2.08333e+10 
0.0120031 0.00298771 0.00865392 0.00423527 0.00834406 0.00175725 0 0 0 0 0 0 2.08333e+10 2.08333e+10 2.08333e+10 
0.0120031 0.00298771 0.00834406 0.00175725 0.011292 0.000374764 0 0 0 0 0 0 2.08333e+10 2.08333e+10 2.08333e+10 
0.0120031 0.00298771 0.0116283 0.00523547 0.00865392 0.00423527 0 0 0 0 0 0 2.08333e+10 2.08333e+10 2.08333e+10 
0.0120031 0.00298771 0.0156621 0.00421816 0.0116283 0.00523547 0 0 0 0 0 0 2.08333e+10 2.08333e+10 2.08333e+10 
-0.0022896 -0.0151291 -0.00334804 -0.0123067 -0.0046873 -0.0146574 0 0 0 0 0 0 1.04167e+10 1.04167e+10 1.04167e+10 
-0.0022896 -0.0151291 -0.00384331 -0.0174883 -0.000829299 -0.0171358 0 0 0 0 0 0 1.04167e+10 1.04167e+10 1.04167e+10 
-0.0022896 -0.0151291 -0.0046873 -0.0146574 -0.00384331 -0.0174883 0 0 0 0 0 0 1.04167e+10 1.04167e+10 1.04167e+10 
0.013225 -0.00767918 0.0113698 -0.00672051 0.0116433 -0.00821109 0 0 0 0 0 0 2.08333e+10 2.08333e+10 2.08333e+10 
0.00449856 0.0170007 0.00631634 0.0187747 0.004 0.02 0 0 0 0 0 0 2.08333e+10 2.08333e+10 2.08333e+10 
0.00449856 0.0170007 0.00684549 0.0161472 0.00631634 0.0187747 0 0 0 0 0 0 2.08333e+10 2.08333e+10 2.08333e+10 
0.00449856 0.0170007 0.00475213 0.0144735 0.00684549 0.0161472 0 0 0 0 0 0 2.08333e+10 2.08333e+10 2.08333e+10 
0.00449856 0.0170007 0.00251337 0.0142488 0.00475213 0.0144735 0 0 0 0 0 0 2.08333e+10 2.08333e+10 2.08333e+10 
0.00514648 0.00114323 0.00237571 0.000253712 0.00505002 -0.00147253 0 0 0 0 0 0 2.08333e+10 2.08333e+10 2.08333e+10 
0.00514648 0.00114323 0.00834406 0.00175725 0.00510069 0.00385082 0 0 0 0 0 0 2.08333e+10 2.08333e+10 2.08333e+10 
0.015635 -0.00528622 0.0163885 -0.00661536 0.0177675 -0.00456907 0 0 0 0 0 0 2.08333e+10 2.08333e+10 2.08333e+10 
0.015635 -0.00528622 0.0177675 -0.00456907 0.0142702 -0.00337136 0 0 0 0 0 0 2.08333e+10 2.08333e+10 2.08333e+10 
0.015635 -0.00528622 0.0148067 -0.00714727 0.0163885 -0.00661536 0 0 0 0 0 0 2.08333e+10 2.08333e+10 2.08333e+10 
-0.02 0.0168 -0.0188929 0.0172559 -0.02 0.0184 0 0 0 0 0 0 1.04167e+10 1.04167e+10 1.04167e+10 
-0.02 0.0168 -0.02 0.0152 -0.0188929 0.0172559 0 0 0 0 0 0 1.04167e+10 1.04167e+10 1.04167e+10 
0.0056 0.02 0.00631634 0.0187747 0.0072 0.02 0 0 0 0 0 0 2.08333e+10 2.08333e+10 2.08333e+10 
0.0056 0.02 0.004 0.02 0.00631634 0.0187747 0 0 0 0 0 0 2.08333e+10 2.08333e+10 2.08333e+10 
-0.0105823 0.00954303 -0.0121618 0.0102607 -0.0119952 0.00860021 0 0 0 0 0 0 2.08333e+10 2.08333e+10 2.08333e+10 
-0.0105823 0.00954303 -0.0119952 0.00860021 -0.0103576 0.00730433 0 0 0 0 0 0 2.08333e+10 2.08333e+10 2.08333e+10 
0.00542275 -0.0153622 0.00393938 -0.0127923 0.00252354 -0.0146068 0 0 0 0 0 0 1.04167e+10 1.04167e+10 1.04167e+10 
0.00542275 -0.0153622 0.00622259 -0.0121674 0.00393938 -0.0127923 0 0 0 0 0 0 1.04167e+10 1.04167e+10 1.04167e+10 
0.0088 -0.02 0.0104 -0.02 0.0109746 -0.0175867 0 0 0 0 0 0 1.04167e+10 1.04167e+10 1.04167e+10 
-0.0168 -0.02 -0.0152 -0.02 -0.0159773 -0.0172389 0 0 0 0 0 0 1.04167e+10 1.04167e+10 1.04167e+10 
-0.0168 -0.02 -0.0184273 -0.0175924 -0.0184 -0.02 0 0 0 0 0 0 1.04167e+10 1.04167e+10 1.04167e+10 
-0.0168 -0.02 -0.0159773 -0.0172389 -0.0184273 -0.0175924 0 0 0 0 0 0 1.04167e+10 1.04167e+10 1.04167e+10 
0.00332394 -0.00571442 0.00521427 -0.00693461 0.00437601 -0.00371549 0 0 0 0 0 0 2.08333e+10 2.08333e+10 2.08333e+10 
0.00332394 -0.00571442 0.0014336 -0.00449422 0.00128978 -0.00618674 0 0 0 0 0 0 2.08333e+10 2.08333e+10 2.08333e+10 
0.00332394 -0.00571442 0.00437601 -0.00371549 0.0014336 -0.00449422 0 0 0 0 0 0 2.08333e+10 2.08333e+10 2.08333e+10 
-0.0162285 0.00731717 -0.0143135 0.00485254 -0.0140046 0.00766116 0 0 0 0 0 0 1.04167e+10 1.04167e+10 1.04167e+10 
-0.0162285 0.00731717 -0.0166762 0.00456563 -0.0143135 0.00485254 0 0 0 0 0 0 1.04167e+10 1.04167e+10 1.04167e+10 
-0.0162285 0.00731717 -0.0187568 0.00780532 -0.0166762 0.00456563 0 0 0 0 0 0 1.04167e+10 1.04167e+10 1.04167e+10 
-0.0162285 0.00731717 -0.0174431 0.0101288 -0.0187568 0.00780532 0 0 0 0 0 0 1.04167e+10 1.04167e+10 1.04167e+10 
-0.00660056 0.0149339 -0.00420291 0.013575 -0.00454604 0.0169948 0 0 0 0 0 0 2.08333e+10 2.08333e+10 2.08333e+10 
-0.00660056 0.0149339 -0.00886095 0.0149249 -0.00628278 0.0117668 0 0 0 0 0 0 2.08333e+10 2.08333e+10 2.08333e+10 
-0.00660056 0.0149339 -0.00628278 0.0117668 -0.00420291 0.013575 0 0 0 0 0 0 2.08333e+10 2.08333e+10 2.08333e+10 
0.00215162 0.0178542 0.0024 0.02 0.0008 0.02 0 0 0 0 0 0 2.08333e+10 2.08333e+10 2.08333e+10 
0.00215162 0.0178542 0.000117969 0.0155854 0.00251337 0.0142488 0 0 0 0 0 0 2.08333e+10 2.08333e+10 2.08333e+10 
0.00215162 0.0178542 0.00251337 0.0142488 0.00449856 0.0170007 0 0 0 0 0 0 2.08333e+10 2.08333e+10 2.08333e+10 
0.00215162 0.0178542 0.004 0.02 0.0024 0.02 0 0 0 0 0 0 2.08333e+10 2.08333e+10 2.08333e+10 
0.00215162 0.0178542 0.00449856 0.0170007 0.004 0.02 0 0 0 0 0 0 2.08333e+10 2.08333e+10 2.08333e+10 
-0.00151435 -0.0043767 -0.00234707 -0.00205384 -0.00291641 -0.00347168 0 0 0 0 0 0 2.08333e+10 2.08333e+10 2.08333e+10 
-0.02 -0.0024 -0.02 -0.004 -0.018698 -0.00227487 0 0 0 0 0 0 1.04167e+10 1.04167e+10 1.04167e+10 
-0.02 -0.0024 -0.018698 -0.00227487 -0.02 -0.0008 0 0 0 0 0 0 1.04167e+10 1.04167e+10 1.04167e+10 
-0.000298606 0.00197995 -0.0017009 0.000207096 0.00237571 0.000253712 0 0 0 0 0 0 2.08333e+10 2.08333e+10 2.08333e+10 
-0.000298606 0.00197995 -0.00297292 0.0037062 -0.0017009 0.000207096 0 0 0 0 0 0 2.08333e+10 2.08333e+10 2.08333e+10 
-0.000298606 0.00197995 -0.000628935 0.00487121 -0.00297292 0.0037062 0 0 0 0 0 0 2.08333e+10 2.08333e+10 2.08333e+10 
0.02 0.0152 0.02 0.0168 0.0183095 0.0158337 0 0 0 0 0 0 2.08333e+10 2.08333e+10 2.08333e+10 
0.02 0.0152 0.0183095 0.0158337 0.02 0.0136 0 0 0 0 0 0 2.08333e+10 2.08333e+10 2.08333e+10 
-0.0136577 -0.00216959 -0.0163962 -0.0020693 -0.0146338 -0.00472028 0 0 0 0 0 0 1.04167e+10 1.04167e+10 1.04167e+10 
-0.0136577 -0.00216959 -0.0148418 0.000132241 -0.0163962 -0.0020693 0 0 0 0 0 0 1.04167e+10 1.04167e+10 1.04167e+10 
-0.0136577 -0.00216959 -0.0146338 -0.00472028 -0.0120358 -0.00477637 0 0 0 0 0 0 1.04167e+10 1.04167e+10 1.04167e+10 
-0.0136577 -0.00216959 -0.0120358 -0.00477637 -0.0110082 -0.0023872 0 0 0 0 0 0 1.04167e+10 1.04167e+10 1.04167e+10 
-0.0147194 0.00981474 -0.0159771 0.0127401 -0.0174431 0.0101288 0 0 0 0 0 0 1.04167e+10 1.04167e+10 1.04167e+10 
-0.0147194 0.00981474 -0.0162285 0.00731717 -0.0140046 0.00766116 0 0 0 0 0 0 1.04167e+10 1.04167e+10 1.04167e+10 
-0.0147194 0.00981474 -0.0174431 0.0101288 -0.0162285 0.00731717 0 0 0 0 0 0 1.04167e+10 1.04167e+10 1.04167e+10 
0.00847977 -0.0092749 0.0071046 -0.0081548 0.00689803 -0.00980681 0 0 0 0 0 0 2.08333e+10 2.08333e+10 2.08333e+10 
0.00847977 -0.0092749 0.00923719 -0.00743765 0.0071046 -0.0081548 0 0 0 0 0 0 2.08333e+10 2.08333e+10 2.08333e+10 
0.00847977 -0.0092749 0.0100615 -0.00874299 0.00923719 -0.00743765 0 0 0 0 0 0 2.08333e+10 2.08333e+10 2.08333e+10 
0.00803419 -0.00072076 0.00505002 -0.00147253 0.00772433 -0.00319877 0 0 0 0 0 0 2.08333e+10 2.08333e+10 2.08333e+10 
0.00803419 -0.00072076 0.0107414 -0.00218421 0.011292 0.000374764 0 0 0 0 0 0 2.08333e+10 2.08333e+10 2.08333e+10 
0.00803419 -0.00072076 0.011292 0.000374764 0.00834406 0.00175725 0 0 0 0 0 0 2.08333e+10 2.08333e+10 2.08333e+10 
0.00803419 -0.00072076 0.00772433 -0.00319877 0.0107414 -0.00218421 0 0 0 0 0 0 2.08333e+10 2.08333e+10 2.08333e+10 
0.00803419 -0.00072076 0.00514648 0.00114323 0.00505002 -0.00147253 0 0 0 0 0 0 2.08333e+10 2.08333e+10 2.08333e+10 
0.00803419 -0.00072076 0.00834406 0.00175725 0.00514648 0.00114323 0 0 0 0 0 0 2.08333e+10 2.08333e+10 2.08333e+10 
-0.00141374 -0.0122913 -0.00197655 -0.0100595 -0.00334804 -0.0123067 0 0 0 0 0 0 1.04167e+10 1.04167e+10 1.04167e+10 
-0.00141374 -0.0122913 0.000504647 -0.0101916 -0.00197655 -0.0100595 0 0 0 0 0 0 1.04167e+10 1.04167e+10 1.04167e+10 
-0.00141374 -0.0122913 0.00139748 -0.0126277 0.000504647 -0.0101916 0 0 0 0 0 0 1.04167e+10 1.04167e+10 1.04167e+10 
-0.00141374 -0.0122913 -0.00334804 -0.0123067 -0.0022896 -0.0151291 0 0 0 0 0 0 1.04167e+10 1.04167e+10 1.04167e+10 
0.0145498 0.00147029 0.0137584 -0.00116964 0.0167754 -0.000155073 0 0 0 0 0 0 2.08333e+10 2.08333e+10 2.08333e+10 
0.0145498 0.00147029 0.0178075 0.00256581 0.0156621 0.00421816 0 0 0 0 0 0 2.08333e+10 2.08333e+10 2.08333e+10 
0.0145498 0.00147029 0.0167754 -0.000155073 0.0178075 0.00256581 0 0 0 0 0 0 2.08333e+10 2.08333e+10 2.08333e+10 
0.0145498 0.00147029 0.0156621 0.00421816 0.0120031 0.00298771 0 0 0 0 0 0 2.08333e+10 2.08333e+10 2.08333e+10 
0.0145498 0.00147029 0.011292 0.000374764 0.0137584 -0.00116964 0 0 0 0 0 0 2.08333e+10 2.08333e+10 2.08333e+10 
0.0145498 0.00147029 0.0120031 0.00298771 0.011292 0.000374764 0 0 0 0 0 0 2.08333e+10 2.08333e+10 2.08333e+10 
-0.0108069 0.0117817 -0.00886095 0.0149249 -0.0110315 0.0140204 0 0 0 0 0 0 2.08333e+10 2.08333e+10 2.08333e+10 
-0.0108069 0.0117817 -0.0121618 0.0102607 -0.0105823 0.00954303 0 0 0 0 0 0 2.08333e+10 2.08333e+10 2.08333e+10 
-0.0108069 0.0117817 -0.0123284 0.0119211 -0.0121618 0.0102607 0 0 0 0 0 0 2.08333e+10 2.08333e+10 2.08333e+10 
-0.0108069 0.0117817 -0.0110315 0.0140204 -0.0123284 0.0119211 0 0 0 0 0 0 2.08333e+10 2.08333e+10 2.08333e+10 
-0.02 -0.0072 -0.0183008 -0.00711937 -0.02 -0.0056 0 0 0 0 0 0 1.04167e+10 1.04167e+10 1.04167e+10 
-0.0170014 -0.0151785 -0.0164292 -0.0124652 -0.0183731 -0.0121929 0 0 0 0 0 0 1.04167e+10 1.04167e+10 1.04167e+10 
-0.0170014 -0.0151785 -0.0144796 -0.0149787 -0.0164292 -0.0124652 0 0 0 0 0 0 1.04167e+10 1.04167e+10 1.04167e+10 
-0.0170014 -0.0151785 -0.0159773 -0.0172389 -0.0144796 -0.0149787 0 0 0 0 0 0 1.04167e+10 1.04167e+10 1.04167e+10 
-0.0170014 -0.0151785 -0.02 -0.0152 -0.0184273 -0.0175924 0 0 0 0 0 0 1.04167e+10 1.04167e+10 1.04167e+10 
-0.0170014 -0.0151785 -0.0184273 -0.0175924 -0.0159773 -0.0172389 0 0 0 0 0 0 1.04167e+10 1.04167e+10 1.04167e+10 
-0.00652916 -0.00729687 -0.00405271 -0.00724321 -0.00425879 -0.00532772 0 0 0 0 0 0 1.04167e+10 1.04167e+10 1.04167e+10 
-0.00652916 -0.00729687 -0.00425879 -0.00532772 -0.00666251 -0.00525871 0 0 0 0 0 0 1.04167e+10 1.04167e+10 1.04167e+10 
-0.00652916 -0.00729687 -0.00666251 -0.00525871 -0.00865107 -0.00772364 0 0 0 0 0 0 1.04167e+10 1.04167e+10 1.04167e+10 
-0.00652916 -0.00729687 -0.00865107 -0.00772364 -0.00670603 -0.00963239 0 0 0 0 0 0 1.04167e+10 1.04167e+10 1.04167e+10 
-0.00652916 -0.00729687 -0.0049083 -0.00966657 -0.00405271 -0.00724321 0 0 0 0 0 0 1.04167e+10 1.04167e+10 1.04167e+10 
-0.00652916 -0.00729687 -0.00670603 -0.00963239 -0.0049083 -0.00966657 0 0 0 0 0 0 1.04167e+10 1.04167e+10 1.04167e+10 
0.0123983 0.00786822 0.0146026 0.00623568 0.0158327 0.00902317 0 0 0 0 0 0 2.08333e+10 2.08333e+10 2.08333e+10 
0.0123983 0.00786822 0.0158327 0.00902317 0.0140886 0.0108104 0 0 0 0 0 0 2.08333e+10 2.08333e+10 2.08333e+10 
0.0123983 0.00786822 0.00927365 0.00919129 0.00896379 0.00671328 0 0 0 0 0 0 2.08333e+10 2.08333e+10 2.08333e+10 
0.0123983 0.00786822 0.00896379 0.00671328 0.0116283 0.00523547 0 0 0 0 0 0 2.08333e+10 2.08333e+10 2.08333e+10 
0.0123983 0.00786822 0.0116283 0.00523547 0.0146026 0.00623568 0 0 0 0 0 0 2.08333e+10 2.08333e+10 2.08333e+10 
0.000669259 -0.0146334 -0.000829299 -0.0171358 0.00139375 -0.0173099 0 0 0 0 0 0 1.04167e+10 1.04167e+10 1.04167e+10 
0.000669259 -0.0146334 0.00139375 -0.0173099 0.00252354 -0.0146068 0 0 0 0 0 0 1.04167e+10 1.04167e+10 1.04167e+10 
0.000669259 -0.0146334 -0.0022896 -0.0151291 -0.000829299 -0.0171358 0 0 0 0 0 0 1.04167e+10 1.04167e+10 1.04167e+10 
0.000669259 -0.0146334 0.00252354 -0.0146068 0.00139748 -0.0126277 0 0 0 0 0 0 1.04167e+10 1.04167e+10 1.04167e+10 
0.000669259 -0.0146334 0.00139748 -0.0126277 -0.00141374 -0.0122913 0 0 0 0 0 0 1.04167e+10 1.04167e+10 1.04167e+10 
0.000669259 -0.0146334 -0.00141374 -0.0122913 -0.0022896 -0.0151291 0 0 0 0 0 0 1.04167e+10 1.04167e+10 1.04167e+10 
-0.02 -0.0168 -0.0184273 -0.0175924 -0.02 -0.0152 0 0 0 0 0 0 1.04167e+10 1.04167e+10 1.04167e+10 
-0.0112561 0.0162591 -0.0128282 0.0169024 -0.0126616 0.015242 0 0 0 0 0 0 2.08333e+10 2.08333e+10 2.08333e+10 
-0.0112561 0.0162591 -0.00886095 0.0149249 -0.009222 0.0185233 0 0 0 0 0 0 2.08333e+10 2.08333e+10 2.08333e+10 
-0.0112561 0.0162591 -0.0126616 0.015242 -0.0110315 0.0140204 0 0 0 0 0 0 2.08333e+10 2.08333e+10 2.08333e+10 
-0.0112561 0.0162591 -0.0110315 0.0140204 -0.00886095 0.0149249 0 0 0 0 0 0 2.08333e+10 2.08333e+10 2.08333e+10 
-0.00691833 0.0181011 -0.00886095 0.0149249 -0.00660056 0.0149339 0 0 0 0 0 0 2.08333e+10 2.08333e+10 2.08333e+10 
-0.00691833 0.0181011 -0.009222 0.0185233 -0.00886095 0.0149249 0 0 0 0 0 0 2.08333e+10 2.08333e+10 2.08333e+10 
-0.00691833 0.0181011 -0.00660056 0.0149339 -0.00454604 0.0169948 0 0 0 0 0 0 2.08333e+10 2.08333e+10 2.08333e+10 
-0.0146889 -0.00972458 -0.0138342 -0.0122723 -0.0119388 -0.0096404 0 0 0 0 0 0 1.04167e+10 1.04167e+10 1.04167e+10 
-0.0146889 -0.00972458 -0.0119388 -0.0096404 -0.0135065 -0.00761492 0 0 0 0 0 0 1.04167e+10 1.04167e+10 1.04167e+10 
-0.0146889 -0.00972458 -0.0171529 -0.00962903 -0.0164292 -0.0124652 0 0 0 0 0 0 1.04167e+10 1.04167e+10 1.04167e+10 
-0.0146889 -0.00972458 -0.0164292 -0.0124652 -0.0138342 -0.0122723 0 0 0 0 0 0 1.04167e+10 1.04167e+10 1.04167e+10 
-0.0146889 -0.00972458 -0.0160636 -0.00760221 -0.0171529 -0.00962903 0 0 0 0 0 0 1.04167e+10 1.04167e+10 1.04167e+10 
-0.0146889 -0.00972458 -0.0135065 -0.00761492 -0.0160636 -0.00760221 0 0 0 0 0 0 1.04167e+10 1.04167e+10 1.04167e+10 
0.01 0.015 0.00684549 0.0161472 0.00713628 0.013249 0 0 0 0 0 0 2.08333e+10 2.08333e+10 2.08333e+10 
0.01 0.015 0.00893011 0.0181816 0.00684549 0.0161472 0 0 0 0 0 0 2.08333e+10 2.08333e+10 2.08333e+10 
0.01 0.015 0.00713628 0.013249 0.00958351 0.0116693 0 0 0 0 0 0 2.08333e+10 2.08333e+10 2.08333e+10 
0.01 0.015 0.00958351 0.0116693 0.0123444 0.0125977 0 0 0 0 0 0 2.08333e+10 2.08333e+10 2.08333e+10 
-0.0072 0.02 -0.0088 0.02 -0.009222 0.0185233 0 0 0 0 0 0 2.08333e+10 2.08333e+10 2.08333e+10 
-0.0072 0.02 -0.009222 0.0185233 -0.00691833 0.0181011 0 0 0 0 0 0 2.08333e+10 2.08333e+10 2.08333e+10 
-0.00215685 0.0157201 -0.0024 0.02 -0.00454604 0.0169948 0 0 0 0 0 0 2.08333e+10 2.08333e+10 2.08333e+10 
-0.00215685 0.0157201 -0.00454604 0.0169948 -0.00420291 0.013575 0 0 0 0 0 0 2.08333e+10 2.08333e+10 2.08333e+10 
-0.00215685 0.0157201 0.000431248 0.012463 0.000117969 0.0155854 0 0 0 0 0 0 2.08333e+10 2.08333e+10 2.08333e+10 
-0.000456732 -0.00327403 0.00133755 -0.0017542 -0.00234707 -0.00205384 0 0 0 0 0 0 2.08333e+10 2.08333e+10 2.08333e+10 
-0.000456732 -0.00327403 -0.00234707 -0.00205384 -0.00151435 -0.0043767 0 0 0 0 0 0 2.08333e+10 2.08333e+10 2.08333e+10 
-0.000456732 -0.00327403 0.0014336 -0.00449422 0.00133755 -0.0017542 0 0 0 0 0 0 2.08333e+10 2.08333e+10 2.08333e+10 
-0.00961532 -0.0102487 -0.0119388 -0.0096404 -0.011214 -0.0123532 0 0 0 0 0 0 1.04167e+10 1.04167e+10 1.04167e+10 
-0.00961532 -0.0102487 -0.011214 -0.0123532 -0.00869734 -0.0129031 0 0 0 0 0 0 1.04167e+10 1.04167e+10 1.04167e+10 
-0.00961532 -0.0102487 -0.00670603 -0.00963239 -0.00865107 -0.00772364 0 0 0 0 0 0 1.04167e+10 1.04167e+10 1.04167e+10 
-0.00961532 -0.0102487 -0.00627957 -0.0121221 -0.00670603 -0.00963239 0 0 0 0 0 0 1.04167e+10 1.04167e+10 1.04167e+10 
-0.00961532 -0.0102487 -0.00869734 -0.0129031 -0.00627957 -0.0121221 0 0 0 0 0 0 1.04167e+10 1.04167e+10 1.04167e+10 
-0.00961532 -0.0102487 -0.0114051 -0.00773427 -0.0119388 -0.0096404 0 0 0 0 0 0 1.04167e+10 1.04167e+10 1.04167e+10 
-0.00961532 -0.0102487 -0.00865107 -0.00772364 -0.0114051 -0.00773427 0 0 0 0 0 0 1.04167e+10 1.04167e+10 1.04167e+10 
0.0152 -0.02 0.0134511 -0.0178423 0.0136 -0.02 0 0 0 0 0 0 1.04167e+10 1.04167e+10 1.04167e+10 
0.0152 -0.02 0.0167116 -0.0177465 0.0134511 -0.0178423 0 0 0 0 0 0 1.04167e+10 1.04167e+10 1.04167e+10 
0.0152 -0.02 0.0168 -0.02 0.0167116 -0.0177465 0 0 0 0 0 0 1.04167e+10 1.04167e+10 1.04167e+10 
-0.0174763 -0.00525843 -0.018698 -0.00227487 -0.02 -0.004 0 0 0 0 0 0 1.04167e+10 1.04167e+10 1.04167e+10 
-0.0174763 -0.00525843 -0.0163962 -0.0020693 -0.018698 -0.00227487 0 0 0 0 0 0 1.04167e+10 1.04167e+10 1.04167e+10 
-0.0174763 -0.00525843 -0.02 -0.004 -0.02 -0.0056 0 0 0 0 0 0 1.04167e+10 1.04167e+10 1.04167e+10 
-0.0174763 -0.00525843 -0.02 -0.0056 -0.0183008 -0.00711937 0 0 0 0 0 0 1.04167e+10 1.04167e+10 1.04167e+10 
-0.0174763 -0.00525843 -0.0146338 -0.00472028 -0.0163962 -0.0020693 0 0 0 0 0 0 1.04167e+10 1.04167e+10 1.04167e+10 
-0.0174763 -0.00525843 -0.0183008 -0.00711937 -0.0160636 -0.00760221 0 0 0 0 0 0 1.04167e+10 1.04167e+10 1.04167e+10 
-0.0174763 -0.00525843 -0.0160636 -0.00760221 -0.0146338 -0.00472028 0 0 0 0 0 0 1.04167e+10 1.04167e+10 1.04167e+10 
-0.00849991 0.0113265 -0.00596501 0.0085996 -0.00628278 0.0117668 0 0 0 0 0 0 2.08333e+10 2.08333e+10 2.08333e+10 
-0.00849991 0.0113265 -0.00628278 0.0117668 -0.00886095 0.0149249 0 0 0 0 0 0 2.08333e+10 2.08333e+10 2.08333e+10 
-0.00849991 0.0113265 -0.00886095 0.0149249 -0.0108069 0.0117817 0 0 0 0 0 0 2.08333e+10 2.08333e+10 2.08333e+10 
-0.00849991 0.0113265 -0.0108069 0.0117817 -0.0105823 0.00954303 0 0 0 0 0 0 2.08333e+10 2.08333e+10 2.08333e+10 
0.0118204 0.0178201 0.0104 0.02 0.00893011 0.0181816 0 0 0 0 0 0 2.08333e+10 2.08333e+10 2.08333e+10 
0.0118204 0.0178201 0.012 0.02 0.0104 0.02 0 0 0 0 0 0 2.08333e+10 2.08333e+10 2.08333e+10 
0.0118204 0.0178201 0.00893011 0.0181816 0.01 0.015 0 0 0 0 0 0 2.08333e+10 2.08333e+10 2.08333e+10 
0.0118204 0.0178201 0.0144997 0.0177514 0.0136 0.02 0 0 0 0 0 0 2.08333e+10 2.08333e+10 2.08333e+10 
0.0118204 0.0178201 0.0136 0.02 0.012 0.02 0 0 0 0 0 0 2.08333e+10 2.08333e+10 2.08333e+10 
-0.00624478 -0.0173872 -0.0056 -0.02 -0.00384331 -0.0174883 0 0 0 0 0 0 1.04167e+10 1.04167e+10 1.04167e+10 
-0.00624478 -0.0173872 -0.0072 -0.02 -0.0056 -0.02 0 0 0 0 0 0 1.04167e+10 1.04167e+10 1.04167e+10 
-0.00624478 -0.0173872 -0.0046873 -0.0146574 -0.0070766 -0.0147638 0 0 0 0 0 0 1.04167e+10 1.04167e+10 1.04167e+10 
-0.00624478 -0.0173872 -0.00384331 -0.0174883 -0.0046873 -0.0146574 0 0 0 0 0 0 1.04167e+10 1.04167e+10 1.04167e+10 
0.00225877 0.00300722 0.00510069 0.00385082 0.00185731 0.00594438 0 0 0 0 0 0 2.08333e+10 2.08333e+10 2.08333e+10 
0.00225877 0.00300722 0.00237571 0.000253712 0.00514648 0.00114323 0 0 0 0 0 0 2.08333e+10 2.08333e+10 2.08333e+10 
0.00225877 0.00300722 0.00514648 0.00114323 0.00510069 0.00385082 0 0 0 0 0 0 2.08333e+10 2.08333e+10 2.08333e+10 
0.00225877 0.00300722 -0.000298606 0.00197995 0.00237571 0.000253712 0 0 0 0 0 0 2.08333e+10 2.08333e+10 2.08333e+10 
0.00225877 0.00300722 0.00185731 0.00594438 -0.000628935 0.00487121 0 0 0 0 0 0 2.08333e+10 2.08333e+10 2.08333e+10 
0.00225877 0.00300722 -0.000628935 0.00487121 -0.000298606 0.00197995 0 0 0 0 0 0 2.08333e+10 2.08333e+10 2.08333e+10 
0.0135024 -0.00600336 0.013225 -0.00767918 0.0148067 -0.00714727 0 0 0 0 0 0 2.08333e+10 2.08333e+10 2.08333e+10 
0.0135024 -0.00600336 0.015635 -0.00528622 0.0142702 -0.00337136 0 0 0 0 0 0 2.08333e+10 2.08333e+10 2.08333e+10 
0.0135024 -0.00600336 0.0148067 -0.00714727 0.015635 -0.00528622 0 0 0 0 0 0 2.08333e+10 2.08333e+10 2.08333e+10 
0.0135024 -0.00600336 0.0142702 -0.00337136 0.0108423 -0.00452407 0 0 0 0 0 0 2.08333e+10 2.08333e+10 2.08333e+10 
0.0135024 -0.00600336 0.0108423 -0.00452407 0.0113698 -0.00672051 0 0 0 0 0 0 2.08333e+10 2.08333e+10 2.08333e+10 
0.0135024 -0.00600336 0.0113698 -0.00672051 0.013225 -0.00767918 0 0 0 0 0 0 2.08333e+10 2.08333e+10 2.08333e+10 
0.0136441 -0.0123367 0.0110378 -0.0121558 0.0125186 -0.01542 0 0 0 0 0 0 1.04167e+10 1.04167e+10 1.04167e+10 
0.0136441 -0.0123367 0.0125186 -0.01542 0.015363 -0.0153823 0 0 0 0 0 0 1.04167e+10 1.04167e+10 1.04167e+10 
0.0136441 -0.0123367 0.015363 -0.0153823 0.0166744 -0.0124224 0 0 0 0 0 0 1.04167e+10 1.04167e+10 1.04167e+10 
0.0136441 -0.0123367 0.0166744 -0.0124224 0.0150528 -0.0103272 0 0 0 0 0 0 1.04167e+10 1.04167e+10 1.04167e+10 
-0.02 0.0056 -0.0187568 0.00780532 -0.02 0.0072 0 0 0 0 0 0 1.04167e+10 1.04167e+10 1.04167e+10 
-0.02 0.0056 -0.0166762 0.00456563 -0.0187568 0.00780532 0 0 0 0 0 0 1.04167e+10 1.04167e+10 1.04167e+10 
-0.02 0.0056 -0.02 0.004 -0.0166762 0.00456563 0 0 0 0 0 0 1.04167e+10 1.04167e+10 1.04167e+10 
-0.000195309 0.0187077 0.000117969 0.0155854 0.00215162 0.0178542 0 0 0 0 0 0 2.08333e+10 2.08333e+10 2.08333e+10 
-0.000195309 0.0187077 -0.0008 0.02 -0.0024 0.02 0 0 0 0 0 0 2.08333e+10 2.08333e+10 2.08333e+10 
-0.000195309 0.0187077 -0.0024 0.02 -0.00215685 0.0157201 0 0 0 0 0 0 2.08333e+10 2.08333e+10 2.08333e+10 
-0.000195309 0.0187077 -0.00215685 0.0157201 0.000117969 0.0155854 0 0 0 0 0 0 2.08333e+10 2.08333e+10 2.08333e+10 
-0.000195309 0.0187077 0.0008 0.02 -0.0008 0.02 0 0 0 0 0 0 2.08333e+10 2.08333e+10 2.08333e+10 
-0.000195309 0.0187077 0.00215162 0.0178542 0.0008 0.02 0 0 0 0 0 0 2.08333e+10 2.08333e+10 2.08333e+10 
-0.0104 0.02 -0.009222 0.0185233 -0.0088 0.02 0 0 0 0 0 0 2.08333e+10 2.08333e+10 2.08333e+10 
-0.012 0.02 -0.013139 0.02 -0.0129948 0.0185629 0 0 0 0 0 0 2.08333e+10 2.08333e+10 2.08333e+10 
0.00585176 -0.017725 0.004 -0.02 0.0056 -0.02 0 0 0 0 0 0 1.04167e+10 1.04167e+10 1.04167e+10 
0.00585176 -0.017725 0.0056 -0.02 0.0072 -0.02 0 0 0 0 0 0 1.04167e+10 1.04167e+10 1.04167e+10 
0.0040939 -0.00799677 0.00549597 -0.00890179 0.00521427 -0.00693461 0 0 0 0 0 0 2.08333e+10 2.08333e+10 2.08333e+10 
0.0040939 -0.00799677 0.00521427 -0.00693461 0.00332394 -0.00571442 0 0 0 0 0 0 2.08333e+10 2.08333e+10 2.08333e+10 
0.02 -0.0104 0.0189126 -0.0121862 0.02 -0.012 0 0 0 0 0 0 1.04167e+10 1.04167e+10 1.04167e+10 
-0.02 -0.0184 -0.02 -0.02 -0.0184 -0.02 0 0 0 0 0 0 1.04167e+10 1.04167e+10 1.04167e+10 
-0.02 -0.0184 -0.0184 -0.02 -0.0184273 -0.0175924 0 0 0 0 0 0 1.04167e+10 1.04167e+10 1.04167e+10 
-0.02 -0.0184 -0.0184273 -0.0175924 -0.02 -0.0168 0 0 0 0 0 0 1.04167e+10 1.04167e+10 1.04167e+10 
0.0187927 -0.00786905 0.02 -0.0088 0.02 -0.0072 0 0 0 0 0 0 1.04167e+10 1.04167e+10 1.04167e+10 
0.00713967 0.0105688 0.00958351 0.0116693 0.00713628 0.013249 0 0 0 0 0 0 2.08333e+10 2.08333e+10 2.08333e+10 
0.00713967 0.0105688 0.00591945 0.00867837 0.00927365 0.00919129 0 0 0 0 0 0 2.08333e+10 2.08333e+10 2.08333e+10 
0.00713967 0.0105688 0.00927365 0.00919129 0.00958351 0.0116693 0 0 0 0 0 0 2.08333e+10 2.08333e+10 2.08333e+10 
0.00713967 0.0105688 0.00713628 0.013249 0.0050057 0.0119462 0 0 0 0 0 0 2.08333e+10 2.08333e+10 2.08333e+10 
0.00713967 0.0105688 0.0050057 0.0119462 0.00591945 0.00867837 0 0 0 0 0 0 2.08333e+10 2.08333e+10 2.08333e+10 
-0.00891945 -0.0174528 -0.0088 -0.02 -0.0072 -0.02 0 0 0 0 0 0 1.04167e+10 1.04167e+10 1.04167e+10 
-0.00891945 -0.0174528 -0.0072 -0.02 -0.00624478 -0.0173872 0 0 0 0 0 0 1.04167e+10 1.04167e+10 1.04167e+10 
-0.00891945 -0.0174528 -0.0104 -0.02 -0.0088 -0.02 0 0 0 0 0 0 1.04167e+10 1.04167e+10 1.04167e+10 
-0.00891945 -0.0174528 -0.0113692 -0.0172653 -0.0104 -0.02 0 0 0 0 0 0 1.04167e+10 1.04167e+10 1.04167e+10 
-0.00891945 -0.0174528 -0.0070766 -0.0147638 -0.00978155 -0.0147626 0 0 0 0 0 0 1.04167e+10 1.04167e+10 1.04167e+10 
-0.00891945 -0.0174528 -0.00624478 -0.0173872 -0.0070766 -0.0147638 0 0 0 0 0 0 1.04167e+10 1.04167e+10 1.04167e+10 
-0.00891945 -0.0174528 -0.00978155 -0.0147626 -0.0113692 -0.0172653 0 0 0 0 0 0 1.04167e+10 1.04167e+10 1.04167e+10 
0.0133399 0.0153351 0.0123444 0.0125977 0.0149566 0.0131974 0 0 0 0 0 0 2.08333e+10 2.08333e+10 2.08333e+10 
0.0133399 0.0153351 0.0149566 0.0131974 0.0158247 0.0155844 0 0 0 0 0 0 2.08333e+10 2.08333e+10 2.08333e+10 
0.0133399 0.0153351 0.0158247 0.0155844 0.0144997 0.0177514 0 0 0 0 0 0 2.08333e+10 2.08333e+10 2.08333e+10 
0.0133399 0.0153351 0.0144997 0.0177514 0.0118204 0.0178201 0 0 0 0 0 0 2.08333e+10 2.08333e+10 2.08333e+10 
0.0133399 0.0153351 0.01 0.015 0.0123444 0.0125977 0 0 0 0 0 0 2.08333e+10 2.08333e+10 2.08333e+10 
0.0133399 0.0153351 0.0118204 0.0178201 0.01 0.015 0 0 0 0 0 0 2.08333e+10 2.08333e+10 2.08333e+10 
0.00763069 -0.0148572 0.00542275 -0.0153622 0.00585176 -0.017725 0 0 0 0 0 0 1.04167e+10 1.04167e+10 1.04167e+10 
0.00763069 -0.0148572 0.0107415 -0.0151322 0.00906305 -0.0126485 0 0 0 0 0 0 1.04167e+10 1.04167e+10 1.04167e+10 
0.00763069 -0.0148572 0.00906305 -0.0126485 0.00622259 -0.0121674 0 0 0 0 0 0 1.04167e+10 1.04167e+10 1.04167e+10 
0.00763069 -0.0148572 0.00622259 -0.0121674 0.00542275 -0.0153622 0 0 0 0 0 0 1.04167e+10 1.04167e+10 1.04167e+10 
-0.02 -0.0088 -0.0171529 -0.00962903 -0.0183008 -0.00711937 0 0 0 0 0 0 1.04167e+10 1.04167e+10 1.04167e+10 
-0.02 -0.0088 -0.0183008 -0.00711937 -0.02 -0.0072 0 0 0 0 0 0 1.04167e+10 1.04167e+10 1.04167e+10 
-0.0188031 0.0120672 -0.02 0.012 -0.02 0.0104 0 0 0 0 0 0 1.04167e+10 1.04167e+10 1.04167e+10 
-0.0188031 0.0120672 -0.02 0.0104 -0.0174431 0.0101288 0 0 0 0 0 0 1.04167e+10 1.04167e+10 1.04167e+10 
-0.0188031 0.0120672 -0.02 0.0136 -0.02 0.012 0 0 0 0 0 0 1.04167e+10 1.04167e+10 1.04167e+10 
-0.0188031 0.0120672 -0.0170168 0.0148792 -0.02 0.0136 0 0 0 0 0 0 1.04167e+10 1.04167e+10 1.04167e+10 
-0.0188031 0.0120672 -0.0159771 0.0127401 -0.0170168 0.0148792 0 0 0 0 0 0 1.04167e+10 1.04167e+10 1.04167e+10 
-0.0188031 0.0120672 -0.0174431 0.0101288 -0.0159771 0.0127401 0 0 0 0 0 0 1.04167e+10 1.04167e+10 1.04167e+10 
-0.00177145 0.011879 -0.00385978 0.0101551 -0.00138606 0.00803795 0 0 0 0 0 0 2.08333e+10 2.08333e+10 2.08333e+10 
-0.00177145 0.011879 -0.00138606 0.00803795 0.000744526 0.0093407 0 0 0 0 0 0 2.08333e+10 2.08333e+10 2.08333e+10 
-0.00177145 0.011879 0.000744526 0.0093407 0.000431248 0.012463 0 0 0 0 0 0 2.08333e+10 2.08333e+10 2.08333e+10 
-0.00177145 0.011879 -0.00420291 0.013575 -0.00385978 0.0101551 0 0 0 0 0 0 2.08333e+10 2.08333e+10 2.08333e+10 
-0.00177145 0.011879 -0.00215685 0.0157201 -0.00420291 0.013575 0 0 0 0 0 0 2.08333e+10 2.08333e+10 2.08333e+10 
-0.00177145 0.011879 0.000431248 0.012463 -0.00215685 0.0157201 0 0 0 0 0 0 2.08333e+10 2.08333e+10 2.08333e+10 
-0.012495 0.0135816 -0.0123284 0.0119211 -0.0110315 0.0140204 0 0 0 0 0 0 2.08333e+10 2.08333e+10 2.08333e+10 
-0.012495 0.0135816 -0.0110315 0.0140204 -0.0126616 0.015242 0 0 0 0 0 0 2.08333e+10 2.08333e+10 2.08333e+10 
-0.0174726 0.000116438 -0.0163962 -0.0020693 -0.0148418 0.000132241 0 0 0 0 0 0 1.04167e+10 1.04167e+10 1.04167e+10 
-0.0174726 0.000116438 -0.02 -0.0008 -0.018698 -0.00227487 0 0 0 0 0 0 1.04167e+10 1.04167e+10 1.04167e+10 
-0.0174726 0.000116438 -0.018698 -0.00227487 -0.0163962 -0.0020693 0 0 0 0 0 0 1.04167e+10 1.04167e+10 1.04167e+10 
-0.0174726 0.000116438 -0.02 0.0008 -0.02 -0.0008 0 0 0 0 0 0 1.04167e+10 1.04167e+10 1.04167e+10 
-0.0174726 0.000116438 -0.0148418 0.000132241 -0.0160728 0.00262044 0 0 0 0 0 0 1.04167e+10 1.04167e+10 1.04167e+10 
-0.0174726 0.000116438 -0.0160728 0.00262044 -0.0188003 0.00267149 0 0 0 0 0 0 1.04167e+10 1.04167e+10 1.04167e+10 
-0.0174726 0.000116438 -0.0188003 0.00267149 -0.02 0.0008 0 0 0 0 0 0 1.04167e+10 1.04167e+10 1.04167e+10 
-0.00813886 0.00772809 -0.010133 0.00506563 -0.00777782 0.00412968 0 0 0 0 0 0 2.08333e+10 2.08333e+10 2.08333e+10 
-0.00813886 0.00772809 -0.0103576 0.00730433 -0.010133 0.00506563 0 0 0 0 0 0 2.08333e+10 2.08333e+10 2.08333e+10 
-0.00813886 0.00772809 -0.00564723 0.00543244 -0.00596501 0.0085996 0 0 0 0 0 0 2.08333e+10 2.08333e+10 2.08333e+10 
-0.00813886 0.00772809 -0.00777782 0.00412968 -0.00564723 0.00543244 0 0 0 0 0 0 2.08333e+10 2.08333e+10 2.08333e+10 
-0.00813886 0.00772809 -0.0105823 0.00954303 -0.0103576 0.00730433 0 0 0 0 0 0 2.08333e+10 2.08333e+10 2.08333e+10 
-0.00813886 0.00772809 -0.00596501 0.0085996 -0.00849991 0.0113265 0 0 0 0 0 0 2.08333e+10 2.08333e+10 2.08333e+10 
-0.00813886 0.00772809 -0.00849991 0.0113265 -0.0105823 0.00954303 0 0 0 0 0 0 2.08333e+10 2.08333e+10 2.08333e+10 
0.0179702 -0.00608346 0.02 -0.00540089 0.0177675 -0.00456907 0 0 0 0 0 0 2.08333e+10 2.08333e+10 2.08333e+10 
0.0179702 -0.00608346 0.02 -0.0072 0.02 -0.00540089 0 0 0 0 0 0 1.04167e+10 1.04167e+10 1.04167e+10 
0.0179702 -0.00608346 0.0187927 -0.00786905 0.02 -0.0072 0 0 0 0 0 0 1.04167e+10 1.04167e+10 1.04167e+10 
0.0179702 -0.00608346 0.0177675 -0.00456907 0.0163885 -0.00661536 0 0 0 0 0 0 2.08333e+10 2.08333e+10 2.08333e+10 
0.0116811 0.0100009 0.0123444 0.0125977 0.00958351 0.0116693 0 0 0 0 0 0 2.08333e+10 2.08333e+10 2.08333e+10 
0.0116811 0.0100009 0.00927365 0.00919129 0.0123983 0.00786822 0 0 0 0 0 0 2.08333e+10 2.08333e+10 2.08333e+10 
0.0116811 0.0100009 0.00958351 0.0116693 0.00927365 0.00919129 0 0 0 0 0 0 2.08333e+10 2.08333e+10 2.08333e+10 
0.0116811 0.0100009 0.0140886 0.0108104 0.0123444 0.0125977 0 0 0 0 0 0 2.08333e+10 2.08333e+10 2.08333e+10 
0.0116811 0.0100009 0.0123983 0.00786822 0.0140886 0.0108104 0 0 0 0 0 0 2.08333e+10 2.08333e+10 2.08333e+10 
0.00845758 -0.0172338 0.0088 -0.02 0.0109746 -0.0175867 0 0 0 0 0 0 1.04167e+10 1.04167e+10 1.04167e+10 
0.00845758 -0.0172338 0.0072 -0.02 0.0088 -0.02 0 0 0 0 0 0 1.04167e+10 1.04167e+10 1.04167e+10 
0.00845758 -0.0172338 0.00585176 -0.017725 0.0072 -0.02 0 0 0 0 0 0 1.04167e+10 1.04167e+10 1.04167e+10 
0.00845758 -0.0172338 0.0109746 -0.0175867 0.0107415 -0.0151322 0 0 0 0 0 0 1.04167e+10 1.04167e+10 1.04167e+10 
0.00845758 -0.0172338 0.0107415 -0.0151322 0.00763069 -0.0148572 0 0 0 0 0 0 1.04167e+10 1.04167e+10 1.04167e+10 
0.00845758 -0.0172338 0.00763069 -0.0148572 0.00585176 -0.017725 0 0 0 0 0 0 1.04167e+10 1.04167e+10 1.04167e+10 
-0.02 -0.0104 -0.0183731 -0.0121929 -0.0171529 -0.00962903 0 0 0 0 0 0 1.04167e+10 1.04167e+10 1.04167e+10 
-0.02 -0.0104 -0.0171529 -0.00962903 -0.02 -0.0088 0 0 0 0 0 0 1.04167e+10 1.04167e+10 1.04167e+10 
-0.02 -0.0104 -0.02 -0.012 -0.0183731 -0.0121929 0 0 0 0 0 0 1.04167e+10 1.04167e+10 1.04167e+10 
-0.0147713 0.0153401 -0.0164892 0.0175984 -0.0170168 0.0148792 0 0 0 0 0 0 1.04167e+10 1.04167e+10 1.04167e+10 
-0.0147713 0.0153401 -0.0126616 0.015242 -0.0128282 0.0169024 0 0 0 0 0 0 1.04167e+10 1.04167e+10 1.04167e+10 
-0.0147713 0.0153401 -0.0170168 0.0148792 -0.0159771 0.0127401 0 0 0 0 0 0 1.04167e+10 1.04167e+10 1.04167e+10 
0.00269184 -0.00709175 0.00332394 -0.00571442 0.00128978 -0.00618674 0 0 0 0 0 0 2.08333e+10 2.08333e+10 2.08333e+10 
0.00269184 -0.00709175 0.0040939 -0.00799677 0.00332394 -0.00571442 0 0 0 0 0 0 2.08333e+10 2.08333e+10 2.08333e+10 
-0.0114807 0.0184978 -0.0129948 0.0185629 -0.0128282 0.0169024 0 0 0 0 0 0 2.08333e+10 2.08333e+10 2.08333e+10 
-0.0114807 0.0184978 -0.0128282 0.0169024 -0.0112561 0.0162591 0 0 0 0 0 0 2.08333e+10 2.08333e+10 2.08333e+10 
-0.0114807 0.0184978 -0.0112561 0.0162591 -0.009222 0.0185233 0 0 0 0 0 0 2.08333e+10 2.08333e+10 2.08333e+10 
-0.0114807 0.0184978 -0.009222 0.0185233 -0.0104 0.02 0 0 0 0 0 0 2.08333e+10 2.08333e+10 2.08333e+10 
-0.0114807 0.0184978 -0.012 0.02 -0.0129948 0.0185629 0 0 0 0 0 0 2.08333e+10 2.08333e+10 2.08333e+10 
-0.0114807 0.0184978 -0.0104 0.02 -0.012 0.02 0 0 0 0 0 0 2.08333e+10 2.08333e+10 2.08333e+10 
-0.0056 0.02 -0.00454604 0.0169948 -0.004 0.02 0 0 0 0 0 0 2.08333e+10 2.08333e+10 2.08333e+10 
-0.0056 0.02 -0.00691833 0.0181011 -0.00454604 0.0169948 0 0 0 0 0 0 2.08333e+10 2.08333e+10 2.08333e+10 
-0.0056 0.02 -0.0072 0.02 -0.00691833 0.0181011 0 0 0 0 0 0 2.08333e+10 2.08333e+10 2.08333e+10 
-0.02 -0.0136 -0.0170014 -0.0151785 -0.0183731 -0.0121929 0 0 0 0 0 0 1.04167e+10 1.04167e+10 1.04167e+10 
-0.02 -0.0136 -0.02 -0.0152 -0.0170014 -0.0151785 0 0 0 0 0 0 1.04167e+10 1.04167e+10 1.04167e+10 
-0.02 -0.0136 -0.0183731 -0.0121929 -0.02 -0.012 0 0 0 0 0 0 1.04167e+10 1.04167e+10 1.04167e+10 
-0.004 -0.02 -0.0024 -0.02 -0.00384331 -0.0174883 0 0 0 0 0 0 1.04167e+10 1.04167e+10 1.04167e+10 
-0.004 -0.02 -0.00384331 -0.0174883 -0.0056 -0.02 0 0 0 0 0 0 1.04167e+10 1.04167e+10 1.04167e+10 
0.02 0.0008 0.02 0.0024 0.0178075 0.00256581 0 0 0 0 0 0 2.08333e+10 2.08333e+10 2.08333e+10 
0.02 0.0008 0.0167754 -0.000155073 0.02 -0.0008 0 0 0 0 0 0 2.08333e+10 2.08333e+10 2.08333e+10 
0.02 0.0008 0.0178075 0.00256581 0.0167754 -0.000155073 0 0 0 0 0 0 2.08333e+10 2.08333e+10 2.08333e+10 
0.017896 -0.00977208 0.0166744 -0.0124224 0.0189126 -0.0121862 0 0 0 0 0 0 1.04167e+10 1.04167e+10 1.04167e+10 
0.017896 -0.00977208 0.0189126 -0.0121862 0.02 -0.0104 0 0 0 0 0 0 1.04167e+10 1.04167e+10 1.04167e+10 
0.017896 -0.00977208 0.0150528 -0.0103272 0.0166744 -0.0124224 0 0 0 0 0 0 1.04167e+10 1.04167e+10 1.04167e+10 
0.017896 -0.00977208 0.02 -0.0104 0.02 -0.0088 0 0 0 0 0 0 1.04167e+10 1.04167e+10 1.04167e+10 
0.017896 -0.00977208 0.02 -0.0088 0.0187927 -0.00786905 0 0 0 0 0 0 1.04167e+10 1.04167e+10 1.04167e+10 
-0.0152 0.02 -0.0168 0.02 -0.0164892 0.0175984 0 0 0 0 0 0 1.04167e+10 1.04167e+10 1.04167e+10 
-0.0152 0.02 -0.0129948 0.0185629 -0.013139 0.02 0 0 0 0 0 0 1.04167e+10 1.04167e+10 1.04167e+10 
-0.000112287 -0.00528172 0.00128978 -0.00618674 0.0014336 -0.00449422 0 0 0 0 0 0 2.08333e+10 2.08333e+10 2.08333e+10 
-0.000112287 -0.00528172 -0.000456732 -0.00327403 -0.00151435 -0.0043767 0 0 0 0 0 0 2.08333e+10 2.08333e+10 2.08333e+10 
-0.000112287 -0.00528172 0.0014336 -0.00449422 -0.000456732 -0.00327403 0 0 0 0 0 0 2.08333e+10 2.08333e+10 2.08333e+10 
0.0034614 -0.0174064 0.00139375 -0.0173099 0.0024 -0.02 0 0 0 0 0 0 1.04167e+10 1.04167e+10 1.04167e+10 
0.0034614 -0.0174064 0.0024 -0.02 0.004 -0.02 0 0 0 0 0 0 1.04167e+10 1.04167e+10 1.04167e+10 
0.0034614 -0.0174064 0.00542275 -0.0153622 0.00252354 -0.0146068 0 0 0 0 0 0 1.04167e+10 1.04167e+10 1.04167e+10 
0.0034614 -0.0174064 0.00252354 -0.0146068 0.00139375 -0.0173099 0 0 0 0 0 0 1.04167e+10 1.04167e+10 1.04167e+10 
0.0034614 -0.0174064 0.004 -0.02 0.00585176 -0.017725 0 0 0 0 0 0 1.04167e+10 1.04167e+10 1.04167e+10 
0.0034614 -0.0174064 0.00585176 -0.017725 0.00542275 -0.0153622 0 0 0 0 0 0 1.04167e+10 1.04167e+10 1.04167e+10 
0.0146592 -0.00873862 0.0148067 -0.00714727 0.013225 -0.00767918 0 0 0 0 0 0 1.04167e+10 1.04167e+10 1.04167e+10 
0.00493229 -0.0102773 0.00315025 -0.0101685 0.00393938 -0.0127923 0 0 0 0 0 0 1.04167e+10 1.04167e+10 1.04167e+10 
0.00493229 -0.0102773 0.00393938 -0.0127923 0.00622259 -0.0121674 0 0 0 0 0 0 1.04167e+10 1.04167e+10 1.04167e+10 
0.00493229 -0.0102773 0.00689803 -0.00980681 0.00549597 -0.00890179 0 0 0 0 0 0 1.04167e+10 1.04167e+10 1.04167e+10 
0.0166498 -0.00806922 0.0163885 -0.00661536 0.0148067 -0.00714727 0 0 0 0 0 0 1.04167e+10 1.04167e+10 1.04167e+10 
0.0166498 -0.00806922 0.0148067 -0.00714727 0.0146592 -0.00873862 0 0 0 0 0 0 1.04167e+10 1.04167e+10 1.04167e+10 
0.0166498 -0.00806922 0.0187927 -0.00786905 0.0179702 -0.00608346 0 0 0 0 0 0 1.04167e+10 1.04167e+10 1.04167e+10 
0.0166498 -0.00806922 0.0179702 -0.00608346 0.0163885 -0.00661536 0 0 0 0 0 0 1.04167e+10 1.04167e+10 1.04167e+10 
0.0166498 -0.00806922 0.017896 -0.00977208 0.0187927 -0.00786905 0 0 0 0 0 0 1.04167e+10 1.04167e+10 1.04167e+10 
0.0166498 -0.00806922 0.0150528 -0.0103272 0.017896 -0.00977208 0 0 0 0 0 0 1.04167e+10 1.04167e+10 1.04167e+10 
0.0166498 -0.00806922 0.0146592 -0.00873862 0.0150528 -0.0103272 0 0 0 0 0 0 1.04167e+10 1.04167e+10 1.04167e+10 
0.00669678 -0.0114162 0.00622259 -0.0121674 0.00906305 -0.0126485 0 0 0 0 0 0 1.04167e+10 1.04167e+10 1.04167e+10 
0.00669678 -0.0114162 0.00493229 -0.0102773 0.00622259 -0.0121674 0 0 0 0 0 0 1.04167e+10 1.04167e+10 1.04167e+10 
0.00669678 -0.0114162 0.00689803 -0.00980681 0.00493229 -0.0102773 0 0 0 0 0 0 1.04167e+10 1.04167e+10 1.04167e+10 
-0.00918359 -0.0011656 -0.0071226 -0.000756628 -0.00852467 0.000148391 0 0 0 0 0 0 1.04167e+10 1.04167e+10 1.04167e+10 
-0.00918359 -0.0011656 -0.00852467 0.000148391 -0.00992673 0.00105341 0 0 0 0 0 0 1.04167e+10 1.04167e+10 1.04167e+10 
-0.00918359 -0.0011656 -0.0110082 -0.0023872 -0.00913151 -0.00228317 0 0 0 0 0 0 1.04167e+10 1.04167e+10 1.04167e+10 
-0.0074191 -0.00230456 -0.00572054 -0.00166165 -0.0071226 -0.000756628 0 0 0 0 0 0 1.04167e+10 1.04167e+10 1.04167e+10 
-0.0074191 -0.00230456 -0.00913151 -0.00228317 -0.00666251 -0.00525871 0 0 0 0 0 0 1.04167e+10 1.04167e+10 1.04167e+10 
-0.0074191 -0.00230456 -0.0071226 -0.000756628 -0.00918359 -0.0011656 0 0 0 0 0 0 1.04167e+10 1.04167e+10 1.04167e+10 
-0.0074191 -0.00230456 -0.00918359 -0.0011656 -0.00913151 -0.00228317 0 0 0 0 0 0 1.04167e+10 1.04167e+10 1.04167e+10 
0.0126686 -0.00940802 0.0110378 -0.0121558 0.0136441 -0.0123367 0 0 0 0 0 0 1.04167e+10 1.04167e+10 1.04167e+10 
0.0126686 -0.00940802 0.0136441 -0.0123367 0.0150528 -0.0103272 0 0 0 0 0 0 1.04167e+10 1.04167e+10 1.04167e+10 
0.0126686 -0.00940802 0.013225 -0.00767918 0.0116433 -0.00821109 0 0 0 0 0 0 1.04167e+10 1.04167e+10 1.04167e+10 
0.0126686 -0.00940802 0.0146592 -0.00873862 0.013225 -0.00767918 0 0 0 0 0 0 1.04167e+10 1.04167e+10 1.04167e+10 
0.0126686 -0.00940802 0.0150528 -0.0103272 0.0146592 -0.00873862 0 0 0 0 0 0 1.04167e+10 1.04167e+10 1.04167e+10 
-0.0129222 0.00320198 -0.0113288 0.00195843 -0.0114954 0.00361887 0 0 0 0 0 0 1.04167e+10 1.04167e+10 1.04167e+10 
-0.0129222 0.00320198 -0.0143135 0.00485254 -0.0138588 0.00222404 0 0 0 0 0 0 1.04167e+10 1.04167e+10 1.04167e+10 
-0.0143899 0.0178296 -0.0128282 0.0169024 -0.0129948 0.0185629 0 0 0 0 0 0 1.04167e+10 1.04167e+10 1.04167e+10 
-0.0143899 0.0178296 -0.0152 0.02 -0.0164892 0.0175984 0 0 0 0 0 0 1.04167e+10 1.04167e+10 1.04167e+10 
-0.0143899 0.0178296 -0.0129948 0.0185629 -0.0152 0.02 0 0 0 0 0 0 1.04167e+10 1.04167e+10 1.04167e+10 
-0.0143899 0.0178296 -0.0164892 0.0175984 -0.0147713 0.0153401 0 0 0 0 0 0 1.04167e+10 1.04167e+10 1.04167e+10 
-0.0143899 0.0178296 -0.0147713 0.0153401 -0.0128282 0.0169024 0 0 0 0 0 0 1.04167e+10 1.04167e+10 1.04167e+10 
-0.00212565 -0.00572143 -0.00405271 -0.00724321 -0.00151891 -0.00728556 0 0 0 0 0 0 1.04167e+10 1.04167e+10 1.04167e+10 
-0.00212565 -0.00572143 -0.00425879 -0.00532772 -0.00405271 -0.00724321 0 0 0 0 0 0 1.04167e+10 1.04167e+10 1.04167e+10 
-0.00212565 -0.00572143 -0.00291641 -0.00347168 -0.00425879 -0.00532772 0 0 0 0 0 0 1.04167e+10 1.04167e+10 1.04167e+10 
-0.00212565 -0.00572143 -0.00151435 -0.0043767 -0.00291641 -0.00347168 0 0 0 0 0 0 1.04167e+10 1.04167e+10 1.04167e+10 
-0.00212565 -0.00572143 -0.000112287 -0.00528172 -0.00151435 -0.0043767 0 0 0 0 0 0 1.04167e+10 1.04167e+10 1.04167e+10 
0.00868739 -0.0107468 0.00906305 -0.0126485 0.0110378 -0.0121558 0 0 0 0 0 0 1.04167e+10 1.04167e+10 1.04167e+10 
0.00868739 -0.0107468 0.00669678 -0.0114162 0.00906305 -0.0126485 0 0 0 0 0 0 1.04167e+10 1.04167e+10 1.04167e+10 
0.00868739 -0.0107468 0.00847977 -0.0092749 0.00689803 -0.00980681 0 0 0 0 0 0 1.04167e+10 1.04167e+10 1.04167e+10 
0.00868739 -0.0107468 0.00689803 -0.00980681 0.00669678 -0.0114162 0 0 0 0 0 0 1.04167e+10 1.04167e+10 1.04167e+10 
-0.000361162 -0.00686039 -0.00151891 -0.00728556 0.000504647 -0.0101916 0 0 0 0 0 0 1.04167e+10 1.04167e+10 1.04167e+10 
-0.000361162 -0.00686039 0.00128978 -0.00618674 -0.000112287 -0.00528172 0 0 0 0 0 0 1.04167e+10 1.04167e+10 1.04167e+10 
-0.000361162 -0.00686039 -0.00212565 -0.00572143 -0.00151891 -0.00728556 0 0 0 0 0 0 1.04167e+10 1.04167e+10 1.04167e+10 
-0.000361162 -0.00686039 -0.000112287 -0.00528172 -0.00212565 -0.00572143 0 0 0 0 0 0 1.04167e+10 1.04167e+10 1.04167e+10 
-0.0127126 0.00111232 -0.0138588 0.00222404 -0.0148418 0.000132241 0 0 0 0 0 0 1.04167e+10 1.04167e+10 1.04167e+10 
-0.0127126 0.00111232 -0.0148418 0.000132241 -0.0136577 -0.00216959 0 0 0 0 0 0 1.04167e+10 1.04167e+10 1.04167e+10 
-0.0127126 0.00111232 -0.0113288 0.00195843 -0.0129222 0.00320198 0 0 0 0 0 0 1.04167e+10 1.04167e+10 1.04167e+10 
-0.0127126 0.00111232 -0.0129222 0.00320198 -0.0138588 0.00222404 0 0 0 0 0 0 1.04167e+10 1.04167e+10 1.04167e+10 
0.010678 -0.0100774 0.0116433 -0.00821109 0.0100615 -0.00874299 0 0 0 0 0 0 1.04167e+10 1.04167e+10 1.04167e+10 
0.010678 -0.0100774 0.0126686 -0.00940802 0.0116433 -0.00821109 0 0 0 0 0 0 1.04167e+10 1.04167e+10 1.04167e+10 
0.010678 -0.0100774 0.0110378 -0.0121558 0.0126686 -0.00940802 0 0 0 0 0 0 1.04167e+10 1.04167e+10 1.04167e+10 
0.010678 -0.0100774 0.0100615 -0.00874299 0.00847977 -0.0092749 0 0 0 0 0 0 1.04167e+10 1.04167e+10 1.04167e+10 
0.010678 -0.0100774 0.00847977 -0.0092749 0.00868739 -0.0107468 0 0 0 0 0 0 1.04167e+10 1.04167e+10 1.04167e+10 
0.010678 -0.0100774 0.00868739 -0.0107468 0.0110378 -0.0121558 0 0 0 0 0 0 1.04167e+10 1.04167e+10 1.04167e+10 
-0.0135512 0.00947095 -0.0140046 0.00766116 -0.0119952 0.00860021 0 0 0 0 0 0 1.04167e+10 1.04167e+10 1.04167e+10 
-0.0135512 0.00947095 -0.0147194 0.00981474 -0.0140046 0.00766116 0 0 0 0 0 0 1.04167e+10 1.04167e+10 1.04167e+10 
-0.0135512 0.00947095 -0.0119952 0.00860021 -0.0121618 0.0102607 0 0 0 0 0 0 1.04167e+10 1.04167e+10 1.04167e+10 
0.00140332 -0.00799935 -0.000361162 -0.00686039 0.000504647 -0.0101916 0 0 0 0 0 0 1.04167e+10 1.04167e+10 1.04167e+10 
0.00140332 -0.00799935 0.00269184 -0.00709175 0.00128978 -0.00618674 0 0 0 0 0 0 1.04167e+10 1.04167e+10 1.04167e+10 
0.00140332 -0.00799935 0.00128978 -0.00618674 -0.000361162 -0.00686039 0 0 0 0 0 0 1.04167e+10 1.04167e+10 1.04167e+10 
0.00316781 -0.00913831 0.000504647 -0.0101916 0.00315025 -0.0101685 0 0 0 0 0 0 1.04167e+10 1.04167e+10 1.04167e+10 
0.00316781 -0.00913831 0.00140332 -0.00799935 0.000504647 -0.0101916 0 0 0 0 0 0 1.04167e+10 1.04167e+10 1.04167e+10 
0.00316781 -0.00913831 0.00315025 -0.0101685 0.00493229 -0.0102773 0 0 0 0 0 0 1.04167e+10 1.04167e+10 1.04167e+10 
0.00316781 -0.00913831 0.0040939 -0.00799677 0.00269184 -0.00709175 0 0 0 0 0 0 1.04167e+10 1.04167e+10 1.04167e+10 
0.00316781 -0.00913831 0.00269184 -0.00709175 0.00140332 -0.00799935 0 0 0 0 0 0 1.04167e+10 1.04167e+10 1.04167e+10 
0.00316781 -0.00913831 0.00549597 -0.00890179 0.0040939 -0.00799677 0 0 0 0 0 0 1.04167e+10 1.04167e+10 1.04167e+10 
0.00316781 -0.00913831 0.00493229 -0.0102773 0.00549597 -0.00890179 0 0 0 0 0 0 1.04167e+10 1.04167e+10 1.04167e+10 
-0.0131319 0.00529163 -0.0118286 0.00693977 -0.0140046 0.00766116 0 0 0 0 0 0 1.04167e+10 1.04167e+10 1.04167e+10 
-0.0131319 0.00529163 -0.0140046 0.00766116 -0.0143135 0.00485254 0 0 0 0 0 0 1.04167e+10 1.04167e+10 1.04167e+10 
-0.0131319 0.00529163 -0.011662 0.00527932 -0.0118286 0.00693977 0 0 0 0 0 0 1.04167e+10 1.04167e+10 1.04167e+10 
-0.0131319 0.00529163 -0.0143135 0.00485254 -0.0129222 0.00320198 0 0 0 0 0 0 1.04167e+10 1.04167e+10 1.04167e+10 
-0.0131319 0.00529163 -0.0114954 0.00361887 -0.011662 0.00527932 0 0 0 0 0 0 1.04167e+10 1.04167e+10 1.04167e+10 
-0.0131319 0.00529163 -0.0129222 0.00320198 -0.0114954 0.00361887 0 0 0 0 0 0 1.04167e+10 1.04167e+10 1.04167e+10 
-0.00565462 -0.00344352 -0.00431848 -0.00256666 -0.00572054 -0.00166165 0 0 0 0 0 0 1.04167e+10 1.04167e+10 1.04167e+10 
-0.00565462 -0.00344352 -0.00425879 -0.00532772 -0.00431848 -0.00256666 0 0 0 0 0 0 1.04167e+10 1.04167e+10 1.04167e+10 
-0.00565462 -0.00344352 -0.00666251 -0.00525871 -0.00425879 -0.00532772 0 0 0 0 0 0 1.04167e+10 1.04167e+10 1.04167e+10 
-0.00565462 -0.00344352 -0.00572054 -0.00166165 -0.0074191 -0.00230456 0 0 0 0 0 0 1.04167e+10 1.04167e+10 1.04167e+10 
-0.00565462 -0.00344352 -0.0074191 -0.00230456 -0.00666251 -0.00525871 0 0 0 0 0 0 1.04167e+10 1.04167e+10 1.04167e+10 
-0.0137609 0.0115606 -0.0159771 0.0127401 -0.0147194 0.00981474 0 0 0 0 0 0 1.04167e+10 1.04167e+10 1.04167e+10 
-0.0137609 0.0115606 -0.0123284 0.0119211 -0.012495 0.0135816 0 0 0 0 0 0 1.04167e+10 1.04167e+10 1.04167e+10 
-0.0137609 0.0115606 -0.0147194 0.00981474 -0.0135512 0.00947095 0 0 0 0 0 0 1.04167e+10 1.04167e+10 1.04167e+10 
-0.0137609 0.0115606 -0.0121618 0.0102607 -0.0123284 0.0119211 0 0 0 0 0 0 1.04167e+10 1.04167e+10 1.04167e+10 
-0.0137609 0.0115606 -0.0135512 0.00947095 -0.0121618 0.0102607 0 0 0 0 0 0 1.04167e+10 1.04167e+10 1.04167e+10 
-0.0109481 -2.66413e-05 -0.00918359 -0.0011656 -0.00992673 0.00105341 0 0 0 0 0 0 1.04167e+10 1.04167e+10 1.04167e+10 
-0.0109481 -2.66413e-05 -0.0110082 -0.0023872 -0.00918359 -0.0011656 0 0 0 0 0 0 1.04167e+10 1.04167e+10 1.04167e+10 
-0.0109481 -2.66413e-05 -0.00992673 0.00105341 -0.0113288 0.00195843 0 0 0 0 0 0 1.04167e+10 1.04167e+10 1.04167e+10 
-0.0109481 -2.66413e-05 -0.0113288 0.00195843 -0.0127126 0.00111232 0 0 0 0 0 0 1.04167e+10 1.04167e+10 1.04167e+10 
-0.0109481 -2.66413e-05 -0.0136577 -0.00216959 -0.0110082 -0.0023872 0 0 0 0 0 0 1.04167e+10 1.04167e+10 1.04167e+10 
-0.0109481 -2.66413e-05 -0.0127126 0.00111232 -0.0136577 -0.00216959 0 0 0 0 0 0 1.04167e+10 1.04167e+10 1.04167e+10 
-0.0139706 0.0136503 -0.012495 0.0135816 -0.0126616 0.015242 0 0 0 0 0 0 1.04167e+10 1.04167e+10 1.04167e+10 
-0.0139706 0.0136503 -0.0126616 0.015242 -0.0147713 0.0153401 0 0 0 0 0 0 1.04167e+10 1.04167e+10 1.04167e+10 
-0.0139706 0.0136503 -0.0147713 0.0153401 -0.0159771 0.0127401 0 0 0 0 0 0 1.04167e+10 1.04167e+10 1.04167e+10 
-0.0139706 0.0136503 -0.0159771 0.0127401 -0.0137609 0.0115606 0 0 0 0 0 0 1.04167e+10 1.04167e+10 1.04167e+10 
-0.0139706 0.0136503 -0.0137609 0.0115606 -0.012495 0.0135816 0 0 0 0 0 0 1.04167e+10 1.04167e+10 1.04167e+10 
