TRIANGLES
744
3
3
-0.00629121 0.00368961 -0.00732367 0.00274627 -0.00634311 0.000924598 0 0 0 0 0 0 2.08333e+10 2.08333e+10 2.08333e+10 
-0.00629121 0.00368961 -0.00794413 0.0060274 -0.00732367 0.00274627 0 0 0 0 0 0 2.08333e+10 2.08333e+10 2.08333e+10 
0.01128 -0.00965885 0.00932402 -0.0103109 0.01 -0.0116667 0 0 0 0 0 0 2.60417e+10 2.60417e+10 2.60417e+10 
-0.0090852 0.000895668 -0.00636907 -0.000457908 -0.00634311 0.000924598 0 0 0 0 0 0 2.08333e+10 2.08333e+10 2.08333e+10 
-0.0090852 0.000895668 -0.00634311 0.000924598 -0.00732367 0.00274627 0 0 0 0 0 0 2.08333e+10 2.08333e+10 2.08333e+10 
-0.00375 0.00321147 -0.00629121 0.00368961 -0.00634311 0.000924598 0 0 0 0 0 0 2.08333e+10 2.08333e+10 2.08333e+10 
-0.0174763 -0.00525843 -0.02 -0.0056 -0.0183008 -0.00711937 0 0 0 0 0 0 1.04167e+10 1.04167e+10 1.04167e+10 
-0.00833277 -0.00241506 -0.00559673 -0.00365398 -0.00636907 -0.000457908 0 0 0 0 0 0 2.08333e+10 2.08333e+10 2.08333e+10 
-0.00833277 -0.00241506 -0.00636907 -0.000457908 -0.0090852 0.000895668 0 0 0 0 0 0 2.08333e+10 2.08333e+10 2.08333e+10 
-0.00833277 -0.00241506 -0.0090852 0.000895668 -0.0107333 -0.00200507 0 0 0 0 0 0 2.08333e+10 2.08333e+10 2.08333e+10 
-0.00632077 -0.0115377 -0.00833333 -0.0125 -0.00666667 -0.013 0 0 0 0 0 0 2.08333e+10 2.08333e+10 2.08333e+10 
-0.00632077 -0.0115377 -0.00873116 -0.0108146 -0.00833333 -0.0125 0 0 0 0 0 0 2.08333e+10 2.08333e+10 2.08333e+10 
-0.0015 0.00428459 -0.00375 0.00321147 -0.0015 0.00212602 0 0 0 0 0 0 2.08333e+10 2.08333e+10 2.08333e+10 
-0.018698 -0.00227487 -0.02 -0.0008 -0.02 -0.0024 0 0 0 0 0 0 1.04167e+10 1.04167e+10 1.04167e+10 
0.0184698 0.00712598 0.0182479 0.00968157 0.0163703 0.00728904 0 0 0 0 0 0 1.04167e+10 1.04167e+10 1.04167e+10 
0.00833333 -0.0122222 0.01 -0.0116667 0.00932402 -0.0103109 0 0 0 0 0 0 2.60417e+10 2.60417e+10 2.60417e+10 
-0.0152 -0.02 -0.0136 -0.02 -0.0133648 -0.0177646 0 0 0 0 0 0 1.04167e+10 1.04167e+10 1.04167e+10 
-0.0174726 0.000116438 -0.02 -0.0008 -0.018698 -0.00227487 0 0 0 0 0 0 1.04167e+10 1.04167e+10 1.04167e+10 
-0.02 0.0136 -0.02 0.012 -0.0188031 0.0120672 0 0 0 0 0 0 1.04167e+10 1.04167e+10 1.04167e+10 
-0.00375 -0.00666705 -0.00559673 -0.00365398 -0.00546231 -0.00709712 0 0 0 0 0 0 2.08333e+10 2.08333e+10 2.08333e+10 
-0.00375 -0.00337421 -0.00636907 -0.000457908 -0.00559673 -0.00365398 0 0 0 0 0 0 2.08333e+10 2.08333e+10 2.08333e+10 
-0.00375 -0.00337421 -0.00375 -0.00666705 -0.0015 -0.00434968 0 0 0 0 0 0 2.08333e+10 2.08333e+10 2.08333e+10 
-0.00375 -0.00337421 -0.00559673 -0.00365398 -0.00375 -0.00666705 0 0 0 0 0 0 2.08333e+10 2.08333e+10 2.08333e+10 
-0.0188003 0.00267149 -0.0174726 0.000116438 -0.0160728 0.00262044 0 0 0 0 0 0 1.04167e+10 1.04167e+10 1.04167e+10 
-0.0117344 0.0023997 -0.0135714 0.00371429 -0.0132143 0.00214286 0 0 0 0 0 0 2.08333e+10 2.08333e+10 2.08333e+10 
-0.00483305 0.0152886 -0.005 0.0133333 -0.00333333 0.0138889 0 0 0 0 0 0 1.04167e+10 1.04167e+10 1.04167e+10 
0.0136 -0.02 0.0152 -0.02 0.0134511 -0.0178423 0 0 0 0 0 0 1.04167e+10 1.04167e+10 1.04167e+10 
-0.0102328 -0.00420745 -0.00833277 -0.00241506 -0.0107333 -0.00200507 0 0 0 0 0 0 2.08333e+10 2.08333e+10 2.08333e+10 
0.0125186 -0.01542 0.0134511 -0.0178423 0.015363 -0.0153823 0 0 0 0 0 0 1.04167e+10 1.04167e+10 1.04167e+10 
0.0125186 -0.01542 0.015363 -0.0153823 0.0136441 -0.0123367 0 0 0 0 0 0 1.04167e+10 1.04167e+10 1.04167e+10 
0.0151878 0.0152435 0.0159417 0.0125784 0.0180102 0.0152941 0 0 0 0 0 0 1.04167e+10 1.04167e+10 1.04167e+10 
-0.0121429 -0.00257143 -0.0107333 -0.00200507 -0.0125 -0.001 0 0 0 0 0 0 2.08333e+10 2.08333e+10 2.08333e+10 
-0.000829299 -0.0171358 -0.0024 -0.02 -0.0008 -0.02 0 0 0 0 0 0 1.04167e+10 1.04167e+10 1.04167e+10 
-0.0171529 -0.00962903 -0.0183008 -0.00711937 -0.02 -0.0088 0 0 0 0 0 0 1.04167e+10 1.04167e+10 1.04167e+10 
-0.0171529 -0.00962903 -0.02 -0.0088 -0.02 -0.0104 0 0 0 0 0 0 1.04167e+10 1.04167e+10 1.04167e+10 
0.0164481 0.0173355 0.0151878 0.0152435 0.0180102 0.0152941 0 0 0 0 0 0 1.04167e+10 1.04167e+10 1.04167e+10 
-0.0159773 -0.0172389 -0.0168 -0.02 -0.0152 -0.02 0 0 0 0 0 0 1.04167e+10 1.04167e+10 1.04167e+10 
-0.0159773 -0.0172389 -0.0152 -0.02 -0.0133648 -0.0177646 0 0 0 0 0 0 1.04167e+10 1.04167e+10 1.04167e+10 
0.00579699 0.00411585 0.00375 0.00337421 0.00636907 0.000457908 0 0 0 0 0 0 2.60417e+10 2.60417e+10 2.60417e+10 
0.00579699 0.00411585 0.00375 0.00666705 0.00375 0.00337421 0 0 0 0 0 0 2.60417e+10 2.60417e+10 2.60417e+10 
-0.02 0.004 -0.02 0.0024 -0.0188003 0.00267149 0 0 0 0 0 0 1.04167e+10 1.04167e+10 1.04167e+10 
-0.006 0.00667544 -0.00794413 0.0060274 -0.00629121 0.00368961 0 0 0 0 0 0 2.08333e+10 2.08333e+10 2.08333e+10 
0.0180066 -0.000401744 0.0155856 -0.000277764 0.0164505 -0.00266024 0 0 0 0 0 0 1.04167e+10 1.04167e+10 1.04167e+10 
0.0180066 -0.000401744 0.02 0.0008 0.0186259 0.00222853 0 0 0 0 0 0 1.04167e+10 1.04167e+10 1.04167e+10 
0 0.00333333 -0.0015 0.00428459 -0.0015 0.00212602 0 0 0 0 0 0 2.08333e+10 2.08333e+10 2.08333e+10 
0 0.00333333 -0.0015 0.00212602 0 0.00166667 0 0 0 0 0 0 2.08333e+10 2.08333e+10 2.08333e+10 
0 0.00333333 0 0.00166667 0.0015 0.00219111 0 0 0 0 0 0 2.60417e+10 2.60417e+10 2.60417e+10 
-0.00682789 -0.00903652 -0.00873116 -0.0108146 -0.00632077 -0.0115377 0 0 0 0 0 0 2.08333e+10 2.08333e+10 2.08333e+10 
-0.00682789 -0.00903652 -0.0092317 -0.00861222 -0.00873116 -0.0108146 0 0 0 0 0 0 2.08333e+10 2.08333e+10 2.08333e+10 
-0.00375 -0.00995989 -0.00375 -0.00666705 -0.00546231 -0.00709712 0 0 0 0 0 0 2.08333e+10 2.08333e+10 2.08333e+10 
-0.00375 -0.00995989 -0.0015 -0.00866682 -0.00375 -0.00666705 0 0 0 0 0 0 2.08333e+10 2.08333e+10 2.08333e+10 
-0.00375 -0.00995989 -0.00682789 -0.00903652 -0.00632077 -0.0115377 0 0 0 0 0 0 2.08333e+10 2.08333e+10 2.08333e+10 
-0.00375 -0.00995989 -0.0015 -0.0108254 -0.0015 -0.00866682 0 0 0 0 0 0 2.08333e+10 2.08333e+10 2.08333e+10 
-0.00375 -0.00995989 -0.00546231 -0.00709712 -0.00682789 -0.00903652 0 0 0 0 0 0 2.08333e+10 2.08333e+10 2.08333e+10 
0.0072 -0.02 0.0088 -0.02 0.00845758 -0.0172338 0 0 0 0 0 0 1.04167e+10 1.04167e+10 1.04167e+10 
-0.00391039 -0.0122608 -0.00375 -0.00995989 -0.00632077 -0.0115377 0 0 0 0 0 0 2.08333e+10 2.08333e+10 2.08333e+10 
-0.00391039 -0.0122608 -0.0015 -0.0108254 -0.00375 -0.00995989 0 0 0 0 0 0 2.08333e+10 2.08333e+10 2.08333e+10 
-0.0188929 0.0172559 -0.02 0.0184 -0.02 0.0168 0 0 0 0 0 0 1.04167e+10 1.04167e+10 1.04167e+10 
-0.0188929 0.0172559 -0.02 0.0168 -0.02 0.0152 0 0 0 0 0 0 1.04167e+10 1.04167e+10 1.04167e+10 
0.00166667 0.0145 0 0.015 0 0.0133333 0 0 0 0 0 0 2.60417e+10 2.60417e+10 2.60417e+10 
-0.0110714 -0.00728571 -0.0092317 -0.00861222 -0.00973224 -0.00640984 0 0 0 0 0 0 2.08333e+10 2.08333e+10 2.08333e+10 
0.02 -0.0088 0.017896 -0.00977208 0.02 -0.0104 0 0 0 0 0 0 1.04167e+10 1.04167e+10 1.04167e+10 
0.0015 0.00866682 0.0015 0.00650825 0.00375 0.00666705 0 0 0 0 0 0 2.60417e+10 2.60417e+10 2.60417e+10 
0.0015 0.00866682 0.0015 0.0108254 0 0.01 0 0 0 0 0 0 2.60417e+10 2.60417e+10 2.60417e+10 
0.0139431 0.0124497 0.0159417 0.0125784 0.0151878 0.0152435 0 0 0 0 0 0 1.04167e+10 1.04167e+10 1.04167e+10 
0.0139431 0.0124497 0.0151878 0.0152435 0.0130393 0.0145943 0 0 0 0 0 0 1.04167e+10 1.04167e+10 1.04167e+10 
-0.0184 0.02 -0.02 0.02 -0.02 0.0184 0 0 0 0 0 0 1.04167e+10 1.04167e+10 1.04167e+10 
-0.0184 0.02 -0.02 0.0184 -0.0188929 0.0172559 0 0 0 0 0 0 1.04167e+10 1.04167e+10 1.04167e+10 
0.0168 0.02 0.0152 0.02 0.0164481 0.0173355 0 0 0 0 0 0 1.04167e+10 1.04167e+10 1.04167e+10 
0.0092317 0.00861222 0.00973224 0.00640984 0.0110714 0.00728571 0 0 0 0 0 0 2.60417e+10 2.60417e+10 2.60417e+10 
0.0092317 0.00861222 0.00873116 0.0108146 0.00682789 0.00903652 0 0 0 0 0 0 2.60417e+10 2.60417e+10 2.60417e+10 
0.0092317 0.00861222 0.00758033 0.00572579 0.00973224 0.00640984 0 0 0 0 0 0 2.60417e+10 2.60417e+10 2.60417e+10 
0.0092317 0.00861222 0.00682789 0.00903652 0.00758033 0.00572579 0 0 0 0 0 0 2.60417e+10 2.60417e+10 2.60417e+10 
-0.0103571 -0.0104286 -0.00873116 -0.0108146 -0.0092317 -0.00861222 0 0 0 0 0 0 2.08333e+10 2.08333e+10 2.08333e+10 
-0.02 0.0104 -0.0188031 0.0120672 -0.02 0.012 0 0 0 0 0 0 1.04167e+10 1.04167e+10 1.04167e+10 
-0.00375 -8.13661e-05 -0.00634311 0.000924598 -0.00636907 -0.000457908 0 0 0 0 0 0 2.08333e+10 2.08333e+10 2.08333e+10 
-0.00375 -8.13661e-05 -0.00375 0.00321147 -0.00634311 0.000924598 0 0 0 0 0 0 2.08333e+10 2.08333e+10 2.08333e+10 
-0.00375 -8.13661e-05 -0.0015 0.00212602 -0.00375 0.00321147 0 0 0 0 0 0 2.08333e+10 2.08333e+10 2.08333e+10 
-0.00375 -8.13661e-05 -0.00636907 -0.000457908 -0.00375 -0.00337421 0 0 0 0 0 0 2.08333e+10 2.08333e+10 2.08333e+10 
0.0136825 0.00763898 0.0151049 0.00480217 0.0163703 0.00728904 0 0 0 0 0 0 1.04167e+10 1.04167e+10 1.04167e+10 
0.0024 0.02 0.0008 0.02 0.00132347 0.0170753 0 0 0 0 0 0 1.04167e+10 1.04167e+10 1.04167e+10 
0.0024 0.02 0.00132347 0.0170753 0.00367019 0.0173969 0 0 0 0 0 0 1.04167e+10 1.04167e+10 1.04167e+10 
0.0024 0.02 0.00367019 0.0173969 0.004 0.02 0 0 0 0 0 0 1.04167e+10 1.04167e+10 1.04167e+10 
0.0187863 -0.0172033 0.02 -0.0152 0.017671 -0.0145882 0 0 0 0 0 0 1.04167e+10 1.04167e+10 1.04167e+10 
-0.005 -0.0135 -0.00632077 -0.0115377 -0.00666667 -0.013 0 0 0 0 0 0 2.08333e+10 2.08333e+10 2.08333e+10 
-0.005 -0.0135 -0.00391039 -0.0122608 -0.00632077 -0.0115377 0 0 0 0 0 0 2.08333e+10 2.08333e+10 2.08333e+10 
-0.005 -0.0135 -0.00333333 -0.014 -0.00391039 -0.0122608 0 0 0 0 0 0 2.08333e+10 2.08333e+10 2.08333e+10 
-0.0164292 -0.0124652 -0.0146889 -0.00972458 -0.0171529 -0.00962903 0 0 0 0 0 0 1.04167e+10 1.04167e+10 1.04167e+10 
-0.01 -0.012 -0.00833333 -0.0125 -0.00873116 -0.0108146 0 0 0 0 0 0 2.08333e+10 2.08333e+10 2.08333e+10 
-0.01 -0.012 -0.00873116 -0.0108146 -0.0103571 -0.0104286 0 0 0 0 0 0 2.08333e+10 2.08333e+10 2.08333e+10 
0.0015 -0.00212602 0 -0.00333333 0.0015 -0.00428459 0 0 0 0 0 0 2.60417e+10 2.60417e+10 2.60417e+10 
0.0015 -0.00212602 0 -0.00166667 0 -0.00333333 0 0 0 0 0 0 2.60417e+10 2.60417e+10 2.60417e+10 
0.00375 8.13661e-05 0.00636907 0.000457908 0.00375 0.00337421 0 0 0 0 0 0 2.60417e+10 2.60417e+10 2.60417e+10 
0.00375 8.13661e-05 0.00375 0.00337421 0.0015 0.00219111 0 0 0 0 0 0 2.60417e+10 2.60417e+10 2.60417e+10 
0.00375 8.13661e-05 0.00634311 -0.000924598 0.00636907 0.000457908 0 0 0 0 0 0 2.60417e+10 2.60417e+10 2.60417e+10 
0.0146429 -0.00842857 0.0142857 -0.00685714 0.013236 -0.00900685 0 0 0 0 0 0 2.60417e+10 2.60417e+10 2.60417e+10 
0.0146429 -0.00842857 0.013236 -0.00900685 0.015 -0.01 0 0 0 0 0 0 2.60417e+10 2.60417e+10 2.60417e+10 
0.0189027 0.0170678 0.0164481 0.0173355 0.0180102 0.0152941 0 0 0 0 0 0 1.04167e+10 1.04167e+10 1.04167e+10 
0.0158242 0.00985846 0.0163703 0.00728904 0.0182479 0.00968157 0 0 0 0 0 0 1.04167e+10 1.04167e+10 1.04167e+10 
0.0158242 0.00985846 0.0182479 0.00968157 0.0159417 0.0125784 0 0 0 0 0 0 1.04167e+10 1.04167e+10 1.04167e+10 
0.0158242 0.00985846 0.0136825 0.00763898 0.0163703 0.00728904 0 0 0 0 0 0 1.04167e+10 1.04167e+10 1.04167e+10 
0.0158242 0.00985846 0.0159417 0.0125784 0.0139431 0.0124497 0 0 0 0 0 0 1.04167e+10 1.04167e+10 1.04167e+10 
0.02 0.0088 0.0182479 0.00968157 0.0184698 0.00712598 0 0 0 0 0 0 1.04167e+10 1.04167e+10 1.04167e+10 
-0.00983764 0.0042064 -0.00732367 0.00274627 -0.00794413 0.0060274 0 0 0 0 0 0 2.08333e+10 2.08333e+10 2.08333e+10 
-0.00983764 0.0042064 -0.0090852 0.000895668 -0.00732367 0.00274627 0 0 0 0 0 0 2.08333e+10 2.08333e+10 2.08333e+10 
-0.00983764 0.0042064 -0.0117344 0.0023997 -0.0090852 0.000895668 0 0 0 0 0 0 2.08333e+10 2.08333e+10 2.08333e+10 
-0.00983764 0.0042064 -0.00794413 0.0060274 -0.0105901 0.00751713 0 0 0 0 0 0 2.08333e+10 2.08333e+10 2.08333e+10 
-0.0114286 -0.00571429 -0.00973224 -0.00640984 -0.0102328 -0.00420745 0 0 0 0 0 0 2.08333e+10 2.08333e+10 2.08333e+10 
-0.0114286 -0.00571429 -0.0110714 -0.00728571 -0.00973224 -0.00640984 0 0 0 0 0 0 2.08333e+10 2.08333e+10 2.08333e+10 
-0.02 -0.004 -0.018698 -0.00227487 -0.02 -0.0024 0 0 0 0 0 0 1.04167e+10 1.04167e+10 1.04167e+10 
-0.02 -0.004 -0.02 -0.0056 -0.0174763 -0.00525843 0 0 0 0 0 0 1.04167e+10 1.04167e+10 1.04167e+10 
-0.02 -0.004 -0.0174763 -0.00525843 -0.018698 -0.00227487 0 0 0 0 0 0 1.04167e+10 1.04167e+10 1.04167e+10 
0.00632077 0.0115377 0.00666667 0.013 0.005 0.0135 0 0 0 0 0 0 2.60417e+10 2.60417e+10 2.60417e+10 
0.00632077 0.0115377 0.005 0.0135 0.00391039 0.0122608 0 0 0 0 0 0 2.60417e+10 2.60417e+10 2.60417e+10 
0.00632077 0.0115377 0.00682789 0.00903652 0.00873116 0.0108146 0 0 0 0 0 0 2.60417e+10 2.60417e+10 2.60417e+10 
0.0102328 0.00420745 0.00973224 0.00640984 0.00758033 0.00572579 0 0 0 0 0 0 2.60417e+10 2.60417e+10 2.60417e+10 
0.00375 -0.00979715 0.0015 -0.00860173 0.0015 -0.0107603 0 0 0 0 0 0 2.60417e+10 2.60417e+10 2.60417e+10 
0.00375 -0.00979715 0.00541201 -0.0116149 0.00717004 -0.00865714 0 0 0 0 0 0 2.60417e+10 2.60417e+10 2.60417e+10 
0.00585176 -0.017725 0.0072 -0.02 0.00845758 -0.0172338 0 0 0 0 0 0 1.04167e+10 1.04167e+10 1.04167e+10 
0.00585176 -0.017725 0.0056 -0.02 0.0072 -0.02 0 0 0 0 0 0 1.04167e+10 1.04167e+10 1.04167e+10 
0.0105901 -0.00751713 0.01128 -0.00965885 0.013236 -0.00900685 0 0 0 0 0 0 2.60417e+10 2.60417e+10 2.60417e+10 
0.0105901 -0.00751713 0.00932402 -0.0103109 0.01128 -0.00965885 0 0 0 0 0 0 2.60417e+10 2.60417e+10 2.60417e+10 
0.0105901 -0.00751713 0.00717004 -0.00865714 0.00932402 -0.0103109 0 0 0 0 0 0 2.60417e+10 2.60417e+10 2.60417e+10 
-0.0107143 -0.00885714 -0.0092317 -0.00861222 -0.0110714 -0.00728571 0 0 0 0 0 0 2.08333e+10 2.08333e+10 2.08333e+10 
-0.0107143 -0.00885714 -0.0103571 -0.0104286 -0.0092317 -0.00861222 0 0 0 0 0 0 2.08333e+10 2.08333e+10 2.08333e+10 
0.02 -0.0008 0.02 0.0008 0.0180066 -0.000401744 0 0 0 0 0 0 1.04167e+10 1.04167e+10 1.04167e+10 
-0.0056 0.02 -0.0072 0.02 -0.0063863 0.0174423 0 0 0 0 0 0 1.04167e+10 1.04167e+10 1.04167e+10 
-0.0128571 0.000571429 -0.0117344 0.0023997 -0.0132143 0.00214286 0 0 0 0 0 0 2.08333e+10 2.08333e+10 2.08333e+10 
-0.02 -0.0152 -0.0170014 -0.0151785 -0.02 -0.0136 0 0 0 0 0 0 1.04167e+10 1.04167e+10 1.04167e+10 
-0.00932402 0.0103109 -0.00736802 0.0109629 -0.00833333 0.0122222 0 0 0 0 0 0 2.08333e+10 2.08333e+10 2.08333e+10 
-0.00166667 0.0144444 0 0.0133333 0 0.015 0 0 0 0 0 0 2.08333e+10 2.08333e+10 2.08333e+10 
-0.02 0.0008 -0.02 -0.0008 -0.0174726 0.000116438 0 0 0 0 0 0 1.04167e+10 1.04167e+10 1.04167e+10 
-0.02 0.0008 -0.0174726 0.000116438 -0.0188003 0.00267149 0 0 0 0 0 0 1.04167e+10 1.04167e+10 1.04167e+10 
-0.02 0.0008 -0.0188003 0.00267149 -0.02 0.0024 0 0 0 0 0 0 1.04167e+10 1.04167e+10 1.04167e+10 
-0.00666667 0.0127778 -0.00833333 0.0122222 -0.00736802 0.0109629 0 0 0 0 0 0 2.08333e+10 2.08333e+10 2.08333e+10 
-0.0113692 -0.0172653 -0.0121056 -0.0145863 -0.0133648 -0.0177646 0 0 0 0 0 0 1.04167e+10 1.04167e+10 1.04167e+10 
-0.0121205 0.0147111 -0.0140665 0.0176528 -0.0147713 0.0153401 0 0 0 0 0 0 1.04167e+10 1.04167e+10 1.04167e+10 
-0.0056 -0.02 -0.00624478 -0.0173872 -0.0072 -0.02 0 0 0 0 0 0 1.04167e+10 1.04167e+10 1.04167e+10 
0.02 0.0104 0.0182479 0.00968157 0.02 0.0088 0 0 0 0 0 0 1.04167e+10 1.04167e+10 1.04167e+10 
0.0139377 0.0177711 0.0130393 0.0145943 0.0151878 0.0152435 0 0 0 0 0 0 1.04167e+10 1.04167e+10 1.04167e+10 
0.0139377 0.0177711 0.0113208 0.0178671 0.0130393 0.0145943 0 0 0 0 0 0 1.04167e+10 1.04167e+10 1.04167e+10 
0.0139377 0.0177711 0.0151878 0.0152435 0.0164481 0.0173355 0 0 0 0 0 0 1.04167e+10 1.04167e+10 1.04167e+10 
0.0139377 0.0177711 0.0164481 0.0173355 0.0152 0.02 0 0 0 0 0 0 1.04167e+10 1.04167e+10 1.04167e+10 
0.0116667 -0.0111111 0.01128 -0.00965885 0.01 -0.0116667 0 0 0 0 0 0 2.60417e+10 2.60417e+10 2.60417e+10 
-0.00699594 0.0150842 -0.00483305 0.0152886 -0.0063863 0.0174423 0 0 0 0 0 0 1.04167e+10 1.04167e+10 1.04167e+10 
-0.00699594 0.0150842 -0.005 0.0133333 -0.00483305 0.0152886 0 0 0 0 0 0 1.04167e+10 1.04167e+10 1.04167e+10 
-0.00699594 0.0150842 -0.00666667 0.0127778 -0.005 0.0133333 0 0 0 0 0 0 1.04167e+10 1.04167e+10 1.04167e+10 
0.0189126 -0.0121862 0.02 -0.012 0.02 -0.0104 0 0 0 0 0 0 1.04167e+10 1.04167e+10 1.04167e+10 
0.0189126 -0.0121862 0.02 -0.0104 0.017896 -0.00977208 0 0 0 0 0 0 1.04167e+10 1.04167e+10 1.04167e+10 
0 -0.005 0 -0.00333333 -0.0015 -0.00434968 0 0 0 0 0 0 2.08333e+10 2.08333e+10 2.08333e+10 
0 -0.005 0.0015 -0.00428459 0 -0.00333333 0 0 0 0 0 0 2.60417e+10 2.60417e+10 2.60417e+10 
-0.0015 -3.25464e-05 0 0 0 0.00166667 0 0 0 0 0 0 2.08333e+10 2.08333e+10 2.08333e+10 
-0.0015 -3.25464e-05 0 0.00166667 -0.0015 0.00212602 0 0 0 0 0 0 2.08333e+10 2.08333e+10 2.08333e+10 
-0.0015 -3.25464e-05 -0.0015 0.00212602 -0.00375 -8.13661e-05 0 0 0 0 0 0 2.08333e+10 2.08333e+10 2.08333e+10 
-0.0015 -3.25464e-05 0 -0.00166667 0 0 0 0 0 0 0 0 2.08333e+10 2.08333e+10 2.08333e+10 
0.00375 -0.00650431 0.0015 -0.00860173 0.00375 -0.00979715 0 0 0 0 0 0 2.60417e+10 2.60417e+10 2.60417e+10 
0.0167116 -0.0177465 0.0152 -0.02 0.0168 -0.02 0 0 0 0 0 0 1.04167e+10 1.04167e+10 1.04167e+10 
0.0167116 -0.0177465 0.0134511 -0.0178423 0.0152 -0.02 0 0 0 0 0 0 1.04167e+10 1.04167e+10 1.04167e+10 
0.0167116 -0.0177465 0.015363 -0.0153823 0.0134511 -0.0178423 0 0 0 0 0 0 1.04167e+10 1.04167e+10 1.04167e+10 
0.0167116 -0.0177465 0.017671 -0.0145882 0.015363 -0.0153823 0 0 0 0 0 0 1.04167e+10 1.04167e+10 1.04167e+10 
0.0167116 -0.0177465 0.0187863 -0.0172033 0.017671 -0.0145882 0 0 0 0 0 0 1.04167e+10 1.04167e+10 1.04167e+10 
0.02 0.0168 0.02 0.0184 0.0189027 0.0170678 0 0 0 0 0 0 1.04167e+10 1.04167e+10 1.04167e+10 
0.00763069 -0.0148572 0.00542275 -0.0153622 0.00585176 -0.017725 0 0 0 0 0 0 1.04167e+10 1.04167e+10 1.04167e+10 
0.00763069 -0.0148572 0.00585176 -0.017725 0.00845758 -0.0172338 0 0 0 0 0 0 1.04167e+10 1.04167e+10 1.04167e+10 
0.00610473 0.0177077 0.0072 0.02 0.0056 0.02 0 0 0 0 0 0 1.04167e+10 1.04167e+10 1.04167e+10 
0.00610473 0.0177077 0.0056 0.02 0.004 0.02 0 0 0 0 0 0 1.04167e+10 1.04167e+10 1.04167e+10 
0.00610473 0.0177077 0.004 0.02 0.00367019 0.0173969 0 0 0 0 0 0 1.04167e+10 1.04167e+10 1.04167e+10 
-0.0015 -0.00219111 -0.00375 -0.00337421 -0.0015 -0.00434968 0 0 0 0 0 0 2.08333e+10 2.08333e+10 2.08333e+10 
-0.0015 -0.00219111 0 -0.00333333 0 -0.00166667 0 0 0 0 0 0 2.08333e+10 2.08333e+10 2.08333e+10 
-0.0015 -0.00219111 -0.0015 -0.00434968 0 -0.00333333 0 0 0 0 0 0 2.08333e+10 2.08333e+10 2.08333e+10 
-0.0015 -0.00219111 0 -0.00166667 -0.0015 -3.25464e-05 0 0 0 0 0 0 2.08333e+10 2.08333e+10 2.08333e+10 
-0.0015 -0.00219111 -0.00375 -8.13661e-05 -0.00375 -0.00337421 0 0 0 0 0 0 2.08333e+10 2.08333e+10 2.08333e+10 
-0.0015 -0.00219111 -0.0015 -3.25464e-05 -0.00375 -8.13661e-05 0 0 0 0 0 0 2.08333e+10 2.08333e+10 2.08333e+10 
-0.0122349 0.00460208 -0.00983764 0.0042064 -0.0105901 0.00751713 0 0 0 0 0 0 2.08333e+10 2.08333e+10 2.08333e+10 
-0.0122349 0.00460208 -0.0135714 0.00371429 -0.0117344 0.0023997 0 0 0 0 0 0 2.08333e+10 2.08333e+10 2.08333e+10 
-0.0122349 0.00460208 -0.0117344 0.0023997 -0.00983764 0.0042064 0 0 0 0 0 0 2.08333e+10 2.08333e+10 2.08333e+10 
-0.00717004 0.00865714 -0.0105901 0.00751713 -0.00794413 0.0060274 0 0 0 0 0 0 2.08333e+10 2.08333e+10 2.08333e+10 
-0.00717004 0.00865714 -0.00932402 0.0103109 -0.0105901 0.00751713 0 0 0 0 0 0 2.08333e+10 2.08333e+10 2.08333e+10 
-0.00717004 0.00865714 -0.006 0.00667544 -0.00375 0.00979715 0 0 0 0 0 0 2.08333e+10 2.08333e+10 2.08333e+10 
-0.00717004 0.00865714 -0.00794413 0.0060274 -0.006 0.00667544 0 0 0 0 0 0 2.08333e+10 2.08333e+10 2.08333e+10 
-0.00717004 0.00865714 -0.00736802 0.0109629 -0.00932402 0.0103109 0 0 0 0 0 0 2.08333e+10 2.08333e+10 2.08333e+10 
-0.0174431 0.0101288 -0.0188031 0.0120672 -0.02 0.0104 0 0 0 0 0 0 1.04167e+10 1.04167e+10 1.04167e+10 
-0.0174431 0.0101288 -0.02 0.0104 -0.02 0.0088 0 0 0 0 0 0 1.04167e+10 1.04167e+10 1.04167e+10 
-0.00375 0.00650431 -0.00629121 0.00368961 -0.00375 0.00321147 0 0 0 0 0 0 2.08333e+10 2.08333e+10 2.08333e+10 
-0.00375 0.00650431 -0.006 0.00667544 -0.00629121 0.00368961 0 0 0 0 0 0 2.08333e+10 2.08333e+10 2.08333e+10 
-0.00375 0.00650431 -0.0015 0.00860173 -0.00375 0.00979715 0 0 0 0 0 0 2.08333e+10 2.08333e+10 2.08333e+10 
-0.00375 0.00650431 -0.00375 0.00979715 -0.006 0.00667544 0 0 0 0 0 0 2.08333e+10 2.08333e+10 2.08333e+10 
-0.00375 0.00650431 -0.00375 0.00321147 -0.0015 0.00428459 0 0 0 0 0 0 2.08333e+10 2.08333e+10 2.08333e+10 
0.00794413 -0.0060274 0.00717004 -0.00865714 0.0105901 -0.00751713 0 0 0 0 0 0 2.60417e+10 2.60417e+10 2.60417e+10 
-0.01128 0.00965885 -0.0116667 0.0111111 -0.0133333 0.0105556 0 0 0 0 0 0 2.08333e+10 2.08333e+10 2.08333e+10 
-0.01128 0.00965885 -0.0105901 0.00751713 -0.00932402 0.0103109 0 0 0 0 0 0 2.08333e+10 2.08333e+10 2.08333e+10 
-0.00898719 0.0174135 -0.0072 0.02 -0.0088 0.02 0 0 0 0 0 0 1.04167e+10 1.04167e+10 1.04167e+10 
-0.00898719 0.0174135 -0.0063863 0.0174423 -0.0072 0.02 0 0 0 0 0 0 1.04167e+10 1.04167e+10 1.04167e+10 
-0.00898719 0.0174135 -0.0088 0.02 -0.0104 0.02 0 0 0 0 0 0 1.04167e+10 1.04167e+10 1.04167e+10 
-0.00898719 0.0174135 -0.00699594 0.0150842 -0.0063863 0.0174423 0 0 0 0 0 0 1.04167e+10 1.04167e+10 1.04167e+10 
-0.00898719 0.0174135 -0.00950399 0.0150225 -0.00699594 0.0150842 0 0 0 0 0 0 1.04167e+10 1.04167e+10 1.04167e+10 
-0.0166762 0.00456563 -0.0188003 0.00267149 -0.0160728 0.00262044 0 0 0 0 0 0 1.04167e+10 1.04167e+10 1.04167e+10 
-0.0166762 0.00456563 -0.02 0.004 -0.0188003 0.00267149 0 0 0 0 0 0 1.04167e+10 1.04167e+10 1.04167e+10 
0.00833277 0.00241506 0.00579699 0.00411585 0.00636907 0.000457908 0 0 0 0 0 0 2.60417e+10 2.60417e+10 2.60417e+10 
0.00833277 0.00241506 0.00758033 0.00572579 0.00579699 0.00411585 0 0 0 0 0 0 2.60417e+10 2.60417e+10 2.60417e+10 
0.00833277 0.00241506 0.0102328 0.00420745 0.00758033 0.00572579 0 0 0 0 0 0 2.60417e+10 2.60417e+10 2.60417e+10 
-0.0184 -0.02 -0.02 -0.0184 -0.02 -0.02 0 0 0 0 0 0 1.04167e+10 1.04167e+10 1.04167e+10 
0.00333333 0.014 0.00391039 0.0122608 0.005 0.0135 0 0 0 0 0 0 2.60417e+10 2.60417e+10 2.60417e+10 
0.00166667 -0.0144444 0.00333333 -0.0138889 0.0015 -0.0129189 0 0 0 0 0 0 2.60417e+10 2.60417e+10 2.60417e+10 
0.0109746 -0.0175867 0.0134511 -0.0178423 0.0125186 -0.01542 0 0 0 0 0 0 1.04167e+10 1.04167e+10 1.04167e+10 
0.0109746 -0.0175867 0.0088 -0.02 0.0104 -0.02 0 0 0 0 0 0 1.04167e+10 1.04167e+10 1.04167e+10 
0.0109746 -0.0175867 0.00845758 -0.0172338 0.0088 -0.02 0 0 0 0 0 0 1.04167e+10 1.04167e+10 1.04167e+10 
0.02 0.0152 0.0180102 0.0152941 0.02 0.0136 0 0 0 0 0 0 1.04167e+10 1.04167e+10 1.04167e+10 
0.02 0.0152 0.0189027 0.0170678 0.0180102 0.0152941 0 0 0 0 0 0 1.04167e+10 1.04167e+10 1.04167e+10 
0.02 0.0152 0.02 0.0168 0.0189027 0.0170678 0 0 0 0 0 0 1.04167e+10 1.04167e+10 1.04167e+10 
0.0102637 0.0152755 0.0130393 0.0145943 0.0113208 0.0178671 0 0 0 0 0 0 1.04167e+10 1.04167e+10 1.04167e+10 
0.0128571 -0.000571429 0.0117344 -0.0023997 0.0132143 -0.00214286 0 0 0 0 0 0 2.60417e+10 2.60417e+10 2.60417e+10 
0.0128571 -0.000571429 0.0112339 -0.000197314 0.0117344 -0.0023997 0 0 0 0 0 0 2.60417e+10 2.60417e+10 2.60417e+10 
0.0128571 -0.000571429 0.0125 0.001 0.0112339 -0.000197314 0 0 0 0 0 0 2.60417e+10 2.60417e+10 2.60417e+10 
-0.00758033 -0.00572579 -0.00559673 -0.00365398 -0.00833277 -0.00241506 0 0 0 0 0 0 2.08333e+10 2.08333e+10 2.08333e+10 
-0.00758033 -0.00572579 -0.00546231 -0.00709712 -0.00559673 -0.00365398 0 0 0 0 0 0 2.08333e+10 2.08333e+10 2.08333e+10 
-0.00758033 -0.00572579 -0.00833277 -0.00241506 -0.0102328 -0.00420745 0 0 0 0 0 0 2.08333e+10 2.08333e+10 2.08333e+10 
-0.00758033 -0.00572579 -0.0102328 -0.00420745 -0.00973224 -0.00640984 0 0 0 0 0 0 2.08333e+10 2.08333e+10 2.08333e+10 
-0.00758033 -0.00572579 -0.00682789 -0.00903652 -0.00546231 -0.00709712 0 0 0 0 0 0 2.08333e+10 2.08333e+10 2.08333e+10 
-0.00758033 -0.00572579 -0.0092317 -0.00861222 -0.00682789 -0.00903652 0 0 0 0 0 0 2.08333e+10 2.08333e+10 2.08333e+10 
-0.00758033 -0.00572579 -0.00973224 -0.00640984 -0.0092317 -0.00861222 0 0 0 0 0 0 2.08333e+10 2.08333e+10 2.08333e+10 
0.0015 3.25464e-05 0 -0.00166667 0.0015 -0.00212602 0 0 0 0 0 0 2.60417e+10 2.60417e+10 2.60417e+10 
0.0015 3.25464e-05 0 0 0 -0.00166667 0 0 0 0 0 0 2.60417e+10 2.60417e+10 2.60417e+10 
0.0015 3.25464e-05 0.0015 0.00219111 0 0.00166667 0 0 0 0 0 0 2.60417e+10 2.60417e+10 2.60417e+10 
0.0015 3.25464e-05 0 0.00166667 0 0 0 0 0 0 0 0 2.60417e+10 2.60417e+10 2.60417e+10 
0.0015 3.25464e-05 0.0015 -0.00212602 0.00375 8.13661e-05 0 0 0 0 0 0 2.60417e+10 2.60417e+10 2.60417e+10 
0.0015 3.25464e-05 0.00375 8.13661e-05 0.0015 0.00219111 0 0 0 0 0 0 2.60417e+10 2.60417e+10 2.60417e+10 
0.0107415 -0.0151322 0.0109746 -0.0175867 0.0125186 -0.01542 0 0 0 0 0 0 1.04167e+10 1.04167e+10 1.04167e+10 
0.0107415 -0.0151322 0.00763069 -0.0148572 0.00845758 -0.0172338 0 0 0 0 0 0 1.04167e+10 1.04167e+10 1.04167e+10 
0.0107415 -0.0151322 0.00845758 -0.0172338 0.0109746 -0.0175867 0 0 0 0 0 0 1.04167e+10 1.04167e+10 1.04167e+10 
0.0127355 -0.00680447 0.0142857 -0.00685714 0.0139286 -0.00528571 0 0 0 0 0 0 2.60417e+10 2.60417e+10 2.60417e+10 
0.0127355 -0.00680447 0.0139286 -0.00528571 0.0122349 -0.00460208 0 0 0 0 0 0 2.60417e+10 2.60417e+10 2.60417e+10 
0.0127355 -0.00680447 0.0122349 -0.00460208 0.0105901 -0.00751713 0 0 0 0 0 0 2.60417e+10 2.60417e+10 2.60417e+10 
0.0127355 -0.00680447 0.013236 -0.00900685 0.0142857 -0.00685714 0 0 0 0 0 0 2.60417e+10 2.60417e+10 2.60417e+10 
0.0127355 -0.00680447 0.0105901 -0.00751713 0.013236 -0.00900685 0 0 0 0 0 0 2.60417e+10 2.60417e+10 2.60417e+10 
-0.0117857 -0.00414286 -0.0102328 -0.00420745 -0.0107333 -0.00200507 0 0 0 0 0 0 2.08333e+10 2.08333e+10 2.08333e+10 
-0.0117857 -0.00414286 -0.0107333 -0.00200507 -0.0121429 -0.00257143 0 0 0 0 0 0 2.08333e+10 2.08333e+10 2.08333e+10 
-0.0117857 -0.00414286 -0.0114286 -0.00571429 -0.0102328 -0.00420745 0 0 0 0 0 0 2.08333e+10 2.08333e+10 2.08333e+10 
0.0133333 -0.0105556 0.015 -0.01 0.013236 -0.00900685 0 0 0 0 0 0 2.60417e+10 2.60417e+10 2.60417e+10 
0.0133333 -0.0105556 0.013236 -0.00900685 0.01128 -0.00965885 0 0 0 0 0 0 2.60417e+10 2.60417e+10 2.60417e+10 
0.0133333 -0.0105556 0.01128 -0.00965885 0.0116667 -0.0111111 0 0 0 0 0 0 2.60417e+10 2.60417e+10 2.60417e+10 
-0.0015 0.0107603 -0.0015 0.00860173 0 0.01 0 0 0 0 0 0 2.08333e+10 2.08333e+10 2.08333e+10 
-0.0015 0.0107603 -0.00375 0.00979715 -0.0015 0.00860173 0 0 0 0 0 0 2.08333e+10 2.08333e+10 2.08333e+10 
0.0165163 0.00231483 0.0155856 -0.000277764 0.0180066 -0.000401744 0 0 0 0 0 0 1.04167e+10 1.04167e+10 1.04167e+10 
0.0165163 0.00231483 0.0180066 -0.000401744 0.0186259 0.00222853 0 0 0 0 0 0 1.04167e+10 1.04167e+10 1.04167e+10 
0.0107143 0.00885714 0.0092317 0.00861222 0.0110714 0.00728571 0 0 0 0 0 0 2.60417e+10 2.60417e+10 2.60417e+10 
-0.0183731 -0.0121929 -0.0170014 -0.0151785 -0.0164292 -0.0124652 0 0 0 0 0 0 1.04167e+10 1.04167e+10 1.04167e+10 
-0.0183731 -0.0121929 -0.02 -0.0136 -0.0170014 -0.0151785 0 0 0 0 0 0 1.04167e+10 1.04167e+10 1.04167e+10 
-0.0183731 -0.0121929 -0.02 -0.012 -0.02 -0.0136 0 0 0 0 0 0 1.04167e+10 1.04167e+10 1.04167e+10 
-0.0183731 -0.0121929 -0.0164292 -0.0124652 -0.0171529 -0.00962903 0 0 0 0 0 0 1.04167e+10 1.04167e+10 1.04167e+10 
-0.0183731 -0.0121929 -0.02 -0.0104 -0.02 -0.012 0 0 0 0 0 0 1.04167e+10 1.04167e+10 1.04167e+10 
-0.0183731 -0.0121929 -0.0171529 -0.00962903 -0.02 -0.0104 0 0 0 0 0 0 1.04167e+10 1.04167e+10 1.04167e+10 
0.0166744 -0.0124224 0.0136441 -0.0123367 0.015363 -0.0153823 0 0 0 0 0 0 1.04167e+10 1.04167e+10 1.04167e+10 
0.0166744 -0.0124224 0.015363 -0.0153823 0.017671 -0.0145882 0 0 0 0 0 0 1.04167e+10 1.04167e+10 1.04167e+10 
0.0166744 -0.0124224 0.017671 -0.0145882 0.0189126 -0.0121862 0 0 0 0 0 0 1.04167e+10 1.04167e+10 1.04167e+10 
0 0.0116667 0 0.01 0.0015 0.0108254 0 0 0 0 0 0 2.60417e+10 2.60417e+10 2.60417e+10 
0 0.0116667 -0.0015 0.0107603 0 0.01 0 0 0 0 0 0 2.08333e+10 2.08333e+10 2.08333e+10 
-0.00384331 -0.0174883 -0.0024 -0.02 -0.000829299 -0.0171358 0 0 0 0 0 0 1.04167e+10 1.04167e+10 1.04167e+10 
-0.00384331 -0.0174883 -0.004 -0.02 -0.0024 -0.02 0 0 0 0 0 0 1.04167e+10 1.04167e+10 1.04167e+10 
-0.00384331 -0.0174883 -0.00624478 -0.0173872 -0.0056 -0.02 0 0 0 0 0 0 1.04167e+10 1.04167e+10 1.04167e+10 
-0.00384331 -0.0174883 -0.0056 -0.02 -0.004 -0.02 0 0 0 0 0 0 1.04167e+10 1.04167e+10 1.04167e+10 
0.0008 -0.02 0.0024 -0.02 0.00139375 -0.0173099 0 0 0 0 0 0 1.04167e+10 1.04167e+10 1.04167e+10 
0.0008 -0.02 -0.000829299 -0.0171358 -0.0008 -0.02 0 0 0 0 0 0 1.04167e+10 1.04167e+10 1.04167e+10 
0.0008 -0.02 0.00139375 -0.0173099 -0.000829299 -0.0171358 0 0 0 0 0 0 1.04167e+10 1.04167e+10 1.04167e+10 
-0.00891945 -0.0174528 -0.0072 -0.02 -0.00624478 -0.0173872 0 0 0 0 0 0 1.04167e+10 1.04167e+10 1.04167e+10 
-0.0112339 0.000197314 -0.0107333 -0.00200507 -0.0090852 0.000895668 0 0 0 0 0 0 2.08333e+10 2.08333e+10 2.08333e+10 
-0.0112339 0.000197314 -0.0125 -0.001 -0.0107333 -0.00200507 0 0 0 0 0 0 2.08333e+10 2.08333e+10 2.08333e+10 
-0.0112339 0.000197314 -0.0128571 0.000571429 -0.0125 -0.001 0 0 0 0 0 0 2.08333e+10 2.08333e+10 2.08333e+10 
-0.0112339 0.000197314 -0.0090852 0.000895668 -0.0117344 0.0023997 0 0 0 0 0 0 2.08333e+10 2.08333e+10 2.08333e+10 
-0.0112339 0.000197314 -0.0117344 0.0023997 -0.0128571 0.000571429 0 0 0 0 0 0 2.08333e+10 2.08333e+10 2.08333e+10 
0.00856539 0.017631 0.0113208 0.0178671 0.0104 0.02 0 0 0 0 0 0 1.04167e+10 1.04167e+10 1.04167e+10 
0.00856539 0.017631 0.0072 0.02 0.00610473 0.0177077 0 0 0 0 0 0 1.04167e+10 1.04167e+10 1.04167e+10 
0.00856539 0.017631 0.00610473 0.0177077 0.00777504 0.015331 0 0 0 0 0 0 1.04167e+10 1.04167e+10 1.04167e+10 
0.00856539 0.017631 0.0102637 0.0152755 0.0113208 0.0178671 0 0 0 0 0 0 1.04167e+10 1.04167e+10 1.04167e+10 
0.00856539 0.017631 0.00777504 0.015331 0.0102637 0.0152755 0 0 0 0 0 0 1.04167e+10 1.04167e+10 1.04167e+10 
-0.00119626 0.0171979 0.0008 0.02 -0.0008 0.02 0 0 0 0 0 0 1.04167e+10 1.04167e+10 1.04167e+10 
-0.00119626 0.0171979 0.00132347 0.0170753 0.0008 0.02 0 0 0 0 0 0 1.04167e+10 1.04167e+10 1.04167e+10 
-0.0187568 0.00780532 -0.02 0.0088 -0.02 0.0072 0 0 0 0 0 0 1.04167e+10 1.04167e+10 1.04167e+10 
-0.0187568 0.00780532 -0.0174431 0.0101288 -0.02 0.0088 0 0 0 0 0 0 1.04167e+10 1.04167e+10 1.04167e+10 
0.0015 0.00434968 0 0.00333333 0.0015 0.00219111 0 0 0 0 0 0 2.60417e+10 2.60417e+10 2.60417e+10 
0.0015 0.00434968 0.0015 0.00219111 0.00375 0.00337421 0 0 0 0 0 0 2.60417e+10 2.60417e+10 2.60417e+10 
0.0015 0.00434968 0.00375 0.00337421 0.00375 0.00666705 0 0 0 0 0 0 2.60417e+10 2.60417e+10 2.60417e+10 
0.0015 0.00434968 0.00375 0.00666705 0.0015 0.00650825 0 0 0 0 0 0 2.60417e+10 2.60417e+10 2.60417e+10 
0.0184 -0.02 0.02 -0.02 0.02 -0.0184 0 0 0 0 0 0 1.04167e+10 1.04167e+10 1.04167e+10 
0.0184 -0.02 0.02 -0.0184 0.0187863 -0.0172033 0 0 0 0 0 0 1.04167e+10 1.04167e+10 1.04167e+10 
0.0184 -0.02 0.0167116 -0.0177465 0.0168 -0.02 0 0 0 0 0 0 1.04167e+10 1.04167e+10 1.04167e+10 
0.0184 -0.02 0.0187863 -0.0172033 0.0167116 -0.0177465 0 0 0 0 0 0 1.04167e+10 1.04167e+10 1.04167e+10 
0.0135714 -0.00371429 0.0122349 -0.00460208 0.0139286 -0.00528571 0 0 0 0 0 0 2.60417e+10 2.60417e+10 2.60417e+10 
0.0135714 -0.00371429 0.0117344 -0.0023997 0.0122349 -0.00460208 0 0 0 0 0 0 2.60417e+10 2.60417e+10 2.60417e+10 
0.0135714 -0.00371429 0.0132143 -0.00214286 0.0117344 -0.0023997 0 0 0 0 0 0 2.60417e+10 2.60417e+10 2.60417e+10 
-0.0088 -0.02 -0.0072 -0.02 -0.00891945 -0.0174528 0 0 0 0 0 0 1.04167e+10 1.04167e+10 1.04167e+10 
0.00375 0.00995989 0.00632077 0.0115377 0.00391039 0.0122608 0 0 0 0 0 0 2.60417e+10 2.60417e+10 2.60417e+10 
0.00375 0.00995989 0.00682789 0.00903652 0.00632077 0.0115377 0 0 0 0 0 0 2.60417e+10 2.60417e+10 2.60417e+10 
0.00375 0.00995989 0.0015 0.00866682 0.00375 0.00666705 0 0 0 0 0 0 2.60417e+10 2.60417e+10 2.60417e+10 
0.00375 0.00995989 0.0015 0.0108254 0.0015 0.00866682 0 0 0 0 0 0 2.60417e+10 2.60417e+10 2.60417e+10 
0.00375 0.00995989 0.00391039 0.0122608 0.0015 0.0108254 0 0 0 0 0 0 2.60417e+10 2.60417e+10 2.60417e+10 
-0.0163962 -0.0020693 -0.0174726 0.000116438 -0.018698 -0.00227487 0 0 0 0 0 0 1.04167e+10 1.04167e+10 1.04167e+10 
-0.0163962 -0.0020693 -0.018698 -0.00227487 -0.0174763 -0.00525843 0 0 0 0 0 0 1.04167e+10 1.04167e+10 1.04167e+10 
-0.010978 0.017692 -0.0121205 0.0147111 -0.00950399 0.0150225 0 0 0 0 0 0 1.04167e+10 1.04167e+10 1.04167e+10 
-0.010978 0.017692 -0.00950399 0.0150225 -0.00898719 0.0174135 0 0 0 0 0 0 1.04167e+10 1.04167e+10 1.04167e+10 
-0.010978 0.017692 -0.0140665 0.0176528 -0.0121205 0.0147111 0 0 0 0 0 0 1.04167e+10 1.04167e+10 1.04167e+10 
-0.010978 0.017692 -0.0104 0.02 -0.012 0.02 0 0 0 0 0 0 1.04167e+10 1.04167e+10 1.04167e+10 
-0.010978 0.017692 -0.00898719 0.0174135 -0.0104 0.02 0 0 0 0 0 0 1.04167e+10 1.04167e+10 1.04167e+10 
-0.010978 0.017692 -0.012 0.02 -0.0140665 0.0176528 0 0 0 0 0 0 1.04167e+10 1.04167e+10 1.04167e+10 
0.018219 0.00499335 0.0184698 0.00712598 0.0163703 0.00728904 0 0 0 0 0 0 1.04167e+10 1.04167e+10 1.04167e+10 
0.018219 0.00499335 0.0163703 0.00728904 0.0151049 0.00480217 0 0 0 0 0 0 1.04167e+10 1.04167e+10 1.04167e+10 
0.018219 0.00499335 0.02 0.0056 0.0184698 0.00712598 0 0 0 0 0 0 1.04167e+10 1.04167e+10 1.04167e+10 
0.018219 0.00499335 0.0151049 0.00480217 0.0165163 0.00231483 0 0 0 0 0 0 1.04167e+10 1.04167e+10 1.04167e+10 
0.018219 0.00499335 0.0165163 0.00231483 0.0186259 0.00222853 0 0 0 0 0 0 1.04167e+10 1.04167e+10 1.04167e+10 
-0.01 0.0116667 -0.00932402 0.0103109 -0.00833333 0.0122222 0 0 0 0 0 0 2.08333e+10 2.08333e+10 2.08333e+10 
-0.01 0.0116667 -0.0116667 0.0111111 -0.01128 0.00965885 0 0 0 0 0 0 2.08333e+10 2.08333e+10 2.08333e+10 
-0.01 0.0116667 -0.01128 0.00965885 -0.00932402 0.0103109 0 0 0 0 0 0 2.08333e+10 2.08333e+10 2.08333e+10 
-0.013236 0.00900685 -0.0105901 0.00751713 -0.01128 0.00965885 0 0 0 0 0 0 2.08333e+10 2.08333e+10 2.08333e+10 
-0.013236 0.00900685 -0.0133333 0.0105556 -0.015 0.01 0 0 0 0 0 0 2.08333e+10 2.08333e+10 2.08333e+10 
-0.013236 0.00900685 -0.015 0.01 -0.0146429 0.00842857 0 0 0 0 0 0 2.08333e+10 2.08333e+10 2.08333e+10 
-0.013236 0.00900685 -0.0146429 0.00842857 -0.0142857 0.00685714 0 0 0 0 0 0 2.08333e+10 2.08333e+10 2.08333e+10 
-0.013236 0.00900685 -0.01128 0.00965885 -0.0133333 0.0105556 0 0 0 0 0 0 2.08333e+10 2.08333e+10 2.08333e+10 
-0.0164892 0.0175984 -0.0140665 0.0176528 -0.0152 0.02 0 0 0 0 0 0 1.04167e+10 1.04167e+10 1.04167e+10 
-0.0164892 0.0175984 -0.0152 0.02 -0.0168 0.02 0 0 0 0 0 0 1.04167e+10 1.04167e+10 1.04167e+10 
-0.0164892 0.0175984 -0.0147713 0.0153401 -0.0140665 0.0176528 0 0 0 0 0 0 1.04167e+10 1.04167e+10 1.04167e+10 
-0.0164892 0.0175984 -0.0184 0.02 -0.0188929 0.0172559 0 0 0 0 0 0 1.04167e+10 1.04167e+10 1.04167e+10 
-0.0164892 0.0175984 -0.0168 0.02 -0.0184 0.02 0 0 0 0 0 0 1.04167e+10 1.04167e+10 1.04167e+10 
-0.0170168 0.0148792 -0.02 0.0152 -0.02 0.0136 0 0 0 0 0 0 1.04167e+10 1.04167e+10 1.04167e+10 
-0.0170168 0.0148792 -0.02 0.0136 -0.0188031 0.0120672 0 0 0 0 0 0 1.04167e+10 1.04167e+10 1.04167e+10 
-0.0170168 0.0148792 -0.0188031 0.0120672 -0.0159771 0.0127401 0 0 0 0 0 0 1.04167e+10 1.04167e+10 1.04167e+10 
-0.0170168 0.0148792 -0.0159771 0.0127401 -0.0147713 0.0153401 0 0 0 0 0 0 1.04167e+10 1.04167e+10 1.04167e+10 
-0.0170168 0.0148792 -0.0188929 0.0172559 -0.02 0.0152 0 0 0 0 0 0 1.04167e+10 1.04167e+10 1.04167e+10 
-0.0170168 0.0148792 -0.0147713 0.0153401 -0.0164892 0.0175984 0 0 0 0 0 0 1.04167e+10 1.04167e+10 1.04167e+10 
-0.0170168 0.0148792 -0.0164892 0.0175984 -0.0188929 0.0172559 0 0 0 0 0 0 1.04167e+10 1.04167e+10 1.04167e+10 
-0.00541201 0.0116149 -0.005 0.0133333 -0.00666667 0.0127778 0 0 0 0 0 0 2.08333e+10 2.08333e+10 2.08333e+10 
-0.00541201 0.0116149 -0.00666667 0.0127778 -0.00736802 0.0109629 0 0 0 0 0 0 2.08333e+10 2.08333e+10 2.08333e+10 
-0.00541201 0.0116149 -0.00717004 0.00865714 -0.00375 0.00979715 0 0 0 0 0 0 2.08333e+10 2.08333e+10 2.08333e+10 
-0.00541201 0.0116149 -0.00736802 0.0109629 -0.00717004 0.00865714 0 0 0 0 0 0 2.08333e+10 2.08333e+10 2.08333e+10 
0.0015 -0.00644316 0 -0.00833333 0.0015 -0.00860173 0 0 0 0 0 0 2.60417e+10 2.60417e+10 2.60417e+10 
0.0015 -0.00644316 0 -0.00666667 0 -0.00833333 0 0 0 0 0 0 2.60417e+10 2.60417e+10 2.60417e+10 
0.0015 -0.00644316 0.0015 -0.00860173 0.00375 -0.00650431 0 0 0 0 0 0 2.60417e+10 2.60417e+10 2.60417e+10 
0.0015 -0.00644316 0.0015 -0.00428459 0 -0.005 0 0 0 0 0 0 2.60417e+10 2.60417e+10 2.60417e+10 
0.0015 -0.00644316 0 -0.005 0 -0.00666667 0 0 0 0 0 0 2.60417e+10 2.60417e+10 2.60417e+10 
0.0015 -0.00644316 0.00375 -0.00650431 0.0015 -0.00428459 0 0 0 0 0 0 2.60417e+10 2.60417e+10 2.60417e+10 
0.0187927 -0.00786905 0.017896 -0.00977208 0.02 -0.0088 0 0 0 0 0 0 1.04167e+10 1.04167e+10 1.04167e+10 
-0.0015 -0.00650825 -0.0015 -0.00866682 0 -0.00833333 0 0 0 0 0 0 2.08333e+10 2.08333e+10 2.08333e+10 
-0.0015 -0.00650825 0 -0.00833333 0 -0.00666667 0 0 0 0 0 0 2.08333e+10 2.08333e+10 2.08333e+10 
-0.0015 -0.00650825 -0.0015 -0.00434968 -0.00375 -0.00666705 0 0 0 0 0 0 2.08333e+10 2.08333e+10 2.08333e+10 
-0.0015 -0.00650825 -0.00375 -0.00666705 -0.0015 -0.00866682 0 0 0 0 0 0 2.08333e+10 2.08333e+10 2.08333e+10 
-0.0015 -0.00650825 0 -0.005 -0.0015 -0.00434968 0 0 0 0 0 0 2.08333e+10 2.08333e+10 2.08333e+10 
-0.0015 -0.00650825 0 -0.00666667 0 -0.005 0 0 0 0 0 0 2.08333e+10 2.08333e+10 2.08333e+10 
-0.012 -0.02 -0.0133648 -0.0177646 -0.0136 -0.02 0 0 0 0 0 0 1.04167e+10 1.04167e+10 1.04167e+10 
-0.012 -0.02 -0.0113692 -0.0172653 -0.0133648 -0.0177646 0 0 0 0 0 0 1.04167e+10 1.04167e+10 1.04167e+10 
0.02 0.004 0.02 0.0056 0.018219 0.00499335 0 0 0 0 0 0 1.04167e+10 1.04167e+10 1.04167e+10 
0.02 0.004 0.018219 0.00499335 0.0186259 0.00222853 0 0 0 0 0 0 1.04167e+10 1.04167e+10 1.04167e+10 
-0.02 0.0056 -0.02 0.004 -0.0166762 0.00456563 0 0 0 0 0 0 1.04167e+10 1.04167e+10 1.04167e+10 
-0.02 0.0056 -0.0187568 0.00780532 -0.02 0.0072 0 0 0 0 0 0 1.04167e+10 1.04167e+10 1.04167e+10 
-0.02 0.0056 -0.0166762 0.00456563 -0.0187568 0.00780532 0 0 0 0 0 0 1.04167e+10 1.04167e+10 1.04167e+10 
0.0103571 0.0104286 0.00873116 0.0108146 0.0092317 0.00861222 0 0 0 0 0 0 2.60417e+10 2.60417e+10 2.60417e+10 
0.0103571 0.0104286 0.0092317 0.00861222 0.0107143 0.00885714 0 0 0 0 0 0 2.60417e+10 2.60417e+10 2.60417e+10 
0.0103571 0.0104286 0.01 0.012 0.00873116 0.0108146 0 0 0 0 0 0 2.60417e+10 2.60417e+10 2.60417e+10 
0.0131007 0.0101213 0.0136825 0.00763898 0.0158242 0.00985846 0 0 0 0 0 0 1.04167e+10 1.04167e+10 1.04167e+10 
0.0131007 0.0101213 0.0158242 0.00985846 0.0139431 0.0124497 0 0 0 0 0 0 1.04167e+10 1.04167e+10 1.04167e+10 
-0.0015 0.0129189 0 0.0133333 -0.00166667 0.0144444 0 0 0 0 0 0 2.08333e+10 2.08333e+10 2.08333e+10 
-0.0015 0.0129189 -0.00166667 0.0144444 -0.00333333 0.0138889 0 0 0 0 0 0 2.08333e+10 2.08333e+10 2.08333e+10 
-0.0015 0.0129189 0 0.0116667 0 0.0133333 0 0 0 0 0 0 2.08333e+10 2.08333e+10 2.08333e+10 
-0.0015 0.0129189 -0.0015 0.0107603 0 0.0116667 0 0 0 0 0 0 2.08333e+10 2.08333e+10 2.08333e+10 
0.02 -0.0136 0.02 -0.012 0.0189126 -0.0121862 0 0 0 0 0 0 1.04167e+10 1.04167e+10 1.04167e+10 
0.02 -0.0136 0.017671 -0.0145882 0.02 -0.0152 0 0 0 0 0 0 1.04167e+10 1.04167e+10 1.04167e+10 
0.02 -0.0136 0.0189126 -0.0121862 0.017671 -0.0145882 0 0 0 0 0 0 1.04167e+10 1.04167e+10 1.04167e+10 
-0.0146338 -0.00472028 -0.0163962 -0.0020693 -0.0174763 -0.00525843 0 0 0 0 0 0 1.04167e+10 1.04167e+10 1.04167e+10 
0 -0.01 0.0015 -0.0107603 0.0015 -0.00860173 0 0 0 0 0 0 2.60417e+10 2.60417e+10 2.60417e+10 
0 -0.01 0.0015 -0.00860173 0 -0.00833333 0 0 0 0 0 0 2.60417e+10 2.60417e+10 2.60417e+10 
0 -0.01 -0.0015 -0.00866682 -0.0015 -0.0108254 0 0 0 0 0 0 2.08333e+10 2.08333e+10 2.08333e+10 
0 -0.01 0 -0.00833333 -0.0015 -0.00866682 0 0 0 0 0 0 2.08333e+10 2.08333e+10 2.08333e+10 
-0.0024 0.02 -0.00119626 0.0171979 -0.0008 0.02 0 0 0 0 0 0 1.04167e+10 1.04167e+10 1.04167e+10 
-0.0160636 -0.00760221 -0.0174763 -0.00525843 -0.0183008 -0.00711937 0 0 0 0 0 0 1.04167e+10 1.04167e+10 1.04167e+10 
-0.0160636 -0.00760221 -0.0183008 -0.00711937 -0.0171529 -0.00962903 0 0 0 0 0 0 1.04167e+10 1.04167e+10 1.04167e+10 
-0.0160636 -0.00760221 -0.0171529 -0.00962903 -0.0146889 -0.00972458 0 0 0 0 0 0 1.04167e+10 1.04167e+10 1.04167e+10 
-0.0160636 -0.00760221 -0.0146889 -0.00972458 -0.0135065 -0.00761492 0 0 0 0 0 0 1.04167e+10 1.04167e+10 1.04167e+10 
-0.0160636 -0.00760221 -0.0146338 -0.00472028 -0.0174763 -0.00525843 0 0 0 0 0 0 1.04167e+10 1.04167e+10 1.04167e+10 
-0.0160636 -0.00760221 -0.0135065 -0.00761492 -0.0146338 -0.00472028 0 0 0 0 0 0 1.04167e+10 1.04167e+10 1.04167e+10 
-0.00978155 -0.0147626 -0.0121056 -0.0145863 -0.0113692 -0.0172653 0 0 0 0 0 0 1.04167e+10 1.04167e+10 1.04167e+10 
-0.00978155 -0.0147626 -0.0113692 -0.0172653 -0.00891945 -0.0174528 0 0 0 0 0 0 1.04167e+10 1.04167e+10 1.04167e+10 
0.004 -0.02 0.0056 -0.02 0.00585176 -0.017725 0 0 0 0 0 0 1.04167e+10 1.04167e+10 1.04167e+10 
0.02 -0.0056 0.02 -0.004 0.018064 -0.00535031 0 0 0 0 0 0 1.04167e+10 1.04167e+10 1.04167e+10 
-0.0070766 -0.0147638 -0.005 -0.0135 -0.00666667 -0.013 0 0 0 0 0 0 1.04167e+10 1.04167e+10 1.04167e+10 
-0.0070766 -0.0147638 -0.00666667 -0.013 -0.00833333 -0.0125 0 0 0 0 0 0 1.04167e+10 1.04167e+10 1.04167e+10 
-0.0070766 -0.0147638 -0.00891945 -0.0174528 -0.00624478 -0.0173872 0 0 0 0 0 0 1.04167e+10 1.04167e+10 1.04167e+10 
-0.0070766 -0.0147638 -0.00978155 -0.0147626 -0.00891945 -0.0174528 0 0 0 0 0 0 1.04167e+10 1.04167e+10 1.04167e+10 
0.0188438 0.0125262 0.0180102 0.0152941 0.0159417 0.0125784 0 0 0 0 0 0 1.04167e+10 1.04167e+10 1.04167e+10 
0.0188438 0.0125262 0.02 0.0136 0.0180102 0.0152941 0 0 0 0 0 0 1.04167e+10 1.04167e+10 1.04167e+10 
0.0188438 0.0125262 0.02 0.012 0.02 0.0136 0 0 0 0 0 0 1.04167e+10 1.04167e+10 1.04167e+10 
0.0188438 0.0125262 0.0159417 0.0125784 0.0182479 0.00968157 0 0 0 0 0 0 1.04167e+10 1.04167e+10 1.04167e+10 
0.0188438 0.0125262 0.0182479 0.00968157 0.02 0.0104 0 0 0 0 0 0 1.04167e+10 1.04167e+10 1.04167e+10 
0.0188438 0.0125262 0.02 0.0104 0.02 0.012 0 0 0 0 0 0 1.04167e+10 1.04167e+10 1.04167e+10 
0.02 0.0072 0.02 0.0088 0.0184698 0.00712598 0 0 0 0 0 0 1.04167e+10 1.04167e+10 1.04167e+10 
0.02 0.0072 0.0184698 0.00712598 0.02 0.0056 0 0 0 0 0 0 1.04167e+10 1.04167e+10 1.04167e+10 
-0.00166667 -0.0145 -0.000829299 -0.0171358 0 -0.015 0 0 0 0 0 0 1.04167e+10 1.04167e+10 1.04167e+10 
0.00736802 -0.0109629 0.00833333 -0.0122222 0.00932402 -0.0103109 0 0 0 0 0 0 2.60417e+10 2.60417e+10 2.60417e+10 
0.00736802 -0.0109629 0.00932402 -0.0103109 0.00717004 -0.00865714 0 0 0 0 0 0 2.60417e+10 2.60417e+10 2.60417e+10 
0.00736802 -0.0109629 0.00717004 -0.00865714 0.00541201 -0.0116149 0 0 0 0 0 0 2.60417e+10 2.60417e+10 2.60417e+10 
0.00736802 -0.0109629 0.00541201 -0.0116149 0.00666667 -0.0127778 0 0 0 0 0 0 2.60417e+10 2.60417e+10 2.60417e+10 
0.00736802 -0.0109629 0.00666667 -0.0127778 0.00833333 -0.0122222 0 0 0 0 0 0 2.60417e+10 2.60417e+10 2.60417e+10 
-0.0136 0.02 -0.0140665 0.0176528 -0.012 0.02 0 0 0 0 0 0 1.04167e+10 1.04167e+10 1.04167e+10 
-0.0136 0.02 -0.0152 0.02 -0.0140665 0.0176528 0 0 0 0 0 0 1.04167e+10 1.04167e+10 1.04167e+10 
0.0090852 -0.000895668 0.0117344 -0.0023997 0.0112339 -0.000197314 0 0 0 0 0 0 2.60417e+10 2.60417e+10 2.60417e+10 
0.0090852 -0.000895668 0.00636907 0.000457908 0.00634311 -0.000924598 0 0 0 0 0 0 2.60417e+10 2.60417e+10 2.60417e+10 
0.0090852 -0.000895668 0.00833277 0.00241506 0.00636907 0.000457908 0 0 0 0 0 0 2.60417e+10 2.60417e+10 2.60417e+10 
0.02 -0.0072 0.018064 -0.00535031 0.0187927 -0.00786905 0 0 0 0 0 0 1.04167e+10 1.04167e+10 1.04167e+10 
0.02 -0.0072 0.02 -0.0056 0.018064 -0.00535031 0 0 0 0 0 0 1.04167e+10 1.04167e+10 1.04167e+10 
0.02 -0.0072 0.0187927 -0.00786905 0.02 -0.0088 0 0 0 0 0 0 1.04167e+10 1.04167e+10 1.04167e+10 
0.02 0.0024 0.0186259 0.00222853 0.02 0.0008 0 0 0 0 0 0 1.04167e+10 1.04167e+10 1.04167e+10 
0.02 0.0024 0.02 0.004 0.0186259 0.00222853 0 0 0 0 0 0 1.04167e+10 1.04167e+10 1.04167e+10 
0 -0.0116667 0.0015 -0.0129189 0.0015 -0.0107603 0 0 0 0 0 0 2.60417e+10 2.60417e+10 2.60417e+10 
0 -0.0116667 0.0015 -0.0107603 0 -0.01 0 0 0 0 0 0 2.60417e+10 2.60417e+10 2.60417e+10 
0 -0.0116667 0 -0.01 -0.0015 -0.0108254 0 0 0 0 0 0 2.08333e+10 2.08333e+10 2.08333e+10 
0.0114286 0.00571429 0.0110714 0.00728571 0.00973224 0.00640984 0 0 0 0 0 0 2.60417e+10 2.60417e+10 2.60417e+10 
0.0114286 0.00571429 0.00973224 0.00640984 0.0102328 0.00420745 0 0 0 0 0 0 2.60417e+10 2.60417e+10 2.60417e+10 
0.0114286 0.00571429 0.0102328 0.00420745 0.0117857 0.00414286 0 0 0 0 0 0 2.60417e+10 2.60417e+10 2.60417e+10 
-0.0148418 0.000132241 -0.0160728 0.00262044 -0.0174726 0.000116438 0 0 0 0 0 0 1.04167e+10 1.04167e+10 1.04167e+10 
-0.0148418 0.000132241 -0.0174726 0.000116438 -0.0163962 -0.0020693 0 0 0 0 0 0 1.04167e+10 1.04167e+10 1.04167e+10 
-0.0148418 0.000132241 -0.0125 -0.001 -0.0128571 0.000571429 0 0 0 0 0 0 1.04167e+10 1.04167e+10 1.04167e+10 
-0.0015 -0.012984 -0.0015 -0.0108254 -0.00391039 -0.0122608 0 0 0 0 0 0 2.08333e+10 2.08333e+10 2.08333e+10 
-0.0015 -0.012984 -0.00391039 -0.0122608 -0.00333333 -0.014 0 0 0 0 0 0 2.08333e+10 2.08333e+10 2.08333e+10 
-0.0015 -0.012984 -0.00333333 -0.014 -0.00166667 -0.0145 0 0 0 0 0 0 2.08333e+10 2.08333e+10 2.08333e+10 
-0.0015 -0.012984 0 -0.0116667 -0.0015 -0.0108254 0 0 0 0 0 0 2.08333e+10 2.08333e+10 2.08333e+10 
0.02 -0.0168 0.02 -0.0152 0.0187863 -0.0172033 0 0 0 0 0 0 1.04167e+10 1.04167e+10 1.04167e+10 
0.02 -0.0168 0.0187863 -0.0172033 0.02 -0.0184 0 0 0 0 0 0 1.04167e+10 1.04167e+10 1.04167e+10 
0 0.00833333 0.0015 0.00866682 0 0.01 0 0 0 0 0 0 2.60417e+10 2.60417e+10 2.60417e+10 
0 0.00833333 0 0.01 -0.0015 0.00860173 0 0 0 0 0 0 2.08333e+10 2.08333e+10 2.08333e+10 
0 0.00833333 0.0015 0.00650825 0.0015 0.00866682 0 0 0 0 0 0 2.60417e+10 2.60417e+10 2.60417e+10 
0 0.00833333 0 0.00666667 0.0015 0.00650825 0 0 0 0 0 0 2.60417e+10 2.60417e+10 2.60417e+10 
0.00983764 -0.0042064 0.0122349 -0.00460208 0.0117344 -0.0023997 0 0 0 0 0 0 2.60417e+10 2.60417e+10 2.60417e+10 
0.00983764 -0.0042064 0.0117344 -0.0023997 0.0090852 -0.000895668 0 0 0 0 0 0 2.60417e+10 2.60417e+10 2.60417e+10 
0.00983764 -0.0042064 0.00794413 -0.0060274 0.0105901 -0.00751713 0 0 0 0 0 0 2.60417e+10 2.60417e+10 2.60417e+10 
0.00983764 -0.0042064 0.0105901 -0.00751713 0.0122349 -0.00460208 0 0 0 0 0 0 2.60417e+10 2.60417e+10 2.60417e+10 
0.005 -0.0133333 0.00666667 -0.0127778 0.00541201 -0.0116149 0 0 0 0 0 0 2.60417e+10 2.60417e+10 2.60417e+10 
-0.00396038 0.0174 -0.0063863 0.0174423 -0.00483305 0.0152886 0 0 0 0 0 0 1.04167e+10 1.04167e+10 1.04167e+10 
-0.00396038 0.0174 -0.0056 0.02 -0.0063863 0.0174423 0 0 0 0 0 0 1.04167e+10 1.04167e+10 1.04167e+10 
-0.00396038 0.0174 -0.004 0.02 -0.0056 0.02 0 0 0 0 0 0 1.04167e+10 1.04167e+10 1.04167e+10 
-0.00396038 0.0174 -0.00119626 0.0171979 -0.0024 0.02 0 0 0 0 0 0 1.04167e+10 1.04167e+10 1.04167e+10 
-0.00396038 0.0174 -0.0024 0.02 -0.004 0.02 0 0 0 0 0 0 1.04167e+10 1.04167e+10 1.04167e+10 
-0.0139286 0.00528571 -0.0135714 0.00371429 -0.0122349 0.00460208 0 0 0 0 0 0 2.08333e+10 2.08333e+10 2.08333e+10 
0 -0.0133333 0.00166667 -0.0144444 0.0015 -0.0129189 0 0 0 0 0 0 2.60417e+10 2.60417e+10 2.60417e+10 
0 -0.0133333 0 -0.015 0.00166667 -0.0144444 0 0 0 0 0 0 2.60417e+10 2.60417e+10 2.60417e+10 
0 -0.0133333 0.0015 -0.0129189 0 -0.0116667 0 0 0 0 0 0 2.60417e+10 2.60417e+10 2.60417e+10 
0 -0.0133333 0 -0.0116667 -0.0015 -0.012984 0 0 0 0 0 0 2.08333e+10 2.08333e+10 2.08333e+10 
0 -0.0133333 -0.00166667 -0.0145 0 -0.015 0 0 0 0 0 0 2.08333e+10 2.08333e+10 2.08333e+10 
0 -0.0133333 -0.0015 -0.012984 -0.00166667 -0.0145 0 0 0 0 0 0 2.08333e+10 2.08333e+10 2.08333e+10 
-0.02 -0.0072 -0.0183008 -0.00711937 -0.02 -0.0056 0 0 0 0 0 0 1.04167e+10 1.04167e+10 1.04167e+10 
-0.02 -0.0072 -0.02 -0.0088 -0.0183008 -0.00711937 0 0 0 0 0 0 1.04167e+10 1.04167e+10 1.04167e+10 
-0.0144796 -0.0149787 -0.0170014 -0.0151785 -0.0159773 -0.0172389 0 0 0 0 0 0 1.04167e+10 1.04167e+10 1.04167e+10 
-0.0144796 -0.0149787 -0.0164292 -0.0124652 -0.0170014 -0.0151785 0 0 0 0 0 0 1.04167e+10 1.04167e+10 1.04167e+10 
-0.0144796 -0.0149787 -0.0159773 -0.0172389 -0.0133648 -0.0177646 0 0 0 0 0 0 1.04167e+10 1.04167e+10 1.04167e+10 
-0.0144796 -0.0149787 -0.0133648 -0.0177646 -0.0121056 -0.0145863 0 0 0 0 0 0 1.04167e+10 1.04167e+10 1.04167e+10 
0.0107333 0.00200507 0.0121429 0.00257143 0.0117857 0.00414286 0 0 0 0 0 0 2.60417e+10 2.60417e+10 2.60417e+10 
0.0107333 0.00200507 0.0117857 0.00414286 0.0102328 0.00420745 0 0 0 0 0 0 2.60417e+10 2.60417e+10 2.60417e+10 
0.0107333 0.00200507 0.0102328 0.00420745 0.00833277 0.00241506 0 0 0 0 0 0 2.60417e+10 2.60417e+10 2.60417e+10 
0.0107333 0.00200507 0.0112339 -0.000197314 0.0125 0.001 0 0 0 0 0 0 2.60417e+10 2.60417e+10 2.60417e+10 
0.0107333 0.00200507 0.0125 0.001 0.0121429 0.00257143 0 0 0 0 0 0 2.60417e+10 2.60417e+10 2.60417e+10 
0.0107333 0.00200507 0.0090852 -0.000895668 0.0112339 -0.000197314 0 0 0 0 0 0 2.60417e+10 2.60417e+10 2.60417e+10 
0.0107333 0.00200507 0.00833277 0.00241506 0.0090852 -0.000895668 0 0 0 0 0 0 2.60417e+10 2.60417e+10 2.60417e+10 
0 0.005 -0.0015 0.00428459 0 0.00333333 0 0 0 0 0 0 2.08333e+10 2.08333e+10 2.08333e+10 
0 0.005 0 0.00333333 0.0015 0.00434968 0 0 0 0 0 0 2.60417e+10 2.60417e+10 2.60417e+10 
0 0.005 0.0015 0.00434968 0.0015 0.00650825 0 0 0 0 0 0 2.60417e+10 2.60417e+10 2.60417e+10 
0 0.005 0.0015 0.00650825 0 0.00666667 0 0 0 0 0 0 2.60417e+10 2.60417e+10 2.60417e+10 
0.00732367 -0.00274627 0.00634311 -0.000924598 0.00629121 -0.00368961 0 0 0 0 0 0 2.60417e+10 2.60417e+10 2.60417e+10 
0.00732367 -0.00274627 0.0090852 -0.000895668 0.00634311 -0.000924598 0 0 0 0 0 0 2.60417e+10 2.60417e+10 2.60417e+10 
0.00732367 -0.00274627 0.00983764 -0.0042064 0.0090852 -0.000895668 0 0 0 0 0 0 2.60417e+10 2.60417e+10 2.60417e+10 
0.00732367 -0.00274627 0.00629121 -0.00368961 0.00794413 -0.0060274 0 0 0 0 0 0 2.60417e+10 2.60417e+10 2.60417e+10 
0.00732367 -0.00274627 0.00794413 -0.0060274 0.00983764 -0.0042064 0 0 0 0 0 0 2.60417e+10 2.60417e+10 2.60417e+10 
0.0034614 -0.0174064 0.00585176 -0.017725 0.00542275 -0.0153622 0 0 0 0 0 0 1.04167e+10 1.04167e+10 1.04167e+10 
0.0034614 -0.0174064 0.004 -0.02 0.00585176 -0.017725 0 0 0 0 0 0 1.04167e+10 1.04167e+10 1.04167e+10 
0.0034614 -0.0174064 0.00139375 -0.0173099 0.0024 -0.02 0 0 0 0 0 0 1.04167e+10 1.04167e+10 1.04167e+10 
0.0034614 -0.0174064 0.0024 -0.02 0.004 -0.02 0 0 0 0 0 0 1.04167e+10 1.04167e+10 1.04167e+10 
0.00546231 0.00709712 0.00758033 0.00572579 0.00682789 0.00903652 0 0 0 0 0 0 2.60417e+10 2.60417e+10 2.60417e+10 
0.00546231 0.00709712 0.00375 0.00666705 0.00579699 0.00411585 0 0 0 0 0 0 2.60417e+10 2.60417e+10 2.60417e+10 
0.00546231 0.00709712 0.00579699 0.00411585 0.00758033 0.00572579 0 0 0 0 0 0 2.60417e+10 2.60417e+10 2.60417e+10 
0.00546231 0.00709712 0.00682789 0.00903652 0.00375 0.00995989 0 0 0 0 0 0 2.60417e+10 2.60417e+10 2.60417e+10 
0.00546231 0.00709712 0.00375 0.00995989 0.00375 0.00666705 0 0 0 0 0 0 2.60417e+10 2.60417e+10 2.60417e+10 
0.006 -0.00667544 0.00375 -0.00979715 0.00717004 -0.00865714 0 0 0 0 0 0 2.60417e+10 2.60417e+10 2.60417e+10 
0.006 -0.00667544 0.00375 -0.00650431 0.00375 -0.00979715 0 0 0 0 0 0 2.60417e+10 2.60417e+10 2.60417e+10 
0.006 -0.00667544 0.00717004 -0.00865714 0.00794413 -0.0060274 0 0 0 0 0 0 2.60417e+10 2.60417e+10 2.60417e+10 
0.006 -0.00667544 0.00629121 -0.00368961 0.00375 -0.00650431 0 0 0 0 0 0 2.60417e+10 2.60417e+10 2.60417e+10 
0.006 -0.00667544 0.00794413 -0.0060274 0.00629121 -0.00368961 0 0 0 0 0 0 2.60417e+10 2.60417e+10 2.60417e+10 
-0.00345601 0.0122669 -0.00375 0.00979715 -0.0015 0.0107603 0 0 0 0 0 0 2.08333e+10 2.08333e+10 2.08333e+10 
-0.00345601 0.0122669 -0.00333333 0.0138889 -0.005 0.0133333 0 0 0 0 0 0 2.08333e+10 2.08333e+10 2.08333e+10 
-0.00345601 0.0122669 -0.005 0.0133333 -0.00541201 0.0116149 0 0 0 0 0 0 2.08333e+10 2.08333e+10 2.08333e+10 
-0.00345601 0.0122669 -0.00541201 0.0116149 -0.00375 0.00979715 0 0 0 0 0 0 2.08333e+10 2.08333e+10 2.08333e+10 
-0.00345601 0.0122669 -0.0015 0.0129189 -0.00333333 0.0138889 0 0 0 0 0 0 2.08333e+10 2.08333e+10 2.08333e+10 
-0.00345601 0.0122669 -0.0015 0.0107603 -0.0015 0.0129189 0 0 0 0 0 0 2.08333e+10 2.08333e+10 2.08333e+10 
0.0015 0.012984 0.00166667 0.0145 0 0.0133333 0 0 0 0 0 0 2.60417e+10 2.60417e+10 2.60417e+10 
0.0015 0.012984 0.00333333 0.014 0.00166667 0.0145 0 0 0 0 0 0 2.60417e+10 2.60417e+10 2.60417e+10 
0.0015 0.012984 0.00391039 0.0122608 0.00333333 0.014 0 0 0 0 0 0 2.60417e+10 2.60417e+10 2.60417e+10 
0.0015 0.012984 0.0015 0.0108254 0.00391039 0.0122608 0 0 0 0 0 0 2.60417e+10 2.60417e+10 2.60417e+10 
0.0015 0.012984 0 0.0116667 0.0015 0.0108254 0 0 0 0 0 0 2.60417e+10 2.60417e+10 2.60417e+10 
0.0015 0.012984 0 0.0133333 0 0.0116667 0 0 0 0 0 0 2.60417e+10 2.60417e+10 2.60417e+10 
0.0186252 -0.002735 0.0164505 -0.00266024 0.018064 -0.00535031 0 0 0 0 0 0 1.04167e+10 1.04167e+10 1.04167e+10 
0.0186252 -0.002735 0.018064 -0.00535031 0.02 -0.004 0 0 0 0 0 0 1.04167e+10 1.04167e+10 1.04167e+10 
0.0186252 -0.002735 0.02 -0.004 0.02 -0.0024 0 0 0 0 0 0 1.04167e+10 1.04167e+10 1.04167e+10 
0.0186252 -0.002735 0.0180066 -0.000401744 0.0164505 -0.00266024 0 0 0 0 0 0 1.04167e+10 1.04167e+10 1.04167e+10 
0.0186252 -0.002735 0.02 -0.0008 0.0180066 -0.000401744 0 0 0 0 0 0 1.04167e+10 1.04167e+10 1.04167e+10 
0.0186252 -0.002735 0.02 -0.0024 0.02 -0.0008 0 0 0 0 0 0 1.04167e+10 1.04167e+10 1.04167e+10 
-0.0127355 0.00680447 -0.0122349 0.00460208 -0.0105901 0.00751713 0 0 0 0 0 0 2.08333e+10 2.08333e+10 2.08333e+10 
-0.0127355 0.00680447 -0.0105901 0.00751713 -0.013236 0.00900685 0 0 0 0 0 0 2.08333e+10 2.08333e+10 2.08333e+10 
-0.0127355 0.00680447 -0.013236 0.00900685 -0.0142857 0.00685714 0 0 0 0 0 0 2.08333e+10 2.08333e+10 2.08333e+10 
-0.0127355 0.00680447 -0.0139286 0.00528571 -0.0122349 0.00460208 0 0 0 0 0 0 2.08333e+10 2.08333e+10 2.08333e+10 
-0.0127355 0.00680447 -0.0142857 0.00685714 -0.0139286 0.00528571 0 0 0 0 0 0 2.08333e+10 2.08333e+10 2.08333e+10 
0.00345601 -0.0122669 0.0015 -0.0129189 0.00333333 -0.0138889 0 0 0 0 0 0 2.60417e+10 2.60417e+10 2.60417e+10 
0.00345601 -0.0122669 0.0015 -0.0107603 0.0015 -0.0129189 0 0 0 0 0 0 2.60417e+10 2.60417e+10 2.60417e+10 
0.00345601 -0.0122669 0.00541201 -0.0116149 0.00375 -0.00979715 0 0 0 0 0 0 2.60417e+10 2.60417e+10 2.60417e+10 
0.00345601 -0.0122669 0.00375 -0.00979715 0.0015 -0.0107603 0 0 0 0 0 0 2.60417e+10 2.60417e+10 2.60417e+10 
0.00345601 -0.0122669 0.005 -0.0133333 0.00541201 -0.0116149 0 0 0 0 0 0 2.60417e+10 2.60417e+10 2.60417e+10 
0.00345601 -0.0122669 0.00333333 -0.0138889 0.005 -0.0133333 0 0 0 0 0 0 2.60417e+10 2.60417e+10 2.60417e+10 
-0.0162285 0.00731717 -0.0187568 0.00780532 -0.0166762 0.00456563 0 0 0 0 0 0 1.04167e+10 1.04167e+10 1.04167e+10 
-0.0015 0.00644316 -0.0015 0.00860173 -0.00375 0.00650431 0 0 0 0 0 0 2.08333e+10 2.08333e+10 2.08333e+10 
-0.0015 0.00644316 -0.00375 0.00650431 -0.0015 0.00428459 0 0 0 0 0 0 2.08333e+10 2.08333e+10 2.08333e+10 
-0.0015 0.00644316 0 0.00833333 -0.0015 0.00860173 0 0 0 0 0 0 2.08333e+10 2.08333e+10 2.08333e+10 
-0.0015 0.00644316 0 0.00666667 0 0.00833333 0 0 0 0 0 0 2.08333e+10 2.08333e+10 2.08333e+10 
-0.0015 0.00644316 -0.0015 0.00428459 0 0.005 0 0 0 0 0 0 2.08333e+10 2.08333e+10 2.08333e+10 
-0.0015 0.00644316 0 0.005 0 0.00666667 0 0 0 0 0 0 2.08333e+10 2.08333e+10 2.08333e+10 
0.012 -0.02 0.0136 -0.02 0.0134511 -0.0178423 0 0 0 0 0 0 1.04167e+10 1.04167e+10 1.04167e+10 
0.012 -0.02 0.0134511 -0.0178423 0.0109746 -0.0175867 0 0 0 0 0 0 1.04167e+10 1.04167e+10 1.04167e+10 
0.012 -0.02 0.0109746 -0.0175867 0.0104 -0.02 0 0 0 0 0 0 1.04167e+10 1.04167e+10 1.04167e+10 
0.0088 0.02 0.00856539 0.017631 0.0104 0.02 0 0 0 0 0 0 1.04167e+10 1.04167e+10 1.04167e+10 
0.0088 0.02 0.0072 0.02 0.00856539 0.017631 0 0 0 0 0 0 1.04167e+10 1.04167e+10 1.04167e+10 
0.00375 -0.00321147 0.0015 -0.00212602 0.0015 -0.00428459 0 0 0 0 0 0 2.60417e+10 2.60417e+10 2.60417e+10 
0.00375 -0.00321147 0.00375 8.13661e-05 0.0015 -0.00212602 0 0 0 0 0 0 2.60417e+10 2.60417e+10 2.60417e+10 
0.00375 -0.00321147 0.0015 -0.00428459 0.00375 -0.00650431 0 0 0 0 0 0 2.60417e+10 2.60417e+10 2.60417e+10 
0.00375 -0.00321147 0.00375 -0.00650431 0.00629121 -0.00368961 0 0 0 0 0 0 2.60417e+10 2.60417e+10 2.60417e+10 
0.00375 -0.00321147 0.00634311 -0.000924598 0.00375 8.13661e-05 0 0 0 0 0 0 2.60417e+10 2.60417e+10 2.60417e+10 
0.00375 -0.00321147 0.00629121 -0.00368961 0.00634311 -0.000924598 0 0 0 0 0 0 2.60417e+10 2.60417e+10 2.60417e+10 
0.0184 0.02 0.02 0.0184 0.02 0.02 0 0 0 0 0 0 1.04167e+10 1.04167e+10 1.04167e+10 
0.0184 0.02 0.0189027 0.0170678 0.02 0.0184 0 0 0 0 0 0 1.04167e+10 1.04167e+10 1.04167e+10 
0.0184 0.02 0.0168 0.02 0.0164481 0.0173355 0 0 0 0 0 0 1.04167e+10 1.04167e+10 1.04167e+10 
0.0184 0.02 0.0164481 0.0173355 0.0189027 0.0170678 0 0 0 0 0 0 1.04167e+10 1.04167e+10 1.04167e+10 
0.00833333 0.0125 0.00666667 0.013 0.00632077 0.0115377 0 0 0 0 0 0 2.60417e+10 2.60417e+10 2.60417e+10 
0.00833333 0.0125 0.00632077 0.0115377 0.00873116 0.0108146 0 0 0 0 0 0 2.60417e+10 2.60417e+10 2.60417e+10 
0.00833333 0.0125 0.00873116 0.0108146 0.01 0.012 0 0 0 0 0 0 2.60417e+10 2.60417e+10 2.60417e+10 
0.012 0.02 0.0113208 0.0178671 0.0139377 0.0177711 0 0 0 0 0 0 1.04167e+10 1.04167e+10 1.04167e+10 
0.012 0.02 0.0104 0.02 0.0113208 0.0178671 0 0 0 0 0 0 1.04167e+10 1.04167e+10 1.04167e+10 
-0.0184273 -0.0175924 -0.0159773 -0.0172389 -0.0170014 -0.0151785 0 0 0 0 0 0 1.04167e+10 1.04167e+10 1.04167e+10 
-0.0184273 -0.0175924 -0.02 -0.0168 -0.02 -0.0184 0 0 0 0 0 0 1.04167e+10 1.04167e+10 1.04167e+10 
-0.0184273 -0.0175924 -0.0170014 -0.0151785 -0.02 -0.0152 0 0 0 0 0 0 1.04167e+10 1.04167e+10 1.04167e+10 
-0.0184273 -0.0175924 -0.02 -0.0152 -0.02 -0.0168 0 0 0 0 0 0 1.04167e+10 1.04167e+10 1.04167e+10 
-0.0184273 -0.0175924 -0.02 -0.0184 -0.0184 -0.02 0 0 0 0 0 0 1.04167e+10 1.04167e+10 1.04167e+10 
-0.0184273 -0.0175924 -0.0168 -0.02 -0.0159773 -0.0172389 0 0 0 0 0 0 1.04167e+10 1.04167e+10 1.04167e+10 
-0.0184273 -0.0175924 -0.0184 -0.02 -0.0168 -0.02 0 0 0 0 0 0 1.04167e+10 1.04167e+10 1.04167e+10 
-0.0104 -0.02 -0.0088 -0.02 -0.00891945 -0.0174528 0 0 0 0 0 0 1.04167e+10 1.04167e+10 1.04167e+10 
-0.0104 -0.02 -0.00891945 -0.0174528 -0.0113692 -0.0172653 0 0 0 0 0 0 1.04167e+10 1.04167e+10 1.04167e+10 
-0.0104 -0.02 -0.0113692 -0.0172653 -0.012 -0.02 0 0 0 0 0 0 1.04167e+10 1.04167e+10 1.04167e+10 
0.0136 0.02 0.0139377 0.0177711 0.0152 0.02 0 0 0 0 0 0 1.04167e+10 1.04167e+10 1.04167e+10 
0.0136 0.02 0.012 0.02 0.0139377 0.0177711 0 0 0 0 0 0 1.04167e+10 1.04167e+10 1.04167e+10 
-0.0138342 -0.0122723 -0.0146889 -0.00972458 -0.0164292 -0.0124652 0 0 0 0 0 0 1.04167e+10 1.04167e+10 1.04167e+10 
-0.0138342 -0.0122723 -0.0164292 -0.0124652 -0.0144796 -0.0149787 0 0 0 0 0 0 1.04167e+10 1.04167e+10 1.04167e+10 
-0.0138342 -0.0122723 -0.0144796 -0.0149787 -0.0121056 -0.0145863 0 0 0 0 0 0 1.04167e+10 1.04167e+10 1.04167e+10 
0.00661859 -0.0143342 0.00542275 -0.0153622 0.00763069 -0.0148572 0 0 0 0 0 0 1.04167e+10 1.04167e+10 1.04167e+10 
0.00661859 -0.0143342 0.00666667 -0.0127778 0.005 -0.0133333 0 0 0 0 0 0 1.04167e+10 1.04167e+10 1.04167e+10 
0.00661859 -0.0143342 0.005 -0.0133333 0.00542275 -0.0153622 0 0 0 0 0 0 1.04167e+10 1.04167e+10 1.04167e+10 
0.0147249 -0.00219577 0.0164505 -0.00266024 0.0155856 -0.000277764 0 0 0 0 0 0 1.04167e+10 1.04167e+10 1.04167e+10 
0.0147249 -0.00219577 0.0132143 -0.00214286 0.0135714 -0.00371429 0 0 0 0 0 0 1.04167e+10 1.04167e+10 1.04167e+10 
0.0106585 -0.0129875 0.0116667 -0.0111111 0.01 -0.0116667 0 0 0 0 0 0 1.04167e+10 1.04167e+10 1.04167e+10 
0.0106585 -0.0129875 0.0107415 -0.0151322 0.0125186 -0.01542 0 0 0 0 0 0 1.04167e+10 1.04167e+10 1.04167e+10 
-0.0126785 0.0123142 -0.0121205 0.0147111 -0.0147713 0.0153401 0 0 0 0 0 0 1.04167e+10 1.04167e+10 1.04167e+10 
-0.0126785 0.0123142 -0.0133333 0.0105556 -0.0116667 0.0111111 0 0 0 0 0 0 1.04167e+10 1.04167e+10 1.04167e+10 
0.0112361 0.0131548 0.0139431 0.0124497 0.0130393 0.0145943 0 0 0 0 0 0 1.04167e+10 1.04167e+10 1.04167e+10 
0.0112361 0.0131548 0.0130393 0.0145943 0.0102637 0.0152755 0 0 0 0 0 0 1.04167e+10 1.04167e+10 1.04167e+10 
0.0132297 0.00438306 0.0117857 0.00414286 0.0121429 0.00257143 0 0 0 0 0 0 1.04167e+10 1.04167e+10 1.04167e+10 
0.0132297 0.00438306 0.0114286 0.00571429 0.0117857 0.00414286 0 0 0 0 0 0 1.04167e+10 1.04167e+10 1.04167e+10 
-0.0167185 0.0109675 -0.0188031 0.0120672 -0.0174431 0.0101288 0 0 0 0 0 0 1.04167e+10 1.04167e+10 1.04167e+10 
-0.0167185 0.0109675 -0.0159771 0.0127401 -0.0188031 0.0120672 0 0 0 0 0 0 1.04167e+10 1.04167e+10 1.04167e+10 
-0.000558655 0.0163542 -0.00166667 0.0144444 0 0.015 0 0 0 0 0 0 1.04167e+10 1.04167e+10 1.04167e+10 
-0.0106585 0.0129875 -0.00950399 0.0150225 -0.0121205 0.0147111 0 0 0 0 0 0 1.04167e+10 1.04167e+10 1.04167e+10 
-0.0106585 0.0129875 -0.0121205 0.0147111 -0.0126785 0.0123142 0 0 0 0 0 0 1.04167e+10 1.04167e+10 1.04167e+10 
-0.0106585 0.0129875 -0.0116667 0.0111111 -0.01 0.0116667 0 0 0 0 0 0 1.04167e+10 1.04167e+10 1.04167e+10 
-0.0106585 0.0129875 -0.0126785 0.0123142 -0.0116667 0.0111111 0 0 0 0 0 0 1.04167e+10 1.04167e+10 1.04167e+10 
-0.0132297 -0.00438306 -0.0117857 -0.00414286 -0.0121429 -0.00257143 0 0 0 0 0 0 1.04167e+10 1.04167e+10 1.04167e+10 
-0.0132297 -0.00438306 -0.0114286 -0.00571429 -0.0117857 -0.00414286 0 0 0 0 0 0 1.04167e+10 1.04167e+10 1.04167e+10 
0.0142265 -2.82827e-06 0.0125 0.001 0.0128571 -0.000571429 0 0 0 0 0 0 1.04167e+10 1.04167e+10 1.04167e+10 
0.0142265 -2.82827e-06 0.0155856 -0.000277764 0.0165163 0.00231483 0 0 0 0 0 0 1.04167e+10 1.04167e+10 1.04167e+10 
0.0142265 -2.82827e-06 0.0128571 -0.000571429 0.0132143 -0.00214286 0 0 0 0 0 0 1.04167e+10 1.04167e+10 1.04167e+10 
0.0142265 -2.82827e-06 0.0132143 -0.00214286 0.0147249 -0.00219577 0 0 0 0 0 0 1.04167e+10 1.04167e+10 1.04167e+10 
0.0142265 -2.82827e-06 0.0147249 -0.00219577 0.0155856 -0.000277764 0 0 0 0 0 0 1.04167e+10 1.04167e+10 1.04167e+10 
0.0122329 0.00876894 0.0107143 0.00885714 0.0110714 0.00728571 0 0 0 0 0 0 1.04167e+10 1.04167e+10 1.04167e+10 
0.0122329 0.00876894 0.0136825 0.00763898 0.0131007 0.0101213 0 0 0 0 0 0 1.04167e+10 1.04167e+10 1.04167e+10 
0.0167185 -0.0109675 0.0189126 -0.0121862 0.017896 -0.00977208 0 0 0 0 0 0 1.04167e+10 1.04167e+10 1.04167e+10 
0.0167185 -0.0109675 0.0166744 -0.0124224 0.0189126 -0.0121862 0 0 0 0 0 0 1.04167e+10 1.04167e+10 1.04167e+10 
-0.0117345 -0.0109619 -0.0103571 -0.0104286 -0.0107143 -0.00885714 0 0 0 0 0 0 1.04167e+10 1.04167e+10 1.04167e+10 
-0.0117345 -0.0109619 -0.01 -0.012 -0.0103571 -0.0104286 0 0 0 0 0 0 1.04167e+10 1.04167e+10 1.04167e+10 
-0.0117345 -0.0109619 -0.0146889 -0.00972458 -0.0138342 -0.0122723 0 0 0 0 0 0 1.04167e+10 1.04167e+10 1.04167e+10 
0.0127313 0.006576 0.0110714 0.00728571 0.0114286 0.00571429 0 0 0 0 0 0 1.04167e+10 1.04167e+10 1.04167e+10 
0.0127313 0.006576 0.0114286 0.00571429 0.0132297 0.00438306 0 0 0 0 0 0 1.04167e+10 1.04167e+10 1.04167e+10 
0.0127313 0.006576 0.0122329 0.00876894 0.0110714 0.00728571 0 0 0 0 0 0 1.04167e+10 1.04167e+10 1.04167e+10 
0.0127313 0.006576 0.0136825 0.00763898 0.0122329 0.00876894 0 0 0 0 0 0 1.04167e+10 1.04167e+10 1.04167e+10 
0.0127313 0.006576 0.0151049 0.00480217 0.0136825 0.00763898 0 0 0 0 0 0 1.04167e+10 1.04167e+10 1.04167e+10 
0.0127313 0.006576 0.0132297 0.00438306 0.0151049 0.00480217 0 0 0 0 0 0 1.04167e+10 1.04167e+10 1.04167e+10 
-0.00863857 0.0136608 -0.00699594 0.0150842 -0.00950399 0.0150225 0 0 0 0 0 0 1.04167e+10 1.04167e+10 1.04167e+10 
-0.00863857 0.0136608 -0.00833333 0.0122222 -0.00666667 0.0127778 0 0 0 0 0 0 1.04167e+10 1.04167e+10 1.04167e+10 
-0.00863857 0.0136608 -0.00666667 0.0127778 -0.00699594 0.0150842 0 0 0 0 0 0 1.04167e+10 1.04167e+10 1.04167e+10 
-0.00863857 0.0136608 -0.00950399 0.0150225 -0.0106585 0.0129875 0 0 0 0 0 0 1.04167e+10 1.04167e+10 1.04167e+10 
-0.00863857 0.0136608 -0.01 0.0116667 -0.00833333 0.0122222 0 0 0 0 0 0 1.04167e+10 1.04167e+10 1.04167e+10 
-0.00863857 0.0136608 -0.0106585 0.0129875 -0.01 0.0116667 0 0 0 0 0 0 1.04167e+10 1.04167e+10 1.04167e+10 
0.00277116 0.0156943 0.00367019 0.0173969 0.00132347 0.0170753 0 0 0 0 0 0 1.04167e+10 1.04167e+10 1.04167e+10 
0.00277116 0.0156943 0.00166667 0.0145 0.00333333 0.014 0 0 0 0 0 0 1.04167e+10 1.04167e+10 1.04167e+10 
-0.0152233 0.00438871 -0.0166762 0.00456563 -0.0160728 0.00262044 0 0 0 0 0 0 1.04167e+10 1.04167e+10 1.04167e+10 
-0.0152233 0.00438871 -0.0135714 0.00371429 -0.0139286 0.00528571 0 0 0 0 0 0 1.04167e+10 1.04167e+10 1.04167e+10 
0.00700364 0.0144246 0.005 0.0135 0.00666667 0.013 0 0 0 0 0 0 1.04167e+10 1.04167e+10 1.04167e+10 
0.00700364 0.0144246 0.00666667 0.013 0.00833333 0.0125 0 0 0 0 0 0 1.04167e+10 1.04167e+10 1.04167e+10 
0.00257863 -0.0156808 0.00333333 -0.0138889 0.00166667 -0.0144444 0 0 0 0 0 0 1.04167e+10 1.04167e+10 1.04167e+10 
0.00257863 -0.0156808 0.00139375 -0.0173099 0.0034614 -0.0174064 0 0 0 0 0 0 1.04167e+10 1.04167e+10 1.04167e+10 
0.000558655 -0.0163542 -0.000829299 -0.0171358 0.00139375 -0.0173099 0 0 0 0 0 0 1.04167e+10 1.04167e+10 1.04167e+10 
0.000558655 -0.0163542 0 -0.015 -0.000829299 -0.0171358 0 0 0 0 0 0 1.04167e+10 1.04167e+10 1.04167e+10 
0.000558655 -0.0163542 0.00139375 -0.0173099 0.00257863 -0.0156808 0 0 0 0 0 0 1.04167e+10 1.04167e+10 1.04167e+10 
0.000558655 -0.0163542 0.00166667 -0.0144444 0 -0.015 0 0 0 0 0 0 1.04167e+10 1.04167e+10 1.04167e+10 
0.000558655 -0.0163542 0.00257863 -0.0156808 0.00166667 -0.0144444 0 0 0 0 0 0 1.04167e+10 1.04167e+10 1.04167e+10 
-0.0122329 -0.00876894 -0.0107143 -0.00885714 -0.0110714 -0.00728571 0 0 0 0 0 0 1.04167e+10 1.04167e+10 1.04167e+10 
-0.0122329 -0.00876894 -0.0117345 -0.0109619 -0.0107143 -0.00885714 0 0 0 0 0 0 1.04167e+10 1.04167e+10 1.04167e+10 
-0.0122329 -0.00876894 -0.0135065 -0.00761492 -0.0146889 -0.00972458 0 0 0 0 0 0 1.04167e+10 1.04167e+10 1.04167e+10 
-0.0122329 -0.00876894 -0.0146889 -0.00972458 -0.0117345 -0.0109619 0 0 0 0 0 0 1.04167e+10 1.04167e+10 1.04167e+10 
0.0137281 0.00219011 0.0121429 0.00257143 0.0125 0.001 0 0 0 0 0 0 1.04167e+10 1.04167e+10 1.04167e+10 
0.0137281 0.00219011 0.0132297 0.00438306 0.0121429 0.00257143 0 0 0 0 0 0 1.04167e+10 1.04167e+10 1.04167e+10 
0.0137281 0.00219011 0.0165163 0.00231483 0.0151049 0.00480217 0 0 0 0 0 0 1.04167e+10 1.04167e+10 1.04167e+10 
0.0137281 0.00219011 0.0151049 0.00480217 0.0132297 0.00438306 0 0 0 0 0 0 1.04167e+10 1.04167e+10 1.04167e+10 
0.0137281 0.00219011 0.0125 0.001 0.0142265 -2.82827e-06 0 0 0 0 0 0 1.04167e+10 1.04167e+10 1.04167e+10 
0.0137281 0.00219011 0.0142265 -2.82827e-06 0.0165163 0.00231483 0 0 0 0 0 0 1.04167e+10 1.04167e+10 1.04167e+10 
0.00911989 0.0137897 0.0102637 0.0152755 0.00777504 0.015331 0 0 0 0 0 0 1.04167e+10 1.04167e+10 1.04167e+10 
0.00911989 0.0137897 0.00777504 0.015331 0.00700364 0.0144246 0 0 0 0 0 0 1.04167e+10 1.04167e+10 1.04167e+10 
0.00911989 0.0137897 0.00700364 0.0144246 0.00833333 0.0125 0 0 0 0 0 0 1.04167e+10 1.04167e+10 1.04167e+10 
0.00911989 0.0137897 0.00833333 0.0125 0.01 0.012 0 0 0 0 0 0 1.04167e+10 1.04167e+10 1.04167e+10 
0.00911989 0.0137897 0.01 0.012 0.0112361 0.0131548 0 0 0 0 0 0 1.04167e+10 1.04167e+10 1.04167e+10 
0.00911989 0.0137897 0.0112361 0.0131548 0.0102637 0.0152755 0 0 0 0 0 0 1.04167e+10 1.04167e+10 1.04167e+10 
-0.00257863 0.0156808 -0.00483305 0.0152886 -0.00333333 0.0138889 0 0 0 0 0 0 1.04167e+10 1.04167e+10 1.04167e+10 
-0.00257863 0.0156808 -0.00333333 0.0138889 -0.00166667 0.0144444 0 0 0 0 0 0 1.04167e+10 1.04167e+10 1.04167e+10 
-0.00257863 0.0156808 -0.00119626 0.0171979 -0.00396038 0.0174 0 0 0 0 0 0 1.04167e+10 1.04167e+10 1.04167e+10 
-0.00257863 0.0156808 -0.000558655 0.0163542 -0.00119626 0.0171979 0 0 0 0 0 0 1.04167e+10 1.04167e+10 1.04167e+10 
-0.00257863 0.0156808 -0.00166667 0.0144444 -0.000558655 0.0163542 0 0 0 0 0 0 1.04167e+10 1.04167e+10 1.04167e+10 
-0.00257863 0.0156808 -0.00396038 0.0174 -0.00483305 0.0152886 0 0 0 0 0 0 1.04167e+10 1.04167e+10 1.04167e+10 
-0.0162201 0.0087746 -0.0146429 0.00842857 -0.015 0.01 0 0 0 0 0 0 1.04167e+10 1.04167e+10 1.04167e+10 
-0.0162201 0.0087746 -0.0162285 0.00731717 -0.0146429 0.00842857 0 0 0 0 0 0 1.04167e+10 1.04167e+10 1.04167e+10 
-0.0162201 0.0087746 -0.0174431 0.0101288 -0.0187568 0.00780532 0 0 0 0 0 0 1.04167e+10 1.04167e+10 1.04167e+10 
-0.0162201 0.0087746 -0.0187568 0.00780532 -0.0162285 0.00731717 0 0 0 0 0 0 1.04167e+10 1.04167e+10 1.04167e+10 
-0.0162201 0.0087746 -0.015 0.01 -0.0167185 0.0109675 0 0 0 0 0 0 1.04167e+10 1.04167e+10 1.04167e+10 
-0.0162201 0.0087746 -0.0167185 0.0109675 -0.0174431 0.0101288 0 0 0 0 0 0 1.04167e+10 1.04167e+10 1.04167e+10 
0.00863857 -0.0136608 0.01 -0.0116667 0.00833333 -0.0122222 0 0 0 0 0 0 1.04167e+10 1.04167e+10 1.04167e+10 
0.00863857 -0.0136608 0.0106585 -0.0129875 0.01 -0.0116667 0 0 0 0 0 0 1.04167e+10 1.04167e+10 1.04167e+10 
0.00863857 -0.0136608 0.00833333 -0.0122222 0.00666667 -0.0127778 0 0 0 0 0 0 1.04167e+10 1.04167e+10 1.04167e+10 
0.00863857 -0.0136608 0.00763069 -0.0148572 0.0107415 -0.0151322 0 0 0 0 0 0 1.04167e+10 1.04167e+10 1.04167e+10 
0.00863857 -0.0136608 0.0107415 -0.0151322 0.0106585 -0.0129875 0 0 0 0 0 0 1.04167e+10 1.04167e+10 1.04167e+10 
0.00863857 -0.0136608 0.00661859 -0.0143342 0.00763069 -0.0148572 0 0 0 0 0 0 1.04167e+10 1.04167e+10 1.04167e+10 
0.00863857 -0.0136608 0.00666667 -0.0127778 0.00661859 -0.0143342 0 0 0 0 0 0 1.04167e+10 1.04167e+10 1.04167e+10 
0.0157217 -0.00658166 0.0139286 -0.00528571 0.0142857 -0.00685714 0 0 0 0 0 0 1.04167e+10 1.04167e+10 1.04167e+10 
0.0157217 -0.00658166 0.0187927 -0.00786905 0.018064 -0.00535031 0 0 0 0 0 0 1.04167e+10 1.04167e+10 1.04167e+10 
0.0157217 -0.00658166 0.0142857 -0.00685714 0.0146429 -0.00842857 0 0 0 0 0 0 1.04167e+10 1.04167e+10 1.04167e+10 
-0.0147249 0.00219577 -0.0132143 0.00214286 -0.0135714 0.00371429 0 0 0 0 0 0 1.04167e+10 1.04167e+10 1.04167e+10 
-0.0147249 0.00219577 -0.0160728 0.00262044 -0.0148418 0.000132241 0 0 0 0 0 0 1.04167e+10 1.04167e+10 1.04167e+10 
-0.0147249 0.00219577 -0.0152233 0.00438871 -0.0160728 0.00262044 0 0 0 0 0 0 1.04167e+10 1.04167e+10 1.04167e+10 
-0.0147249 0.00219577 -0.0135714 0.00371429 -0.0152233 0.00438871 0 0 0 0 0 0 1.04167e+10 1.04167e+10 1.04167e+10 
-0.0147249 0.00219577 -0.0128571 0.000571429 -0.0132143 0.00214286 0 0 0 0 0 0 1.04167e+10 1.04167e+10 1.04167e+10 
-0.0147249 0.00219577 -0.0148418 0.000132241 -0.0128571 0.000571429 0 0 0 0 0 0 1.04167e+10 1.04167e+10 1.04167e+10 
0.000654918 0.0163292 0 0.015 0.00166667 0.0145 0 0 0 0 0 0 1.04167e+10 1.04167e+10 1.04167e+10 
0.000654918 0.0163292 -0.000558655 0.0163542 0 0.015 0 0 0 0 0 0 1.04167e+10 1.04167e+10 1.04167e+10 
0.000654918 0.0163292 0.00277116 0.0156943 0.00132347 0.0170753 0 0 0 0 0 0 1.04167e+10 1.04167e+10 1.04167e+10 
0.000654918 0.0163292 0.00166667 0.0145 0.00277116 0.0156943 0 0 0 0 0 0 1.04167e+10 1.04167e+10 1.04167e+10 
0.000654918 0.0163292 0.00132347 0.0170753 -0.00119626 0.0171979 0 0 0 0 0 0 1.04167e+10 1.04167e+10 1.04167e+10 
0.000654918 0.0163292 -0.00119626 0.0171979 -0.000558655 0.0163542 0 0 0 0 0 0 1.04167e+10 1.04167e+10 1.04167e+10 
-0.0048874 -0.0150594 -0.00624478 -0.0173872 -0.00384331 -0.0174883 0 0 0 0 0 0 1.04167e+10 1.04167e+10 1.04167e+10 
-0.0048874 -0.0150594 -0.005 -0.0135 -0.0070766 -0.0147638 0 0 0 0 0 0 1.04167e+10 1.04167e+10 1.04167e+10 
-0.0048874 -0.0150594 -0.0070766 -0.0147638 -0.00624478 -0.0173872 0 0 0 0 0 0 1.04167e+10 1.04167e+10 1.04167e+10 
-0.0048874 -0.0150594 -0.00333333 -0.014 -0.005 -0.0135 0 0 0 0 0 0 1.04167e+10 1.04167e+10 1.04167e+10 
0.0117345 0.0109619 0.0131007 0.0101213 0.0139431 0.0124497 0 0 0 0 0 0 1.04167e+10 1.04167e+10 1.04167e+10 
0.0117345 0.0109619 0.0139431 0.0124497 0.0112361 0.0131548 0 0 0 0 0 0 1.04167e+10 1.04167e+10 1.04167e+10 
0.0117345 0.0109619 0.0103571 0.0104286 0.0107143 0.00885714 0 0 0 0 0 0 1.04167e+10 1.04167e+10 1.04167e+10 
0.0117345 0.0109619 0.0107143 0.00885714 0.0122329 0.00876894 0 0 0 0 0 0 1.04167e+10 1.04167e+10 1.04167e+10 
0.0117345 0.0109619 0.0122329 0.00876894 0.0131007 0.0101213 0 0 0 0 0 0 1.04167e+10 1.04167e+10 1.04167e+10 
0.0117345 0.0109619 0.01 0.012 0.0103571 0.0104286 0 0 0 0 0 0 1.04167e+10 1.04167e+10 1.04167e+10 
0.0117345 0.0109619 0.0112361 0.0131548 0.01 0.012 0 0 0 0 0 0 1.04167e+10 1.04167e+10 1.04167e+10 
0.0146985 -0.0116409 0.015 -0.01 0.0133333 -0.0105556 0 0 0 0 0 0 1.04167e+10 1.04167e+10 1.04167e+10 
0.0146985 -0.0116409 0.0133333 -0.0105556 0.0136441 -0.0123367 0 0 0 0 0 0 1.04167e+10 1.04167e+10 1.04167e+10 
0.0146985 -0.0116409 0.0136441 -0.0123367 0.0166744 -0.0124224 0 0 0 0 0 0 1.04167e+10 1.04167e+10 1.04167e+10 
0.0146985 -0.0116409 0.0167185 -0.0109675 0.015 -0.01 0 0 0 0 0 0 1.04167e+10 1.04167e+10 1.04167e+10 
0.0146985 -0.0116409 0.0166744 -0.0124224 0.0167185 -0.0109675 0 0 0 0 0 0 1.04167e+10 1.04167e+10 1.04167e+10 
0.0152233 -0.00438871 0.0135714 -0.00371429 0.0139286 -0.00528571 0 0 0 0 0 0 1.04167e+10 1.04167e+10 1.04167e+10 
0.0152233 -0.00438871 0.0139286 -0.00528571 0.0157217 -0.00658166 0 0 0 0 0 0 1.04167e+10 1.04167e+10 1.04167e+10 
0.0152233 -0.00438871 0.018064 -0.00535031 0.0164505 -0.00266024 0 0 0 0 0 0 1.04167e+10 1.04167e+10 1.04167e+10 
0.0152233 -0.00438871 0.0157217 -0.00658166 0.018064 -0.00535031 0 0 0 0 0 0 1.04167e+10 1.04167e+10 1.04167e+10 
0.0152233 -0.00438871 0.0164505 -0.00266024 0.0147249 -0.00219577 0 0 0 0 0 0 1.04167e+10 1.04167e+10 1.04167e+10 
0.0152233 -0.00438871 0.0147249 -0.00219577 0.0135714 -0.00371429 0 0 0 0 0 0 1.04167e+10 1.04167e+10 1.04167e+10 
-0.00911989 -0.0137897 -0.00833333 -0.0125 -0.01 -0.012 0 0 0 0 0 0 1.04167e+10 1.04167e+10 1.04167e+10 
-0.00911989 -0.0137897 -0.0070766 -0.0147638 -0.00833333 -0.0125 0 0 0 0 0 0 1.04167e+10 1.04167e+10 1.04167e+10 
-0.00911989 -0.0137897 -0.00978155 -0.0147626 -0.0070766 -0.0147638 0 0 0 0 0 0 1.04167e+10 1.04167e+10 1.04167e+10 
-0.0137281 -0.00219011 -0.0121429 -0.00257143 -0.0125 -0.001 0 0 0 0 0 0 1.04167e+10 1.04167e+10 1.04167e+10 
-0.0137281 -0.00219011 -0.0148418 0.000132241 -0.0163962 -0.0020693 0 0 0 0 0 0 1.04167e+10 1.04167e+10 1.04167e+10 
-0.0137281 -0.00219011 -0.0125 -0.001 -0.0148418 0.000132241 0 0 0 0 0 0 1.04167e+10 1.04167e+10 1.04167e+10 
-0.0137281 -0.00219011 -0.0132297 -0.00438306 -0.0121429 -0.00257143 0 0 0 0 0 0 1.04167e+10 1.04167e+10 1.04167e+10 
-0.0137281 -0.00219011 -0.0163962 -0.0020693 -0.0146338 -0.00472028 0 0 0 0 0 0 1.04167e+10 1.04167e+10 1.04167e+10 
-0.0137281 -0.00219011 -0.0146338 -0.00472028 -0.0132297 -0.00438306 0 0 0 0 0 0 1.04167e+10 1.04167e+10 1.04167e+10 
0.0048874 0.0150594 0.00610473 0.0177077 0.00367019 0.0173969 0 0 0 0 0 0 1.04167e+10 1.04167e+10 1.04167e+10 
0.0048874 0.0150594 0.005 0.0135 0.00700364 0.0144246 0 0 0 0 0 0 1.04167e+10 1.04167e+10 1.04167e+10 
0.0048874 0.0150594 0.00777504 0.015331 0.00610473 0.0177077 0 0 0 0 0 0 1.04167e+10 1.04167e+10 1.04167e+10 
0.0048874 0.0150594 0.00700364 0.0144246 0.00777504 0.015331 0 0 0 0 0 0 1.04167e+10 1.04167e+10 1.04167e+10 
0.0048874 0.0150594 0.00367019 0.0173969 0.00277116 0.0156943 0 0 0 0 0 0 1.04167e+10 1.04167e+10 1.04167e+10 
0.0048874 0.0150594 0.00333333 0.014 0.005 0.0135 0 0 0 0 0 0 1.04167e+10 1.04167e+10 1.04167e+10 
0.0048874 0.0150594 0.00277116 0.0156943 0.00333333 0.014 0 0 0 0 0 0 1.04167e+10 1.04167e+10 1.04167e+10 
0.0162201 -0.0087746 0.0146429 -0.00842857 0.015 -0.01 0 0 0 0 0 0 1.04167e+10 1.04167e+10 1.04167e+10 
0.0162201 -0.0087746 0.0167185 -0.0109675 0.017896 -0.00977208 0 0 0 0 0 0 1.04167e+10 1.04167e+10 1.04167e+10 
0.0162201 -0.0087746 0.015 -0.01 0.0167185 -0.0109675 0 0 0 0 0 0 1.04167e+10 1.04167e+10 1.04167e+10 
0.0162201 -0.0087746 0.0157217 -0.00658166 0.0146429 -0.00842857 0 0 0 0 0 0 1.04167e+10 1.04167e+10 1.04167e+10 
0.0162201 -0.0087746 0.017896 -0.00977208 0.0187927 -0.00786905 0 0 0 0 0 0 1.04167e+10 1.04167e+10 1.04167e+10 
0.0162201 -0.0087746 0.0187927 -0.00786905 0.0157217 -0.00658166 0 0 0 0 0 0 1.04167e+10 1.04167e+10 1.04167e+10 
0.00459861 -0.0150075 0.005 -0.0133333 0.00333333 -0.0138889 0 0 0 0 0 0 1.04167e+10 1.04167e+10 1.04167e+10 
0.00459861 -0.0150075 0.00542275 -0.0153622 0.005 -0.0133333 0 0 0 0 0 0 1.04167e+10 1.04167e+10 1.04167e+10 
0.00459861 -0.0150075 0.00333333 -0.0138889 0.00257863 -0.0156808 0 0 0 0 0 0 1.04167e+10 1.04167e+10 1.04167e+10 
0.00459861 -0.0150075 0.0034614 -0.0174064 0.00542275 -0.0153622 0 0 0 0 0 0 1.04167e+10 1.04167e+10 1.04167e+10 
0.00459861 -0.0150075 0.00257863 -0.0156808 0.0034614 -0.0174064 0 0 0 0 0 0 1.04167e+10 1.04167e+10 1.04167e+10 
-0.0112361 -0.0131548 -0.0121056 -0.0145863 -0.00978155 -0.0147626 0 0 0 0 0 0 1.04167e+10 1.04167e+10 1.04167e+10 
-0.0112361 -0.0131548 -0.01 -0.012 -0.0117345 -0.0109619 0 0 0 0 0 0 1.04167e+10 1.04167e+10 1.04167e+10 
-0.0112361 -0.0131548 -0.00911989 -0.0137897 -0.01 -0.012 0 0 0 0 0 0 1.04167e+10 1.04167e+10 1.04167e+10 
-0.0112361 -0.0131548 -0.00978155 -0.0147626 -0.00911989 -0.0137897 0 0 0 0 0 0 1.04167e+10 1.04167e+10 1.04167e+10 
-0.0112361 -0.0131548 -0.0138342 -0.0122723 -0.0121056 -0.0145863 0 0 0 0 0 0 1.04167e+10 1.04167e+10 1.04167e+10 
-0.0112361 -0.0131548 -0.0117345 -0.0109619 -0.0138342 -0.0122723 0 0 0 0 0 0 1.04167e+10 1.04167e+10 1.04167e+10 
-0.0127313 -0.006576 -0.0110714 -0.00728571 -0.0114286 -0.00571429 0 0 0 0 0 0 1.04167e+10 1.04167e+10 1.04167e+10 
-0.0127313 -0.006576 -0.0114286 -0.00571429 -0.0132297 -0.00438306 0 0 0 0 0 0 1.04167e+10 1.04167e+10 1.04167e+10 
-0.0127313 -0.006576 -0.0122329 -0.00876894 -0.0110714 -0.00728571 0 0 0 0 0 0 1.04167e+10 1.04167e+10 1.04167e+10 
-0.0127313 -0.006576 -0.0135065 -0.00761492 -0.0122329 -0.00876894 0 0 0 0 0 0 1.04167e+10 1.04167e+10 1.04167e+10 
-0.0127313 -0.006576 -0.0146338 -0.00472028 -0.0135065 -0.00761492 0 0 0 0 0 0 1.04167e+10 1.04167e+10 1.04167e+10 
-0.0127313 -0.006576 -0.0132297 -0.00438306 -0.0146338 -0.00472028 0 0 0 0 0 0 1.04167e+10 1.04167e+10 1.04167e+10 
0.0126785 -0.0123142 0.0125186 -0.01542 0.0136441 -0.0123367 0 0 0 0 0 0 1.04167e+10 1.04167e+10 1.04167e+10 
0.0126785 -0.0123142 0.0106585 -0.0129875 0.0125186 -0.01542 0 0 0 0 0 0 1.04167e+10 1.04167e+10 1.04167e+10 
0.0126785 -0.0123142 0.0133333 -0.0105556 0.0116667 -0.0111111 0 0 0 0 0 0 1.04167e+10 1.04167e+10 1.04167e+10 
0.0126785 -0.0123142 0.0136441 -0.0123367 0.0133333 -0.0105556 0 0 0 0 0 0 1.04167e+10 1.04167e+10 1.04167e+10 
0.0126785 -0.0123142 0.0116667 -0.0111111 0.0106585 -0.0129875 0 0 0 0 0 0 1.04167e+10 1.04167e+10 1.04167e+10 
-0.0146985 0.0116409 -0.015 0.01 -0.0133333 0.0105556 0 0 0 0 0 0 1.04167e+10 1.04167e+10 1.04167e+10 
-0.0146985 0.0116409 -0.0133333 0.0105556 -0.0126785 0.0123142 0 0 0 0 0 0 1.04167e+10 1.04167e+10 1.04167e+10 
-0.0146985 0.0116409 -0.0159771 0.0127401 -0.0167185 0.0109675 0 0 0 0 0 0 1.04167e+10 1.04167e+10 1.04167e+10 
-0.0146985 0.0116409 -0.0167185 0.0109675 -0.015 0.01 0 0 0 0 0 0 1.04167e+10 1.04167e+10 1.04167e+10 
-0.0146985 0.0116409 -0.0147713 0.0153401 -0.0159771 0.0127401 0 0 0 0 0 0 1.04167e+10 1.04167e+10 1.04167e+10 
-0.0146985 0.0116409 -0.0126785 0.0123142 -0.0147713 0.0153401 0 0 0 0 0 0 1.04167e+10 1.04167e+10 1.04167e+10 
-0.00277116 -0.0156943 -0.00166667 -0.0145 -0.00333333 -0.014 0 0 0 0 0 0 1.04167e+10 1.04167e+10 1.04167e+10 
-0.00277116 -0.0156943 -0.00384331 -0.0174883 -0.000829299 -0.0171358 0 0 0 0 0 0 1.04167e+10 1.04167e+10 1.04167e+10 
-0.00277116 -0.0156943 -0.000829299 -0.0171358 -0.00166667 -0.0145 0 0 0 0 0 0 1.04167e+10 1.04167e+10 1.04167e+10 
-0.00277116 -0.0156943 -0.0048874 -0.0150594 -0.00384331 -0.0174883 0 0 0 0 0 0 1.04167e+10 1.04167e+10 1.04167e+10 
-0.00277116 -0.0156943 -0.00333333 -0.014 -0.0048874 -0.0150594 0 0 0 0 0 0 1.04167e+10 1.04167e+10 1.04167e+10 
-0.0157217 0.00658166 -0.0139286 0.00528571 -0.0142857 0.00685714 0 0 0 0 0 0 1.04167e+10 1.04167e+10 1.04167e+10 
-0.0157217 0.00658166 -0.0152233 0.00438871 -0.0139286 0.00528571 0 0 0 0 0 0 1.04167e+10 1.04167e+10 1.04167e+10 
-0.0157217 0.00658166 -0.0142857 0.00685714 -0.0146429 0.00842857 0 0 0 0 0 0 1.04167e+10 1.04167e+10 1.04167e+10 
-0.0157217 0.00658166 -0.0146429 0.00842857 -0.0162285 0.00731717 0 0 0 0 0 0 1.04167e+10 1.04167e+10 1.04167e+10 
-0.0157217 0.00658166 -0.0162285 0.00731717 -0.0166762 0.00456563 0 0 0 0 0 0 1.04167e+10 1.04167e+10 1.04167e+10 
-0.0157217 0.00658166 -0.0166762 0.00456563 -0.0152233 0.00438871 0 0 0 0 0 0 1.04167e+10 1.04167e+10 1.04167e+10 
