TRIANGLES
820
3
3
0.02 0.0184 0.02 0.02 0.0184 0.02 0 0 0 0 0 0 1.04167e+10 1.04167e+10 1.04167e+10 
0.0154686 0.000893874 0.0161669 0.00192482 0.0144156 0.00167927 0 0 0 0 0 0 2.08333e+10 2.08333e+10 2.08333e+10 
0.00856539 0.017631 0.0088 0.02 0.0072 0.02 0 0 0 0 0 0 1.04167e+10 1.04167e+10 1.04167e+10 
0.0153351 0.00674835 0.0136641 0.00512246 0.0156572 0.00529745 0 0 0 0 0 0 2.08333e+10 2.08333e+10 2.08333e+10 
0.0153351 0.00674835 0.0127638 0.00725162 0.0136641 0.00512246 0 0 0 0 0 0 2.08333e+10 2.08333e+10 2.08333e+10 
0.00610473 0.0177077 0.00856539 0.017631 0.0072 0.02 0 0 0 0 0 0 1.04167e+10 1.04167e+10 1.04167e+10 
-0.0136 0.02 -0.0152 0.02 -0.0140665 0.0176528 0 0 0 0 0 0 1.04167e+10 1.04167e+10 1.04167e+10 
0.0160026 0.00835287 0.0153351 0.00674835 0.0165502 0.00727822 0 0 0 0 0 0 2.08333e+10 2.08333e+10 2.08333e+10 
-0.02 -0.004 -0.02 -0.0056 -0.0174763 -0.00525843 0 0 0 0 0 0 1.04167e+10 1.04167e+10 1.04167e+10 
0.00587201 0.0133778 0.00529005 0.0120641 0.00700292 0.011941 0 0 0 0 0 0 2.08333e+10 2.08333e+10 2.08333e+10 
-0.0147713 0.0153401 -0.0121205 0.0147111 -0.0140665 0.0176528 0 0 0 0 0 0 1.04167e+10 1.04167e+10 1.04167e+10 
-0.0147713 0.0153401 -0.0139055 0.0121628 -0.0121205 0.0147111 0 0 0 0 0 0 1.04167e+10 1.04167e+10 1.04167e+10 
-0.00119626 0.0171979 0.000770762 0.0147109 0.00132347 0.0170753 0 0 0 0 0 0 1.04167e+10 1.04167e+10 1.04167e+10 
0.0136 -0.02 0.0134511 -0.0178423 0.012 -0.02 0 0 0 0 0 0 1.04167e+10 1.04167e+10 1.04167e+10 
-0.00233639 -0.0148799 -0.00374476 -0.015497 -0.0023132 -0.0163696 0 0 0 0 0 0 3.125e+10 3.125e+10 3.125e+10 
-0.00296131 -1.97948e-05 -0.00265584 0.0026833 -0.00477721 0.00164905 0 0 0 0 0 0 3.125e+10 3.125e+10 3.125e+10 
0.0145771 -6.13104e-05 0.0154686 0.000893874 0.0144156 0.00167927 0 0 0 0 0 0 2.08333e+10 2.08333e+10 2.08333e+10 
-0.00341652 -0.0167849 -0.0023132 -0.0163696 -0.00374476 -0.015497 0 0 0 0 0 0 3.125e+10 3.125e+10 3.125e+10 
-0.0108997 0.00354199 -0.0123728 0.00494443 -0.0115775 0.0024638 0 0 0 0 0 0 1.04167e+10 1.04167e+10 1.04167e+10 
0.00209574 0.0131503 0.00356961 0.0120028 0.00334067 0.0133193 0 0 0 0 0 0 2.08333e+10 2.08333e+10 2.08333e+10 
6.20695e-05 -0.00463089 -0.00010733 -0.00725173 0.00204652 -0.00580482 0 0 0 0 0 0 3.125e+10 3.125e+10 3.125e+10 
-0.0164292 -0.0124652 -0.0138342 -0.0122723 -0.0146889 -0.00972458 0 0 0 0 0 0 1.04167e+10 1.04167e+10 1.04167e+10 
-0.0164292 -0.0124652 -0.0144796 -0.0149787 -0.0138342 -0.0122723 0 0 0 0 0 0 1.04167e+10 1.04167e+10 1.04167e+10 
0.00903557 -0.00729643 0.00760524 -0.00509477 0.00599168 -0.00772745 0 0 0 0 0 0 1.04167e+10 1.04167e+10 1.04167e+10 
-0.00911948 0.0124555 -0.00699594 0.0150842 -0.00950399 0.0150225 0 0 0 0 0 0 1.04167e+10 1.04167e+10 1.04167e+10 
-0.000237107 -0.00204422 6.20695e-05 -0.00463089 0.00185068 -0.00238298 0 0 0 0 0 0 3.125e+10 3.125e+10 3.125e+10 
0.0152 -0.02 0.0134511 -0.0178423 0.0136 -0.02 0 0 0 0 0 0 1.04167e+10 1.04167e+10 1.04167e+10 
-0.00173349 0.00605551 -0.00225512 0.00482912 -0.000824492 0.00541243 0 0 0 0 0 0 3.125e+10 3.125e+10 3.125e+10 
-0.02 -0.0168 -0.02 -0.0184 -0.0184273 -0.0175924 0 0 0 0 0 0 1.04167e+10 1.04167e+10 1.04167e+10 
-0.0170168 0.0148792 -0.0188929 0.0172559 -0.02 0.0152 0 0 0 0 0 0 1.04167e+10 1.04167e+10 1.04167e+10 
0.0184698 0.00712598 0.02 0.0056 0.02 0.0072 0 0 0 0 0 0 1.04167e+10 1.04167e+10 1.04167e+10 
0.0184698 0.00712598 0.02 0.0072 0.02 0.0088 0 0 0 0 0 0 1.04167e+10 1.04167e+10 1.04167e+10 
0.00554646 0.0100566 0.00529005 0.0120641 0.00356961 0.0120028 0 0 0 0 0 0 2.08333e+10 2.08333e+10 2.08333e+10 
0.00554646 0.0100566 0.00700292 0.011941 0.00529005 0.0120641 0 0 0 0 0 0 2.08333e+10 2.08333e+10 2.08333e+10 
-0.010035 0.00460535 -0.0123728 0.00494443 -0.0108997 0.00354199 0 0 0 0 0 0 1.04167e+10 1.04167e+10 1.04167e+10 
0.010699 0.00881718 0.0101464 0.00694937 0.0127638 0.00725162 0 0 0 0 0 0 2.08333e+10 2.08333e+10 2.08333e+10 
-0.0133997 -0.00510078 -0.0133454 -0.00636653 -0.012061 -0.0054263 0 0 0 0 0 0 3.125e+10 3.125e+10 3.125e+10 
0.00367019 0.0173969 0.00610473 0.0177077 0.004 0.02 0 0 0 0 0 0 1.04167e+10 1.04167e+10 1.04167e+10 
0.00186876 -0.00750671 0.00204652 -0.00580482 -0.00010733 -0.00725173 0 0 0 0 0 0 3.125e+10 3.125e+10 3.125e+10 
0.0056 0.02 0.00610473 0.0177077 0.0072 0.02 0 0 0 0 0 0 1.04167e+10 1.04167e+10 1.04167e+10 
0.0056 0.02 0.004 0.02 0.00610473 0.0177077 0 0 0 0 0 0 1.04167e+10 1.04167e+10 1.04167e+10 
0.0026829 -0.000148535 0.00303623 -0.00150687 0.00483134 -6.57072e-05 0 0 0 0 0 0 2.08333e+10 2.08333e+10 2.08333e+10 
-0.0188003 0.00267149 -0.02 0.004 -0.02 0.0024 0 0 0 0 0 0 1.04167e+10 1.04167e+10 1.04167e+10 
-0.00111535 0.000563979 2.78893e-05 0.00249539 -0.00265584 0.0026833 0 0 0 0 0 0 3.125e+10 3.125e+10 3.125e+10 
-0.00111535 0.000563979 -0.00265584 0.0026833 -0.00296131 -1.97948e-05 0 0 0 0 0 0 3.125e+10 3.125e+10 3.125e+10 
-0.018698 -0.00227487 -0.02 -0.0008 -0.02 -0.0024 0 0 0 0 0 0 1.04167e+10 1.04167e+10 1.04167e+10 
-0.018698 -0.00227487 -0.02 -0.004 -0.0174763 -0.00525843 0 0 0 0 0 0 1.04167e+10 1.04167e+10 1.04167e+10 
-0.018698 -0.00227487 -0.02 -0.0024 -0.02 -0.004 0 0 0 0 0 0 1.04167e+10 1.04167e+10 1.04167e+10 
-0.0166762 0.00456563 -0.0188003 0.00267149 -0.0160728 0.00262044 0 0 0 0 0 0 1.04167e+10 1.04167e+10 1.04167e+10 
-0.0166762 0.00456563 -0.02 0.004 -0.0188003 0.00267149 0 0 0 0 0 0 1.04167e+10 1.04167e+10 1.04167e+10 
0.0153131 0.00319563 0.0144156 0.00167927 0.0161669 0.00192482 0 0 0 0 0 0 2.08333e+10 2.08333e+10 2.08333e+10 
0.0153131 0.00319563 0.0156572 0.00529745 0.0136641 0.00512246 0 0 0 0 0 0 2.08333e+10 2.08333e+10 2.08333e+10 
0.0153131 0.00319563 0.0136641 0.00512246 0.0144156 0.00167927 0 0 0 0 0 0 2.08333e+10 2.08333e+10 2.08333e+10 
0.0124269 -0.00159787 0.0117807 -0.000455069 0.0112367 -0.00217642 0 0 0 0 0 0 2.08333e+10 2.08333e+10 2.08333e+10 
-0.00114629 -0.0156626 -0.00233639 -0.0148799 -0.0023132 -0.0163696 0 0 0 0 0 0 3.125e+10 3.125e+10 3.125e+10 
-0.00114629 -0.0156626 -0.00104273 -0.0138373 -0.00233639 -0.0148799 0 0 0 0 0 0 3.125e+10 3.125e+10 3.125e+10 
-0.00511925 0.00566515 -0.00695552 0.0066703 -0.00720398 0.00513461 0 0 0 0 0 0 3.125e+10 3.125e+10 3.125e+10 
0.0151878 0.0152435 0.0180102 0.0152941 0.0164481 0.0173355 0 0 0 0 0 0 1.04167e+10 1.04167e+10 1.04167e+10 
0.0168 0.02 0.0164481 0.0173355 0.0184 0.02 0 0 0 0 0 0 1.04167e+10 1.04167e+10 1.04167e+10 
0.0168 0.02 0.0152 0.02 0.0164481 0.0173355 0 0 0 0 0 0 1.04167e+10 1.04167e+10 1.04167e+10 
-0.0184 -0.02 -0.02 -0.0184 -0.02 -0.02 0 0 0 0 0 0 1.04167e+10 1.04167e+10 1.04167e+10 
-0.0184 -0.02 -0.0184273 -0.0175924 -0.02 -0.0184 0 0 0 0 0 0 1.04167e+10 1.04167e+10 1.04167e+10 
0.00148218 -0.00075232 0.00185068 -0.00238298 0.00303623 -0.00150687 0 0 0 0 0 0 3.125e+10 3.125e+10 3.125e+10 
0.00148218 -0.00075232 0.00303623 -0.00150687 0.0026829 -0.000148535 0 0 0 0 0 0 3.125e+10 3.125e+10 3.125e+10 
0.00148218 -0.00075232 -0.000237107 -0.00204422 0.00185068 -0.00238298 0 0 0 0 0 0 3.125e+10 3.125e+10 3.125e+10 
0.00148218 -0.00075232 -0.00111535 0.000563979 -0.000237107 -0.00204422 0 0 0 0 0 0 3.125e+10 3.125e+10 3.125e+10 
0.0186259 0.00222853 0.02 0.0008 0.02 0.0024 0 0 0 0 0 0 1.04167e+10 1.04167e+10 1.04167e+10 
0.00520271 -0.00206539 0.00483134 -6.57072e-05 0.00303623 -0.00150687 0 0 0 0 0 0 2.08333e+10 2.08333e+10 2.08333e+10 
-0.00984823 0.00276037 -0.0108997 0.00354199 -0.0115775 0.0024638 0 0 0 0 0 0 3.125e+10 3.125e+10 3.125e+10 
-0.00984823 0.00276037 -0.010035 0.00460535 -0.0108997 0.00354199 0 0 0 0 0 0 3.125e+10 3.125e+10 3.125e+10 
-0.0119234 -0.00713666 -0.0131978 -0.00761702 -0.0116052 -0.00879127 0 0 0 0 0 0 3.125e+10 3.125e+10 3.125e+10 
-0.0119234 -0.00713666 -0.0133454 -0.00636653 -0.0131978 -0.00761702 0 0 0 0 0 0 3.125e+10 3.125e+10 3.125e+10 
-0.0119234 -0.00713666 -0.012061 -0.0054263 -0.0133454 -0.00636653 0 0 0 0 0 0 3.125e+10 3.125e+10 3.125e+10 
-0.0119234 -0.00713666 -0.0100667 -0.00499107 -0.012061 -0.0054263 0 0 0 0 0 0 3.125e+10 3.125e+10 3.125e+10 
0.0109746 -0.0175867 0.012 -0.02 0.0134511 -0.0178423 0 0 0 0 0 0 1.04167e+10 1.04167e+10 1.04167e+10 
-0.0125768 -0.0101807 -0.0146889 -0.00972458 -0.0138342 -0.0122723 0 0 0 0 0 0 1.04167e+10 1.04167e+10 1.04167e+10 
-0.0125768 -0.0101807 -0.0138342 -0.0122723 -0.0120845 -0.0114477 0 0 0 0 0 0 1.04167e+10 1.04167e+10 1.04167e+10 
0.0164505 -0.00266024 0.0154695 -0.0050415 0.018064 -0.00535031 0 0 0 0 0 0 1.04167e+10 1.04167e+10 1.04167e+10 
-0.0114888 -0.0126206 -0.0107985 -0.0136823 -0.0102519 -0.0121369 0 0 0 0 0 0 3.125e+10 3.125e+10 3.125e+10 
-0.0114888 -0.0126206 -0.0102519 -0.0121369 -0.0120845 -0.0114477 0 0 0 0 0 0 3.125e+10 3.125e+10 3.125e+10 
-0.0114888 -0.0126206 -0.0120845 -0.0114477 -0.0138342 -0.0122723 0 0 0 0 0 0 1.04167e+10 1.04167e+10 1.04167e+10 
0.00188649 0.0117589 0.00356961 0.0120028 0.00209574 0.0131503 0 0 0 0 0 0 2.08333e+10 2.08333e+10 2.08333e+10 
0.02 0.0136 0.0188438 0.0125262 0.02 0.012 0 0 0 0 0 0 1.04167e+10 1.04167e+10 1.04167e+10 
0.02 0.0136 0.02 0.0152 0.0180102 0.0152941 0 0 0 0 0 0 1.04167e+10 1.04167e+10 1.04167e+10 
0.02 0.0136 0.0180102 0.0152941 0.0188438 0.0125262 0 0 0 0 0 0 1.04167e+10 1.04167e+10 1.04167e+10 
-0.0060301 -0.00621145 -0.00732027 -0.00935912 -0.00413246 -0.00771518 0 0 0 0 0 0 3.125e+10 3.125e+10 3.125e+10 
-0.02 -0.0136 -0.0183731 -0.0121929 -0.02 -0.012 0 0 0 0 0 0 1.04167e+10 1.04167e+10 1.04167e+10 
0.00477092 0.00806486 0.0018477 0.00770218 0.00239446 0.00588493 0 0 0 0 0 0 2.08333e+10 2.08333e+10 2.08333e+10 
0.00477092 0.00806486 0.00733808 0.00787188 0.00554646 0.0100566 0 0 0 0 0 0 2.08333e+10 2.08333e+10 2.08333e+10 
0.0104 0.02 0.0088 0.02 0.00856539 0.017631 0 0 0 0 0 0 1.04167e+10 1.04167e+10 1.04167e+10 
0.00204044 -0.00408192 6.20695e-05 -0.00463089 0.00204652 -0.00580482 0 0 0 0 0 0 3.125e+10 3.125e+10 3.125e+10 
0.00204044 -0.00408192 0.00185068 -0.00238298 6.20695e-05 -0.00463089 0 0 0 0 0 0 3.125e+10 3.125e+10 3.125e+10 
-0.0171529 -0.00962903 -0.0146889 -0.00972458 -0.0160636 -0.00760221 0 0 0 0 0 0 1.04167e+10 1.04167e+10 1.04167e+10 
-0.0171529 -0.00962903 -0.0164292 -0.0124652 -0.0146889 -0.00972458 0 0 0 0 0 0 1.04167e+10 1.04167e+10 1.04167e+10 
-0.0171529 -0.00962903 -0.0183731 -0.0121929 -0.0164292 -0.0124652 0 0 0 0 0 0 1.04167e+10 1.04167e+10 1.04167e+10 
0.0041048 0.00395314 0.00609678 0.00197512 0.00680018 0.00401589 0 0 0 0 0 0 2.08333e+10 2.08333e+10 2.08333e+10 
-0.0024 0.02 -0.00119626 0.0171979 -0.0008 0.02 0 0 0 0 0 0 1.04167e+10 1.04167e+10 1.04167e+10 
-0.00454906 -0.0169827 -0.00341652 -0.0167849 -0.00374476 -0.015497 0 0 0 0 0 0 3.125e+10 3.125e+10 3.125e+10 
0.00757975 0.00588887 0.0101464 0.00694937 0.00733808 0.00787188 0 0 0 0 0 0 2.08333e+10 2.08333e+10 2.08333e+10 
0.00757975 0.00588887 0.00966664 0.00500355 0.0101464 0.00694937 0 0 0 0 0 0 2.08333e+10 2.08333e+10 2.08333e+10 
0.00757975 0.00588887 0.00680018 0.00401589 0.00966664 0.00500355 0 0 0 0 0 0 2.08333e+10 2.08333e+10 2.08333e+10 
-0.00496596 -0.000335711 -0.00601033 -0.0035035 -0.00409464 -0.0025325 0 0 0 0 0 0 3.125e+10 3.125e+10 3.125e+10 
-0.00496596 -0.000335711 -0.00296131 -1.97948e-05 -0.00477721 0.00164905 0 0 0 0 0 0 3.125e+10 3.125e+10 3.125e+10 
-0.00496596 -0.000335711 -0.00477721 0.00164905 -0.00615295 0.00117757 0 0 0 0 0 0 3.125e+10 3.125e+10 3.125e+10 
-0.00496596 -0.000335711 -0.00409464 -0.0025325 -0.00296131 -1.97948e-05 0 0 0 0 0 0 3.125e+10 3.125e+10 3.125e+10 
-0.00477378 0.00365802 -0.00265584 0.0026833 -0.00225512 0.00482912 0 0 0 0 0 0 3.125e+10 3.125e+10 3.125e+10 
-0.00477378 0.00365802 -0.00225512 0.00482912 -0.0036583 0.00547265 0 0 0 0 0 0 3.125e+10 3.125e+10 3.125e+10 
-0.00477378 0.00365802 -0.00477721 0.00164905 -0.00265584 0.0026833 0 0 0 0 0 0 3.125e+10 3.125e+10 3.125e+10 
-0.00477378 0.00365802 -0.00511925 0.00566515 -0.00720398 0.00513461 0 0 0 0 0 0 3.125e+10 3.125e+10 3.125e+10 
-0.00477378 0.00365802 -0.0036583 0.00547265 -0.00511925 0.00566515 0 0 0 0 0 0 3.125e+10 3.125e+10 3.125e+10 
-0.00477378 0.00365802 -0.00615295 0.00117757 -0.00477721 0.00164905 0 0 0 0 0 0 3.125e+10 3.125e+10 3.125e+10 
0.013897 -0.00727273 0.0154695 -0.0050415 0.0127767 -0.00495408 0 0 0 0 0 0 1.04167e+10 1.04167e+10 1.04167e+10 
0.013897 -0.00727273 0.0127767 -0.00495408 0.011412 -0.00709102 0 0 0 0 0 0 1.04167e+10 1.04167e+10 1.04167e+10 
0.00460413 0.0133954 0.00334067 0.0133193 0.00356961 0.0120028 0 0 0 0 0 0 2.08333e+10 2.08333e+10 2.08333e+10 
0.00460413 0.0133954 0.00356961 0.0120028 0.00529005 0.0120641 0 0 0 0 0 0 2.08333e+10 2.08333e+10 2.08333e+10 
0.00460413 0.0133954 0.00529005 0.0120641 0.00587201 0.0133778 0 0 0 0 0 0 2.08333e+10 2.08333e+10 2.08333e+10 
0.0180066 -0.000401744 0.02 -0.0008 0.02 0.0008 0 0 0 0 0 0 1.04167e+10 1.04167e+10 1.04167e+10 
-0.0143135 0.00485254 -0.0166762 0.00456563 -0.0160728 0.00262044 0 0 0 0 0 0 1.04167e+10 1.04167e+10 1.04167e+10 
-0.0143135 0.00485254 -0.0123728 0.00494443 -0.0140046 0.00766116 0 0 0 0 0 0 1.04167e+10 1.04167e+10 1.04167e+10 
-0.0143135 0.00485254 -0.0162285 0.00731717 -0.0166762 0.00456563 0 0 0 0 0 0 1.04167e+10 1.04167e+10 1.04167e+10 
-0.0143135 0.00485254 -0.0140046 0.00766116 -0.0162285 0.00731717 0 0 0 0 0 0 1.04167e+10 1.04167e+10 1.04167e+10 
-0.02 -0.0152 -0.02 -0.0168 -0.0184273 -0.0175924 0 0 0 0 0 0 1.04167e+10 1.04167e+10 1.04167e+10 
-0.010978 0.017692 -0.0140665 0.0176528 -0.0121205 0.0147111 0 0 0 0 0 0 1.04167e+10 1.04167e+10 1.04167e+10 
-0.010978 0.017692 -0.0121205 0.0147111 -0.00950399 0.0150225 0 0 0 0 0 0 1.04167e+10 1.04167e+10 1.04167e+10 
-0.02 -0.0104 -0.02 -0.012 -0.0183731 -0.0121929 0 0 0 0 0 0 1.04167e+10 1.04167e+10 1.04167e+10 
-0.02 -0.0104 -0.0183731 -0.0121929 -0.0171529 -0.00962903 0 0 0 0 0 0 1.04167e+10 1.04167e+10 1.04167e+10 
-0.02 -0.0104 -0.0171529 -0.00962903 -0.02 -0.0088 0 0 0 0 0 0 1.04167e+10 1.04167e+10 1.04167e+10 
0.0168847 0.00616153 0.0153351 0.00674835 0.0156572 0.00529745 0 0 0 0 0 0 2.08333e+10 2.08333e+10 2.08333e+10 
0.0168847 0.00616153 0.0165502 0.00727822 0.0153351 0.00674835 0 0 0 0 0 0 2.08333e+10 2.08333e+10 2.08333e+10 
0.0168847 0.00616153 0.0184698 0.00712598 0.0165502 0.00727822 0 0 0 0 0 0 1.04167e+10 1.04167e+10 1.04167e+10 
8.05019e-05 -0.0124141 -0.00104273 -0.0138373 0.000716447 -0.0137926 0 0 0 0 0 0 3.125e+10 3.125e+10 3.125e+10 
0.00292024 0.00991862 0.00356961 0.0120028 0.00188649 0.0117589 0 0 0 0 0 0 2.08333e+10 2.08333e+10 2.08333e+10 
0.00292024 0.00991862 0.00554646 0.0100566 0.00356961 0.0120028 0 0 0 0 0 0 2.08333e+10 2.08333e+10 2.08333e+10 
0.00292024 0.00991862 0.00477092 0.00806486 0.00554646 0.0100566 0 0 0 0 0 0 2.08333e+10 2.08333e+10 2.08333e+10 
0.00292024 0.00991862 0.0018477 0.00770218 0.00477092 0.00806486 0 0 0 0 0 0 2.08333e+10 2.08333e+10 2.08333e+10 
-0.0188031 0.0120672 -0.02 0.012 -0.02 0.0104 0 0 0 0 0 0 1.04167e+10 1.04167e+10 1.04167e+10 
-0.0188031 0.0120672 -0.02 0.0104 -0.0174431 0.0101288 0 0 0 0 0 0 1.04167e+10 1.04167e+10 1.04167e+10 
0.0159417 0.0125784 0.0180102 0.0152941 0.0151878 0.0152435 0 0 0 0 0 0 1.04167e+10 1.04167e+10 1.04167e+10 
0.0159417 0.0125784 0.0188438 0.0125262 0.0180102 0.0152941 0 0 0 0 0 0 1.04167e+10 1.04167e+10 1.04167e+10 
0.00221754 0.00113905 0.00148218 -0.00075232 0.0026829 -0.000148535 0 0 0 0 0 0 3.125e+10 3.125e+10 3.125e+10 
0.0104494 -0.0100731 0.011412 -0.00709102 0.00903557 -0.00729643 0 0 0 0 0 0 1.04167e+10 1.04167e+10 1.04167e+10 
0.017 0.00502342 0.0168847 0.00616153 0.0156572 0.00529745 0 0 0 0 0 0 2.08333e+10 2.08333e+10 2.08333e+10 
0.00317251 -0.00777384 0.00186876 -0.00750671 0.00292197 -0.00899041 0 0 0 0 0 0 3.125e+10 3.125e+10 3.125e+10 
0.017896 -0.00977208 0.0166744 -0.0124224 0.0189126 -0.0121862 0 0 0 0 0 0 1.04167e+10 1.04167e+10 1.04167e+10 
0.017896 -0.00977208 0.0150528 -0.0103272 0.0166744 -0.0124224 0 0 0 0 0 0 1.04167e+10 1.04167e+10 1.04167e+10 
-0.012 0.02 -0.0136 0.02 -0.0140665 0.0176528 0 0 0 0 0 0 1.04167e+10 1.04167e+10 1.04167e+10 
-0.012 0.02 -0.0140665 0.0176528 -0.010978 0.017692 0 0 0 0 0 0 1.04167e+10 1.04167e+10 1.04167e+10 
-0.012 0.02 -0.010978 0.017692 -0.0104 0.02 0 0 0 0 0 0 1.04167e+10 1.04167e+10 1.04167e+10 
0.0116627 0.00510538 0.0136641 0.00512246 0.0127638 0.00725162 0 0 0 0 0 0 2.08333e+10 2.08333e+10 2.08333e+10 
0.0116627 0.00510538 0.0127638 0.00725162 0.0101464 0.00694937 0 0 0 0 0 0 2.08333e+10 2.08333e+10 2.08333e+10 
0.0116627 0.00510538 0.0101464 0.00694937 0.00966664 0.00500355 0 0 0 0 0 0 2.08333e+10 2.08333e+10 2.08333e+10 
-0.00520719 -0.0156621 -0.00454906 -0.0169827 -0.00374476 -0.015497 0 0 0 0 0 0 3.125e+10 3.125e+10 3.125e+10 
0.000883249 0.0128902 0.00188649 0.0117589 0.00209574 0.0131503 0 0 0 0 0 0 2.08333e+10 2.08333e+10 2.08333e+10 
0.000883249 0.0128902 0.000770762 0.0147109 -0.000445395 0.0124853 0 0 0 0 0 0 1.04167e+10 1.04167e+10 1.04167e+10 
0.000883249 0.0128902 0.00209574 0.0131503 0.000770762 0.0147109 0 0 0 0 0 0 1.04167e+10 1.04167e+10 1.04167e+10 
-0.00110532 0.00390045 -0.00265584 0.0026833 2.78893e-05 0.00249539 0 0 0 0 0 0 3.125e+10 3.125e+10 3.125e+10 
-0.00110532 0.00390045 -0.00225512 0.00482912 -0.00265584 0.0026833 0 0 0 0 0 0 3.125e+10 3.125e+10 3.125e+10 
-0.00110532 0.00390045 -0.000824492 0.00541243 -0.00225512 0.00482912 0 0 0 0 0 0 3.125e+10 3.125e+10 3.125e+10 
0.0169365 0.00413684 0.0156572 0.00529745 0.0153131 0.00319563 0 0 0 0 0 0 2.08333e+10 2.08333e+10 2.08333e+10 
0.0169365 0.00413684 0.017 0.00502342 0.0156572 0.00529745 0 0 0 0 0 0 2.08333e+10 2.08333e+10 2.08333e+10 
-0.00215832 -0.00249358 6.20695e-05 -0.00463089 -0.000237107 -0.00204422 0 0 0 0 0 0 3.125e+10 3.125e+10 3.125e+10 
-0.00215832 -0.00249358 -0.00296131 -1.97948e-05 -0.00409464 -0.0025325 0 0 0 0 0 0 3.125e+10 3.125e+10 3.125e+10 
-0.00215832 -0.00249358 -0.00111535 0.000563979 -0.00296131 -1.97948e-05 0 0 0 0 0 0 3.125e+10 3.125e+10 3.125e+10 
-0.00215832 -0.00249358 -0.000237107 -0.00204422 -0.00111535 0.000563979 0 0 0 0 0 0 3.125e+10 3.125e+10 3.125e+10 
0.00889208 0.00251021 0.00680018 0.00401589 0.00609678 0.00197512 0 0 0 0 0 0 2.08333e+10 2.08333e+10 2.08333e+10 
0.00889208 0.00251021 0.00966664 0.00500355 0.00680018 0.00401589 0 0 0 0 0 0 2.08333e+10 2.08333e+10 2.08333e+10 
-0.00790184 0.00210444 -0.00477378 0.00365802 -0.00720398 0.00513461 0 0 0 0 0 0 3.125e+10 3.125e+10 3.125e+10 
-0.00790184 0.00210444 -0.00615295 0.00117757 -0.00477378 0.00365802 0 0 0 0 0 0 3.125e+10 3.125e+10 3.125e+10 
0.0122304 0.011704 0.0110233 0.0122652 0.0104419 0.0110778 0 0 0 0 0 0 2.08333e+10 2.08333e+10 2.08333e+10 
-0.0164892 0.0175984 -0.0140665 0.0176528 -0.0152 0.02 0 0 0 0 0 0 1.04167e+10 1.04167e+10 1.04167e+10 
-0.0164892 0.0175984 -0.0188929 0.0172559 -0.0170168 0.0148792 0 0 0 0 0 0 1.04167e+10 1.04167e+10 1.04167e+10 
-0.0164892 0.0175984 -0.0147713 0.0153401 -0.0140665 0.0176528 0 0 0 0 0 0 1.04167e+10 1.04167e+10 1.04167e+10 
-0.0164892 0.0175984 -0.0170168 0.0148792 -0.0147713 0.0153401 0 0 0 0 0 0 1.04167e+10 1.04167e+10 1.04167e+10 
-0.02 0.0168 -0.02 0.0152 -0.0188929 0.0172559 0 0 0 0 0 0 1.04167e+10 1.04167e+10 1.04167e+10 
-0.02 0.0168 -0.0188929 0.0172559 -0.02 0.0184 0 0 0 0 0 0 1.04167e+10 1.04167e+10 1.04167e+10 
0.0101522 -0.00118763 0.0098319 0.000793861 0.00858136 -0.00165645 0 0 0 0 0 0 2.08333e+10 2.08333e+10 2.08333e+10 
0.0101522 -0.00118763 0.0117807 -0.000455069 0.0098319 0.000793861 0 0 0 0 0 0 2.08333e+10 2.08333e+10 2.08333e+10 
0.0101522 -0.00118763 0.0112367 -0.00217642 0.0117807 -0.000455069 0 0 0 0 0 0 2.08333e+10 2.08333e+10 2.08333e+10 
0.0101522 -0.00118763 0.00995544 -0.00265032 0.0112367 -0.00217642 0 0 0 0 0 0 2.08333e+10 2.08333e+10 2.08333e+10 
0.0101522 -0.00118763 0.00858136 -0.00165645 0.00995544 -0.00265032 0 0 0 0 0 0 2.08333e+10 2.08333e+10 2.08333e+10 
-0.0174726 0.000116438 -0.0160728 0.00262044 -0.0188003 0.00267149 0 0 0 0 0 0 1.04167e+10 1.04167e+10 1.04167e+10 
-0.0174726 0.000116438 -0.0148418 0.000132241 -0.0160728 0.00262044 0 0 0 0 0 0 1.04167e+10 1.04167e+10 1.04167e+10 
-0.0174726 0.000116438 -0.02 -0.0008 -0.018698 -0.00227487 0 0 0 0 0 0 1.04167e+10 1.04167e+10 1.04167e+10 
-0.00507054 0.00699958 -0.00695552 0.0066703 -0.00511925 0.00566515 0 0 0 0 0 0 3.125e+10 3.125e+10 3.125e+10 
-0.00507054 0.00699958 -0.00572354 0.00876998 -0.00695552 0.0066703 0 0 0 0 0 0 2.08333e+10 2.08333e+10 2.08333e+10 
-0.0163962 -0.0020693 -0.018698 -0.00227487 -0.0174763 -0.00525843 0 0 0 0 0 0 1.04167e+10 1.04167e+10 1.04167e+10 
-0.0163962 -0.0020693 -0.0148418 0.000132241 -0.0174726 0.000116438 0 0 0 0 0 0 1.04167e+10 1.04167e+10 1.04167e+10 
-0.0163962 -0.0020693 -0.0174726 0.000116438 -0.018698 -0.00227487 0 0 0 0 0 0 1.04167e+10 1.04167e+10 1.04167e+10 
0.00585176 -0.017725 0.0072 -0.02 0.00845758 -0.0172338 0 0 0 0 0 0 1.04167e+10 1.04167e+10 1.04167e+10 
0.00585176 -0.017725 0.00763069 -0.0148572 0.00542275 -0.0153622 0 0 0 0 0 0 1.04167e+10 1.04167e+10 1.04167e+10 
0.00585176 -0.017725 0.00845758 -0.0172338 0.00763069 -0.0148572 0 0 0 0 0 0 1.04167e+10 1.04167e+10 1.04167e+10 
0.0034614 -0.0174064 0.00542275 -0.0153622 0.00252354 -0.0146068 0 0 0 0 0 0 1.04167e+10 1.04167e+10 1.04167e+10 
0.0034614 -0.0174064 0.00585176 -0.017725 0.00542275 -0.0153622 0 0 0 0 0 0 1.04167e+10 1.04167e+10 1.04167e+10 
0.00777504 0.015331 0.0102637 0.0152755 0.00856539 0.017631 0 0 0 0 0 0 1.04167e+10 1.04167e+10 1.04167e+10 
0.00777504 0.015331 0.00856539 0.017631 0.00610473 0.0177077 0 0 0 0 0 0 1.04167e+10 1.04167e+10 1.04167e+10 
-0.0066607 -0.0153679 -0.00520719 -0.0156621 -0.00610173 -0.0134593 0 0 0 0 0 0 3.125e+10 3.125e+10 3.125e+10 
-0.0168 -0.02 -0.0184273 -0.0175924 -0.0184 -0.02 0 0 0 0 0 0 1.04167e+10 1.04167e+10 1.04167e+10 
0.0056 -0.02 0.0072 -0.02 0.00585176 -0.017725 0 0 0 0 0 0 1.04167e+10 1.04167e+10 1.04167e+10 
0.0159193 -0.00781946 0.018064 -0.00535031 0.0154695 -0.0050415 0 0 0 0 0 0 1.04167e+10 1.04167e+10 1.04167e+10 
0.0159193 -0.00781946 0.0154695 -0.0050415 0.013897 -0.00727273 0 0 0 0 0 0 1.04167e+10 1.04167e+10 1.04167e+10 
0.0159193 -0.00781946 0.013897 -0.00727273 0.0150528 -0.0103272 0 0 0 0 0 0 1.04167e+10 1.04167e+10 1.04167e+10 
0.0159193 -0.00781946 0.0150528 -0.0103272 0.017896 -0.00977208 0 0 0 0 0 0 1.04167e+10 1.04167e+10 1.04167e+10 
0.0186252 -0.002735 0.0164505 -0.00266024 0.018064 -0.00535031 0 0 0 0 0 0 1.04167e+10 1.04167e+10 1.04167e+10 
0.0186252 -0.002735 0.018064 -0.00535031 0.02 -0.004 0 0 0 0 0 0 1.04167e+10 1.04167e+10 1.04167e+10 
0.0186252 -0.002735 0.02 -0.0008 0.0180066 -0.000401744 0 0 0 0 0 0 1.04167e+10 1.04167e+10 1.04167e+10 
0.0186252 -0.002735 0.0180066 -0.000401744 0.0164505 -0.00266024 0 0 0 0 0 0 1.04167e+10 1.04167e+10 1.04167e+10 
0.00485221 -0.00339936 0.0061193 -0.00336338 0.00520271 -0.00206539 0 0 0 0 0 0 2.08333e+10 2.08333e+10 2.08333e+10 
0.00485221 -0.00339936 0.00548216 -0.00527967 0.0061193 -0.00336338 0 0 0 0 0 0 1.04167e+10 1.04167e+10 1.04167e+10 
0.00485221 -0.00339936 0.00337044 -0.00399417 0.00548216 -0.00527967 0 0 0 0 0 0 1.04167e+10 1.04167e+10 1.04167e+10 
0.0126109 -0.00964405 0.0104494 -0.0100731 0.0110378 -0.0121558 0 0 0 0 0 0 1.04167e+10 1.04167e+10 1.04167e+10 
0.0126109 -0.00964405 0.0150528 -0.0103272 0.013897 -0.00727273 0 0 0 0 0 0 1.04167e+10 1.04167e+10 1.04167e+10 
0.0126109 -0.00964405 0.013897 -0.00727273 0.011412 -0.00709102 0 0 0 0 0 0 1.04167e+10 1.04167e+10 1.04167e+10 
0.0126109 -0.00964405 0.011412 -0.00709102 0.0104494 -0.0100731 0 0 0 0 0 0 1.04167e+10 1.04167e+10 1.04167e+10 
-0.00579934 0.0126819 -0.00699594 0.0150842 -0.00911948 0.0124555 0 0 0 0 0 0 1.04167e+10 1.04167e+10 1.04167e+10 
-0.00285327 0.00978213 -0.00388345 0.0106472 -0.00489477 0.00975245 0 0 0 0 0 0 2.08333e+10 2.08333e+10 2.08333e+10 
0.00691704 -0.0019516 0.00483134 -6.57072e-05 0.00520271 -0.00206539 0 0 0 0 0 0 2.08333e+10 2.08333e+10 2.08333e+10 
0.00691704 -0.0019516 0.00737389 -0.003234 0.00858136 -0.00165645 0 0 0 0 0 0 2.08333e+10 2.08333e+10 2.08333e+10 
0.00691704 -0.0019516 0.0061193 -0.00336338 0.00737389 -0.003234 0 0 0 0 0 0 2.08333e+10 2.08333e+10 2.08333e+10 
0.00691704 -0.0019516 0.00520271 -0.00206539 0.0061193 -0.00336338 0 0 0 0 0 0 2.08333e+10 2.08333e+10 2.08333e+10 
0.00139375 -0.0173099 0.0008 -0.02 0.0024 -0.02 0 0 0 0 0 0 1.04167e+10 1.04167e+10 1.04167e+10 
0.00139375 -0.0173099 0.0024 -0.02 0.0034614 -0.0174064 0 0 0 0 0 0 1.04167e+10 1.04167e+10 1.04167e+10 
0.00622259 -0.0121674 0.00393938 -0.0127923 0.00542275 -0.0153622 0 0 0 0 0 0 1.04167e+10 1.04167e+10 1.04167e+10 
0.00622259 -0.0121674 0.00542275 -0.0153622 0.00763069 -0.0148572 0 0 0 0 0 0 1.04167e+10 1.04167e+10 1.04167e+10 
-0.00390847 -0.0134632 -0.00374476 -0.015497 -0.00233639 -0.0148799 0 0 0 0 0 0 3.125e+10 3.125e+10 3.125e+10 
-0.00390847 -0.0134632 -0.00520719 -0.0156621 -0.00374476 -0.015497 0 0 0 0 0 0 3.125e+10 3.125e+10 3.125e+10 
-0.00390847 -0.0134632 -0.00610173 -0.0134593 -0.00520719 -0.0156621 0 0 0 0 0 0 3.125e+10 3.125e+10 3.125e+10 
-0.00390847 -0.0134632 -0.00233639 -0.0148799 -0.00104273 -0.0138373 0 0 0 0 0 0 3.125e+10 3.125e+10 3.125e+10 
-0.0126367 -1.77905e-06 -0.0130027 -0.00135322 -0.0113781 -0.00040727 0 0 0 0 0 0 3.125e+10 3.125e+10 3.125e+10 
-0.0126367 -1.77905e-06 -0.0113781 -0.00040727 -0.0121593 0.00127678 0 0 0 0 0 0 3.125e+10 3.125e+10 3.125e+10 
-0.0126367 -1.77905e-06 -0.0148418 0.000132241 -0.0130027 -0.00135322 0 0 0 0 0 0 1.04167e+10 1.04167e+10 1.04167e+10 
0.00141665 -0.0127442 0.000716447 -0.0137926 0.00252354 -0.0146068 0 0 0 0 0 0 1.04167e+10 1.04167e+10 1.04167e+10 
0.00141665 -0.0127442 8.05019e-05 -0.0124141 0.000716447 -0.0137926 0 0 0 0 0 0 3.125e+10 3.125e+10 3.125e+10 
0.0107415 -0.0151322 0.00845758 -0.0172338 0.0109746 -0.0175867 0 0 0 0 0 0 1.04167e+10 1.04167e+10 1.04167e+10 
0.0107415 -0.0151322 0.00763069 -0.0148572 0.00845758 -0.0172338 0 0 0 0 0 0 1.04167e+10 1.04167e+10 1.04167e+10 
0.0139377 0.0177711 0.0136 0.02 0.012 0.02 0 0 0 0 0 0 1.04167e+10 1.04167e+10 1.04167e+10 
0.0139377 0.0177711 0.0152 0.02 0.0136 0.02 0 0 0 0 0 0 1.04167e+10 1.04167e+10 1.04167e+10 
0.0139377 0.0177711 0.0164481 0.0173355 0.0152 0.02 0 0 0 0 0 0 1.04167e+10 1.04167e+10 1.04167e+10 
0.0139377 0.0177711 0.0130393 0.0145943 0.0151878 0.0152435 0 0 0 0 0 0 1.04167e+10 1.04167e+10 1.04167e+10 
0.0139377 0.0177711 0.0151878 0.0152435 0.0164481 0.0173355 0 0 0 0 0 0 1.04167e+10 1.04167e+10 1.04167e+10 
-0.0136 -0.02 -0.0133648 -0.0177646 -0.0152 -0.02 0 0 0 0 0 0 1.04167e+10 1.04167e+10 1.04167e+10 
-0.0136 -0.02 -0.012 -0.02 -0.0133648 -0.0177646 0 0 0 0 0 0 1.04167e+10 1.04167e+10 1.04167e+10 
0.0136441 -0.0123367 0.015363 -0.0153823 0.0166744 -0.0124224 0 0 0 0 0 0 1.04167e+10 1.04167e+10 1.04167e+10 
0.0136441 -0.0123367 0.0166744 -0.0124224 0.0150528 -0.0103272 0 0 0 0 0 0 1.04167e+10 1.04167e+10 1.04167e+10 
0.0136441 -0.0123367 0.0126109 -0.00964405 0.0110378 -0.0121558 0 0 0 0 0 0 1.04167e+10 1.04167e+10 1.04167e+10 
0.0136441 -0.0123367 0.0150528 -0.0103272 0.0126109 -0.00964405 0 0 0 0 0 0 1.04167e+10 1.04167e+10 1.04167e+10 
-0.0117847 -0.00201713 -0.0130027 -0.00135322 -0.0132274 -0.00258005 0 0 0 0 0 0 3.125e+10 3.125e+10 3.125e+10 
-0.0117847 -0.00201713 -0.00983059 -0.00238536 -0.0113781 -0.00040727 0 0 0 0 0 0 3.125e+10 3.125e+10 3.125e+10 
-0.0117847 -0.00201713 -0.0113781 -0.00040727 -0.0130027 -0.00135322 0 0 0 0 0 0 3.125e+10 3.125e+10 3.125e+10 
0.00866353 0.0116368 0.0083645 0.0130631 0.00700292 0.011941 0 0 0 0 0 0 2.08333e+10 2.08333e+10 2.08333e+10 
-0.00568991 -0.0169595 -0.00454906 -0.0169827 -0.00520719 -0.0156621 0 0 0 0 0 0 3.125e+10 3.125e+10 3.125e+10 
-0.00568991 -0.0169595 -0.00520719 -0.0156621 -0.0066607 -0.0153679 0 0 0 0 0 0 3.125e+10 3.125e+10 3.125e+10 
-0.00568991 -0.0169595 -0.0066607 -0.0153679 -0.00681803 -0.0167156 0 0 0 0 0 0 3.125e+10 3.125e+10 3.125e+10 
-0.00898719 0.0174135 -0.00950399 0.0150225 -0.00699594 0.0150842 0 0 0 0 0 0 1.04167e+10 1.04167e+10 1.04167e+10 
-0.00898719 0.0174135 -0.00699594 0.0150842 -0.0063863 0.0174423 0 0 0 0 0 0 1.04167e+10 1.04167e+10 1.04167e+10 
-0.00898719 0.0174135 -0.010978 0.017692 -0.00950399 0.0150225 0 0 0 0 0 0 1.04167e+10 1.04167e+10 1.04167e+10 
-0.00898719 0.0174135 -0.0088 0.02 -0.0104 0.02 0 0 0 0 0 0 1.04167e+10 1.04167e+10 1.04167e+10 
-0.00898719 0.0174135 -0.0104 0.02 -0.010978 0.017692 0 0 0 0 0 0 1.04167e+10 1.04167e+10 1.04167e+10 
-0.0183008 -0.00711937 -0.0174763 -0.00525843 -0.02 -0.0056 0 0 0 0 0 0 1.04167e+10 1.04167e+10 1.04167e+10 
-0.0183008 -0.00711937 -0.02 -0.0056 -0.02 -0.0072 0 0 0 0 0 0 1.04167e+10 1.04167e+10 1.04167e+10 
-0.0183008 -0.00711937 -0.0160636 -0.00760221 -0.0174763 -0.00525843 0 0 0 0 0 0 1.04167e+10 1.04167e+10 1.04167e+10 
-0.0183008 -0.00711937 -0.0171529 -0.00962903 -0.0160636 -0.00760221 0 0 0 0 0 0 1.04167e+10 1.04167e+10 1.04167e+10 
-0.0183008 -0.00711937 -0.02 -0.0088 -0.0171529 -0.00962903 0 0 0 0 0 0 1.04167e+10 1.04167e+10 1.04167e+10 
-0.0183008 -0.00711937 -0.02 -0.0072 -0.02 -0.0088 0 0 0 0 0 0 1.04167e+10 1.04167e+10 1.04167e+10 
-0.000170368 -0.0148182 -0.00104273 -0.0138373 -0.00114629 -0.0156626 0 0 0 0 0 0 3.125e+10 3.125e+10 3.125e+10 
-0.000170368 -0.0148182 0.000716447 -0.0137926 -0.00104273 -0.0138373 0 0 0 0 0 0 3.125e+10 3.125e+10 3.125e+10 
0.0032494 -0.00273789 0.00303623 -0.00150687 0.00185068 -0.00238298 0 0 0 0 0 0 3.125e+10 3.125e+10 3.125e+10 
0.0032494 -0.00273789 0.00204044 -0.00408192 0.00337044 -0.00399417 0 0 0 0 0 0 3.125e+10 3.125e+10 3.125e+10 
0.0032494 -0.00273789 0.00185068 -0.00238298 0.00204044 -0.00408192 0 0 0 0 0 0 3.125e+10 3.125e+10 3.125e+10 
0.0032494 -0.00273789 0.00337044 -0.00399417 0.00485221 -0.00339936 0 0 0 0 0 0 1.04167e+10 1.04167e+10 1.04167e+10 
0.0032494 -0.00273789 0.00520271 -0.00206539 0.00303623 -0.00150687 0 0 0 0 0 0 2.08333e+10 2.08333e+10 2.08333e+10 
0.0032494 -0.00273789 0.00485221 -0.00339936 0.00520271 -0.00206539 0 0 0 0 0 0 2.08333e+10 2.08333e+10 2.08333e+10 
0.000124725 0.00450802 -0.000824492 0.00541243 -0.00110532 0.00390045 0 0 0 0 0 0 3.125e+10 3.125e+10 3.125e+10 
0.000124725 0.00450802 2.78893e-05 0.00249539 0.000979393 0.00342819 0 0 0 0 0 0 3.125e+10 3.125e+10 3.125e+10 
0.000124725 0.00450802 -0.00110532 0.00390045 2.78893e-05 0.00249539 0 0 0 0 0 0 3.125e+10 3.125e+10 3.125e+10 
0.0187863 -0.0172033 0.02 -0.0168 0.02 -0.0152 0 0 0 0 0 0 1.04167e+10 1.04167e+10 1.04167e+10 
-0.00983373 -0.0075976 -0.00915336 -0.00996367 -0.00732027 -0.00935912 0 0 0 0 0 0 3.125e+10 3.125e+10 3.125e+10 
-0.00983373 -0.0075976 -0.0119234 -0.00713666 -0.0116052 -0.00879127 0 0 0 0 0 0 3.125e+10 3.125e+10 3.125e+10 
-0.00983373 -0.0075976 -0.0116052 -0.00879127 -0.00915336 -0.00996367 0 0 0 0 0 0 3.125e+10 3.125e+10 3.125e+10 
-0.00983373 -0.0075976 -0.0100667 -0.00499107 -0.0119234 -0.00713666 0 0 0 0 0 0 3.125e+10 3.125e+10 3.125e+10 
0.0167116 -0.0177465 0.0134511 -0.0178423 0.0152 -0.02 0 0 0 0 0 0 1.04167e+10 1.04167e+10 1.04167e+10 
0.0167116 -0.0177465 0.015363 -0.0153823 0.0134511 -0.0178423 0 0 0 0 0 0 1.04167e+10 1.04167e+10 1.04167e+10 
0.0167116 -0.0177465 0.0184 -0.02 0.0187863 -0.0172033 0 0 0 0 0 0 1.04167e+10 1.04167e+10 1.04167e+10 
-0.00193341 -0.00504842 -0.00010733 -0.00725173 6.20695e-05 -0.00463089 0 0 0 0 0 0 3.125e+10 3.125e+10 3.125e+10 
-0.00193341 -0.00504842 6.20695e-05 -0.00463089 -0.00215832 -0.00249358 0 0 0 0 0 0 3.125e+10 3.125e+10 3.125e+10 
0.0113208 0.0178671 0.0104 0.02 0.00856539 0.017631 0 0 0 0 0 0 1.04167e+10 1.04167e+10 1.04167e+10 
0.0113208 0.0178671 0.00856539 0.017631 0.0102637 0.0152755 0 0 0 0 0 0 1.04167e+10 1.04167e+10 1.04167e+10 
0.0113208 0.0178671 0.012 0.02 0.0104 0.02 0 0 0 0 0 0 1.04167e+10 1.04167e+10 1.04167e+10 
0.0113208 0.0178671 0.0102637 0.0152755 0.0130393 0.0145943 0 0 0 0 0 0 1.04167e+10 1.04167e+10 1.04167e+10 
0.0113208 0.0178671 0.0130393 0.0145943 0.0139377 0.0177711 0 0 0 0 0 0 1.04167e+10 1.04167e+10 1.04167e+10 
0.0113208 0.0178671 0.0139377 0.0177711 0.012 0.02 0 0 0 0 0 0 1.04167e+10 1.04167e+10 1.04167e+10 
-0.00803744 -0.00408184 -0.00983059 -0.00238536 -0.0100667 -0.00499107 0 0 0 0 0 0 3.125e+10 3.125e+10 3.125e+10 
-0.00803744 -0.00408184 -0.0060301 -0.00621145 -0.00601033 -0.0035035 0 0 0 0 0 0 3.125e+10 3.125e+10 3.125e+10 
-0.02 0.0088 -0.0174431 0.0101288 -0.02 0.0104 0 0 0 0 0 0 1.04167e+10 1.04167e+10 1.04167e+10 
-0.02 0.0008 -0.02 -0.0008 -0.0174726 0.000116438 0 0 0 0 0 0 1.04167e+10 1.04167e+10 1.04167e+10 
-0.02 0.0008 -0.0188003 0.00267149 -0.02 0.0024 0 0 0 0 0 0 1.04167e+10 1.04167e+10 1.04167e+10 
-0.02 0.0008 -0.0174726 0.000116438 -0.0188003 0.00267149 0 0 0 0 0 0 1.04167e+10 1.04167e+10 1.04167e+10 
-0.00483305 0.0152886 -0.0063863 0.0174423 -0.00699594 0.0150842 0 0 0 0 0 0 1.04167e+10 1.04167e+10 1.04167e+10 
-0.00483305 0.0152886 -0.00699594 0.0150842 -0.00579934 0.0126819 0 0 0 0 0 0 1.04167e+10 1.04167e+10 1.04167e+10 
-0.0110259 0.00718418 -0.00966359 0.0103802 -0.0122475 0.00964226 0 0 0 0 0 0 1.04167e+10 1.04167e+10 1.04167e+10 
-0.0110259 0.00718418 -0.0122475 0.00964226 -0.0140046 0.00766116 0 0 0 0 0 0 1.04167e+10 1.04167e+10 1.04167e+10 
-0.0110259 0.00718418 -0.0140046 0.00766116 -0.0123728 0.00494443 0 0 0 0 0 0 1.04167e+10 1.04167e+10 1.04167e+10 
0.00498449 0.00606666 0.00733808 0.00787188 0.00477092 0.00806486 0 0 0 0 0 0 2.08333e+10 2.08333e+10 2.08333e+10 
0.00498449 0.00606666 0.00757975 0.00588887 0.00733808 0.00787188 0 0 0 0 0 0 2.08333e+10 2.08333e+10 2.08333e+10 
0.00498449 0.00606666 0.00477092 0.00806486 0.00239446 0.00588493 0 0 0 0 0 0 2.08333e+10 2.08333e+10 2.08333e+10 
0.00498449 0.00606666 0.00239446 0.00588493 0.0041048 0.00395314 0 0 0 0 0 0 2.08333e+10 2.08333e+10 2.08333e+10 
0.00498449 0.00606666 0.0041048 0.00395314 0.00680018 0.00401589 0 0 0 0 0 0 2.08333e+10 2.08333e+10 2.08333e+10 
0.00498449 0.00606666 0.00680018 0.00401589 0.00757975 0.00588887 0 0 0 0 0 0 2.08333e+10 2.08333e+10 2.08333e+10 
0.02 0.0104 0.02 0.012 0.0188438 0.0125262 0 0 0 0 0 0 1.04167e+10 1.04167e+10 1.04167e+10 
0.00164693 0.00233712 0.000979393 0.00342819 2.78893e-05 0.00249539 0 0 0 0 0 0 3.125e+10 3.125e+10 3.125e+10 
0.02 -0.0104 0.017896 -0.00977208 0.0189126 -0.0121862 0 0 0 0 0 0 1.04167e+10 1.04167e+10 1.04167e+10 
0.02 -0.0104 0.02 -0.0088 0.017896 -0.00977208 0 0 0 0 0 0 1.04167e+10 1.04167e+10 1.04167e+10 
-0.0138588 0.00222404 -0.0160728 0.00262044 -0.0148418 0.000132241 0 0 0 0 0 0 1.04167e+10 1.04167e+10 1.04167e+10 
-0.0138588 0.00222404 -0.0121593 0.00127678 -0.0115775 0.0024638 0 0 0 0 0 0 1.04167e+10 1.04167e+10 1.04167e+10 
-0.0138588 0.00222404 -0.0143135 0.00485254 -0.0160728 0.00262044 0 0 0 0 0 0 1.04167e+10 1.04167e+10 1.04167e+10 
-0.0138588 0.00222404 -0.0115775 0.0024638 -0.0123728 0.00494443 0 0 0 0 0 0 1.04167e+10 1.04167e+10 1.04167e+10 
-0.0138588 0.00222404 -0.0123728 0.00494443 -0.0143135 0.00485254 0 0 0 0 0 0 1.04167e+10 1.04167e+10 1.04167e+10 
-0.0138588 0.00222404 -0.0126367 -1.77905e-06 -0.0121593 0.00127678 0 0 0 0 0 0 1.04167e+10 1.04167e+10 1.04167e+10 
-0.0138588 0.00222404 -0.0148418 0.000132241 -0.0126367 -1.77905e-06 0 0 0 0 0 0 1.04167e+10 1.04167e+10 1.04167e+10 
0.00906305 -0.0126485 0.00622259 -0.0121674 0.00763069 -0.0148572 0 0 0 0 0 0 1.04167e+10 1.04167e+10 1.04167e+10 
0.00906305 -0.0126485 0.00763069 -0.0148572 0.0107415 -0.0151322 0 0 0 0 0 0 1.04167e+10 1.04167e+10 1.04167e+10 
0.00906305 -0.0126485 0.0107415 -0.0151322 0.0110378 -0.0121558 0 0 0 0 0 0 1.04167e+10 1.04167e+10 1.04167e+10 
0.00906305 -0.0126485 0.0110378 -0.0121558 0.0104494 -0.0100731 0 0 0 0 0 0 1.04167e+10 1.04167e+10 1.04167e+10 
0.0135089 -0.000923115 0.0117807 -0.000455069 0.0124269 -0.00159787 0 0 0 0 0 0 2.08333e+10 2.08333e+10 2.08333e+10 
0.00333178 -0.00652629 0.00204652 -0.00580482 0.00186876 -0.00750671 0 0 0 0 0 0 3.125e+10 3.125e+10 3.125e+10 
0.00333178 -0.00652629 0.00186876 -0.00750671 0.00317251 -0.00777384 0 0 0 0 0 0 3.125e+10 3.125e+10 3.125e+10 
0.004 -0.02 0.0034614 -0.0174064 0.0024 -0.02 0 0 0 0 0 0 1.04167e+10 1.04167e+10 1.04167e+10 
0.004 -0.02 0.00585176 -0.017725 0.0034614 -0.0174064 0 0 0 0 0 0 1.04167e+10 1.04167e+10 1.04167e+10 
0.004 -0.02 0.0056 -0.02 0.00585176 -0.017725 0 0 0 0 0 0 1.04167e+10 1.04167e+10 1.04167e+10 
-0.0107104 0.00128354 -0.00984823 0.00276037 -0.0115775 0.0024638 0 0 0 0 0 0 3.125e+10 3.125e+10 3.125e+10 
-0.0107104 0.00128354 -0.0115775 0.0024638 -0.0121593 0.00127678 0 0 0 0 0 0 3.125e+10 3.125e+10 3.125e+10 
-0.0107104 0.00128354 -0.0121593 0.00127678 -0.0113781 -0.00040727 0 0 0 0 0 0 3.125e+10 3.125e+10 3.125e+10 
0.017671 -0.0145882 0.02 -0.0152 0.02 -0.0136 0 0 0 0 0 0 1.04167e+10 1.04167e+10 1.04167e+10 
0.017671 -0.0145882 0.0166744 -0.0124224 0.015363 -0.0153823 0 0 0 0 0 0 1.04167e+10 1.04167e+10 1.04167e+10 
0.017671 -0.0145882 0.0189126 -0.0121862 0.0166744 -0.0124224 0 0 0 0 0 0 1.04167e+10 1.04167e+10 1.04167e+10 
0.017671 -0.0145882 0.02 -0.0136 0.0189126 -0.0121862 0 0 0 0 0 0 1.04167e+10 1.04167e+10 1.04167e+10 
0.017671 -0.0145882 0.0187863 -0.0172033 0.02 -0.0152 0 0 0 0 0 0 1.04167e+10 1.04167e+10 1.04167e+10 
0.017671 -0.0145882 0.015363 -0.0153823 0.0167116 -0.0177465 0 0 0 0 0 0 1.04167e+10 1.04167e+10 1.04167e+10 
0.017671 -0.0145882 0.0167116 -0.0177465 0.0187863 -0.0172033 0 0 0 0 0 0 1.04167e+10 1.04167e+10 1.04167e+10 
0.02 -0.012 0.02 -0.0104 0.0189126 -0.0121862 0 0 0 0 0 0 1.04167e+10 1.04167e+10 1.04167e+10 
0.02 -0.012 0.0189126 -0.0121862 0.02 -0.0136 0 0 0 0 0 0 1.04167e+10 1.04167e+10 1.04167e+10 
0.000284599 0.0113387 0.00188649 0.0117589 0.000883249 0.0128902 0 0 0 0 0 0 2.08333e+10 2.08333e+10 2.08333e+10 
0.000284599 0.0113387 0.000883249 0.0128902 -0.000445395 0.0124853 0 0 0 0 0 0 2.08333e+10 2.08333e+10 2.08333e+10 
-0.0184 0.02 -0.02 0.02 -0.02 0.0184 0 0 0 0 0 0 1.04167e+10 1.04167e+10 1.04167e+10 
-0.0184 0.02 -0.02 0.0184 -0.0188929 0.0172559 0 0 0 0 0 0 1.04167e+10 1.04167e+10 1.04167e+10 
-0.0184 0.02 -0.0188929 0.0172559 -0.0164892 0.0175984 0 0 0 0 0 0 1.04167e+10 1.04167e+10 1.04167e+10 
0.00762659 -0.0101958 0.00903557 -0.00729643 0.00599168 -0.00772745 0 0 0 0 0 0 1.04167e+10 1.04167e+10 1.04167e+10 
0.00762659 -0.0101958 0.0104494 -0.0100731 0.00903557 -0.00729643 0 0 0 0 0 0 1.04167e+10 1.04167e+10 1.04167e+10 
0.00762659 -0.0101958 0.00622259 -0.0121674 0.00906305 -0.0126485 0 0 0 0 0 0 1.04167e+10 1.04167e+10 1.04167e+10 
0.00762659 -0.0101958 0.00906305 -0.0126485 0.0104494 -0.0100731 0 0 0 0 0 0 1.04167e+10 1.04167e+10 1.04167e+10 
-0.00796786 -0.00667864 -0.00732027 -0.00935912 -0.0060301 -0.00621145 0 0 0 0 0 0 3.125e+10 3.125e+10 3.125e+10 
-0.00796786 -0.00667864 -0.00983373 -0.0075976 -0.00732027 -0.00935912 0 0 0 0 0 0 3.125e+10 3.125e+10 3.125e+10 
-0.00796786 -0.00667864 -0.0060301 -0.00621145 -0.00803744 -0.00408184 0 0 0 0 0 0 3.125e+10 3.125e+10 3.125e+10 
-0.00796786 -0.00667864 -0.0100667 -0.00499107 -0.00983373 -0.0075976 0 0 0 0 0 0 3.125e+10 3.125e+10 3.125e+10 
-0.00796786 -0.00667864 -0.00803744 -0.00408184 -0.0100667 -0.00499107 0 0 0 0 0 0 3.125e+10 3.125e+10 3.125e+10 
0.0024 0.02 0.00367019 0.0173969 0.004 0.02 0 0 0 0 0 0 1.04167e+10 1.04167e+10 1.04167e+10 
0.0024 0.02 0.00132347 0.0170753 0.00367019 0.0173969 0 0 0 0 0 0 1.04167e+10 1.04167e+10 1.04167e+10 
-0.0072 0.02 -0.00898719 0.0174135 -0.0063863 0.0174423 0 0 0 0 0 0 1.04167e+10 1.04167e+10 1.04167e+10 
-0.0072 0.02 -0.0088 0.02 -0.00898719 0.0174135 0 0 0 0 0 0 1.04167e+10 1.04167e+10 1.04167e+10 
-0.0072 0.02 -0.0063863 0.0174423 -0.0056 0.02 0 0 0 0 0 0 1.04167e+10 1.04167e+10 1.04167e+10 
0.00151179 -0.00914321 0.00186876 -0.00750671 -0.00010733 -0.00725173 0 0 0 0 0 0 3.125e+10 3.125e+10 3.125e+10 
0.00151179 -0.00914321 -0.00010733 -0.00725173 -0.000729625 -0.00966413 0 0 0 0 0 0 3.125e+10 3.125e+10 3.125e+10 
0.00151179 -0.00914321 0.00292197 -0.00899041 0.00186876 -0.00750671 0 0 0 0 0 0 3.125e+10 3.125e+10 3.125e+10 
0.00151179 -0.00914321 0.00252751 -0.0103254 0.00292197 -0.00899041 0 0 0 0 0 0 3.125e+10 3.125e+10 3.125e+10 
-0.0075374 -0.00125603 -0.00601033 -0.0035035 -0.00496596 -0.000335711 0 0 0 0 0 0 3.125e+10 3.125e+10 3.125e+10 
-0.0075374 -0.00125603 -0.00496596 -0.000335711 -0.00615295 0.00117757 0 0 0 0 0 0 3.125e+10 3.125e+10 3.125e+10 
-0.0075374 -0.00125603 -0.00983059 -0.00238536 -0.00803744 -0.00408184 0 0 0 0 0 0 3.125e+10 3.125e+10 3.125e+10 
-0.0075374 -0.00125603 -0.00803744 -0.00408184 -0.00601033 -0.0035035 0 0 0 0 0 0 3.125e+10 3.125e+10 3.125e+10 
-0.0147194 0.00981474 -0.0122475 0.00964226 -0.0139055 0.0121628 0 0 0 0 0 0 1.04167e+10 1.04167e+10 1.04167e+10 
-0.0147194 0.00981474 -0.0140046 0.00766116 -0.0122475 0.00964226 0 0 0 0 0 0 1.04167e+10 1.04167e+10 1.04167e+10 
-0.0147194 0.00981474 -0.0162285 0.00731717 -0.0140046 0.00766116 0 0 0 0 0 0 1.04167e+10 1.04167e+10 1.04167e+10 
-0.0147194 0.00981474 -0.0174431 0.0101288 -0.0162285 0.00731717 0 0 0 0 0 0 1.04167e+10 1.04167e+10 1.04167e+10 
-0.0109052 0.0126934 -0.00911948 0.0124555 -0.00950399 0.0150225 0 0 0 0 0 0 1.04167e+10 1.04167e+10 1.04167e+10 
-0.0109052 0.0126934 -0.00950399 0.0150225 -0.0121205 0.0147111 0 0 0 0 0 0 1.04167e+10 1.04167e+10 1.04167e+10 
-0.0109052 0.0126934 -0.0121205 0.0147111 -0.0139055 0.0121628 0 0 0 0 0 0 1.04167e+10 1.04167e+10 1.04167e+10 
-0.0109052 0.0126934 -0.00966359 0.0103802 -0.00911948 0.0124555 0 0 0 0 0 0 1.04167e+10 1.04167e+10 1.04167e+10 
-0.0109052 0.0126934 -0.0122475 0.00964226 -0.00966359 0.0103802 0 0 0 0 0 0 1.04167e+10 1.04167e+10 1.04167e+10 
-0.0109052 0.0126934 -0.0139055 0.0121628 -0.0122475 0.00964226 0 0 0 0 0 0 1.04167e+10 1.04167e+10 1.04167e+10 
0.00744477 0.000139099 0.00858136 -0.00165645 0.0098319 0.000793861 0 0 0 0 0 0 2.08333e+10 2.08333e+10 2.08333e+10 
0.00744477 0.000139099 0.00691704 -0.0019516 0.00858136 -0.00165645 0 0 0 0 0 0 2.08333e+10 2.08333e+10 2.08333e+10 
0.00744477 0.000139099 0.00609678 0.00197512 0.00483134 -6.57072e-05 0 0 0 0 0 0 2.08333e+10 2.08333e+10 2.08333e+10 
0.00744477 0.000139099 0.00483134 -6.57072e-05 0.00691704 -0.0019516 0 0 0 0 0 0 2.08333e+10 2.08333e+10 2.08333e+10 
0.00744477 0.000139099 0.00889208 0.00251021 0.00609678 0.00197512 0 0 0 0 0 0 2.08333e+10 2.08333e+10 2.08333e+10 
0.00744477 0.000139099 0.0098319 0.000793861 0.00889208 0.00251021 0 0 0 0 0 0 2.08333e+10 2.08333e+10 2.08333e+10 
0.0187927 -0.00786905 0.02 -0.0088 0.02 -0.0072 0 0 0 0 0 0 1.04167e+10 1.04167e+10 1.04167e+10 
0.0187927 -0.00786905 0.017896 -0.00977208 0.02 -0.0088 0 0 0 0 0 0 1.04167e+10 1.04167e+10 1.04167e+10 
0.0187927 -0.00786905 0.02 -0.0072 0.018064 -0.00535031 0 0 0 0 0 0 1.04167e+10 1.04167e+10 1.04167e+10 
0.0187927 -0.00786905 0.018064 -0.00535031 0.0159193 -0.00781946 0 0 0 0 0 0 1.04167e+10 1.04167e+10 1.04167e+10 
0.0187927 -0.00786905 0.0159193 -0.00781946 0.017896 -0.00977208 0 0 0 0 0 0 1.04167e+10 1.04167e+10 1.04167e+10 
-0.02 0.0136 -0.02 0.012 -0.0188031 0.0120672 0 0 0 0 0 0 1.04167e+10 1.04167e+10 1.04167e+10 
-0.02 0.0136 -0.0170168 0.0148792 -0.02 0.0152 0 0 0 0 0 0 1.04167e+10 1.04167e+10 1.04167e+10 
-0.02 0.0136 -0.0188031 0.0120672 -0.0170168 0.0148792 0 0 0 0 0 0 1.04167e+10 1.04167e+10 1.04167e+10 
-0.0170014 -0.0151785 -0.0144796 -0.0149787 -0.0164292 -0.0124652 0 0 0 0 0 0 1.04167e+10 1.04167e+10 1.04167e+10 
-0.0170014 -0.0151785 -0.02 -0.0152 -0.0184273 -0.0175924 0 0 0 0 0 0 1.04167e+10 1.04167e+10 1.04167e+10 
-0.0170014 -0.0151785 -0.0183731 -0.0121929 -0.02 -0.0136 0 0 0 0 0 0 1.04167e+10 1.04167e+10 1.04167e+10 
-0.0170014 -0.0151785 -0.02 -0.0136 -0.02 -0.0152 0 0 0 0 0 0 1.04167e+10 1.04167e+10 1.04167e+10 
-0.0170014 -0.0151785 -0.0164292 -0.0124652 -0.0183731 -0.0121929 0 0 0 0 0 0 1.04167e+10 1.04167e+10 1.04167e+10 
-0.00393388 -0.00514894 -0.0060301 -0.00621145 -0.00413246 -0.00771518 0 0 0 0 0 0 3.125e+10 3.125e+10 3.125e+10 
-0.00393388 -0.00514894 -0.00601033 -0.0035035 -0.0060301 -0.00621145 0 0 0 0 0 0 3.125e+10 3.125e+10 3.125e+10 
-0.00393388 -0.00514894 -0.00409464 -0.0025325 -0.00601033 -0.0035035 0 0 0 0 0 0 3.125e+10 3.125e+10 3.125e+10 
-0.00393388 -0.00514894 -0.00215832 -0.00249358 -0.00409464 -0.0025325 0 0 0 0 0 0 3.125e+10 3.125e+10 3.125e+10 
-0.00393388 -0.00514894 -0.00193341 -0.00504842 -0.00215832 -0.00249358 0 0 0 0 0 0 3.125e+10 3.125e+10 3.125e+10 
0.0145678 0.00812395 0.0127638 0.00725162 0.0153351 0.00674835 0 0 0 0 0 0 2.08333e+10 2.08333e+10 2.08333e+10 
0.0145678 0.00812395 0.0153351 0.00674835 0.0160026 0.00835287 0 0 0 0 0 0 2.08333e+10 2.08333e+10 2.08333e+10 
0.0145678 0.00812395 0.0160026 0.00835287 0.0153451 0.00925678 0 0 0 0 0 0 2.08333e+10 2.08333e+10 2.08333e+10 
0.0104 -0.02 0.012 -0.02 0.0109746 -0.0175867 0 0 0 0 0 0 1.04167e+10 1.04167e+10 1.04167e+10 
0.00713015 0.0132666 0.0083645 0.0130631 0.00777504 0.015331 0 0 0 0 0 0 1.04167e+10 1.04167e+10 1.04167e+10 
0.00713015 0.0132666 0.00777504 0.015331 0.00587201 0.0133778 0 0 0 0 0 0 1.04167e+10 1.04167e+10 1.04167e+10 
0.00713015 0.0132666 0.00587201 0.0133778 0.00700292 0.011941 0 0 0 0 0 0 2.08333e+10 2.08333e+10 2.08333e+10 
0.00713015 0.0132666 0.00700292 0.011941 0.0083645 0.0130631 0 0 0 0 0 0 2.08333e+10 2.08333e+10 2.08333e+10 
0.0168 -0.02 0.0167116 -0.0177465 0.0152 -0.02 0 0 0 0 0 0 1.04167e+10 1.04167e+10 1.04167e+10 
0.0168 -0.02 0.0184 -0.02 0.0167116 -0.0177465 0 0 0 0 0 0 1.04167e+10 1.04167e+10 1.04167e+10 
0.02 -0.0184 0.02 -0.0168 0.0187863 -0.0172033 0 0 0 0 0 0 1.04167e+10 1.04167e+10 1.04167e+10 
0.02 -0.0184 0.0184 -0.02 0.02 -0.02 0 0 0 0 0 0 1.04167e+10 1.04167e+10 1.04167e+10 
0.02 -0.0184 0.0187863 -0.0172033 0.0184 -0.02 0 0 0 0 0 0 1.04167e+10 1.04167e+10 1.04167e+10 
0.0131783 0.000463257 0.0145771 -6.13104e-05 0.0144156 0.00167927 0 0 0 0 0 0 2.08333e+10 2.08333e+10 2.08333e+10 
0.0131783 0.000463257 0.0135089 -0.000923115 0.0145771 -6.13104e-05 0 0 0 0 0 0 2.08333e+10 2.08333e+10 2.08333e+10 
0.0131783 0.000463257 0.0117807 -0.000455069 0.0135089 -0.000923115 0 0 0 0 0 0 2.08333e+10 2.08333e+10 2.08333e+10 
-0.00914737 -2.16886e-05 -0.00790184 0.00210444 -0.00984823 0.00276037 0 0 0 0 0 0 3.125e+10 3.125e+10 3.125e+10 
-0.00914737 -2.16886e-05 -0.00984823 0.00276037 -0.0107104 0.00128354 0 0 0 0 0 0 3.125e+10 3.125e+10 3.125e+10 
-0.00914737 -2.16886e-05 -0.00615295 0.00117757 -0.00790184 0.00210444 0 0 0 0 0 0 3.125e+10 3.125e+10 3.125e+10 
-0.00914737 -2.16886e-05 -0.0075374 -0.00125603 -0.00615295 0.00117757 0 0 0 0 0 0 3.125e+10 3.125e+10 3.125e+10 
-0.00914737 -2.16886e-05 -0.0107104 0.00128354 -0.0113781 -0.00040727 0 0 0 0 0 0 3.125e+10 3.125e+10 3.125e+10 
-0.00914737 -2.16886e-05 -0.0113781 -0.00040727 -0.00983059 -0.00238536 0 0 0 0 0 0 3.125e+10 3.125e+10 3.125e+10 
-0.00914737 -2.16886e-05 -0.00983059 -0.00238536 -0.0075374 -0.00125603 0 0 0 0 0 0 3.125e+10 3.125e+10 3.125e+10 
-0.0110312 -0.0105587 -0.0116052 -0.00879127 -0.0125768 -0.0101807 0 0 0 0 0 0 3.125e+10 3.125e+10 3.125e+10 
-0.0110312 -0.0105587 -0.0125768 -0.0101807 -0.0120845 -0.0114477 0 0 0 0 0 0 3.125e+10 3.125e+10 3.125e+10 
-0.0110312 -0.0105587 -0.0102519 -0.0121369 -0.00915336 -0.00996367 0 0 0 0 0 0 3.125e+10 3.125e+10 3.125e+10 
-0.0110312 -0.0105587 -0.0120845 -0.0114477 -0.0102519 -0.0121369 0 0 0 0 0 0 3.125e+10 3.125e+10 3.125e+10 
-0.0110312 -0.0105587 -0.00915336 -0.00996367 -0.0116052 -0.00879127 0 0 0 0 0 0 3.125e+10 3.125e+10 3.125e+10 
0.00860196 -0.00301266 0.00995544 -0.00265032 0.00858136 -0.00165645 0 0 0 0 0 0 2.08333e+10 2.08333e+10 2.08333e+10 
0.00860196 -0.00301266 0.00858136 -0.00165645 0.00737389 -0.003234 0 0 0 0 0 0 2.08333e+10 2.08333e+10 2.08333e+10 
0.0189027 0.0170678 0.02 0.0184 0.0184 0.02 0 0 0 0 0 0 1.04167e+10 1.04167e+10 1.04167e+10 
0.0189027 0.0170678 0.0184 0.02 0.0164481 0.0173355 0 0 0 0 0 0 1.04167e+10 1.04167e+10 1.04167e+10 
0.0189027 0.0170678 0.0180102 0.0152941 0.02 0.0152 0 0 0 0 0 0 1.04167e+10 1.04167e+10 1.04167e+10 
0.0189027 0.0170678 0.02 0.0152 0.02 0.0168 0 0 0 0 0 0 1.04167e+10 1.04167e+10 1.04167e+10 
0.0189027 0.0170678 0.02 0.0168 0.02 0.0184 0 0 0 0 0 0 1.04167e+10 1.04167e+10 1.04167e+10 
0.0189027 0.0170678 0.0164481 0.0173355 0.0180102 0.0152941 0 0 0 0 0 0 1.04167e+10 1.04167e+10 1.04167e+10 
0.003398 -0.00526169 0.00204044 -0.00408192 0.00204652 -0.00580482 0 0 0 0 0 0 3.125e+10 3.125e+10 3.125e+10 
0.003398 -0.00526169 0.00337044 -0.00399417 0.00204044 -0.00408192 0 0 0 0 0 0 3.125e+10 3.125e+10 3.125e+10 
0.003398 -0.00526169 0.00204652 -0.00580482 0.00333178 -0.00652629 0 0 0 0 0 0 3.125e+10 3.125e+10 3.125e+10 
0.003398 -0.00526169 0.00548216 -0.00527967 0.00337044 -0.00399417 0 0 0 0 0 0 1.04167e+10 1.04167e+10 1.04167e+10 
-0.0187568 0.00780532 -0.0166762 0.00456563 -0.0162285 0.00731717 0 0 0 0 0 0 1.04167e+10 1.04167e+10 1.04167e+10 
-0.0187568 0.00780532 -0.02 0.0088 -0.02 0.0072 0 0 0 0 0 0 1.04167e+10 1.04167e+10 1.04167e+10 
-0.0187568 0.00780532 -0.0174431 0.0101288 -0.02 0.0088 0 0 0 0 0 0 1.04167e+10 1.04167e+10 1.04167e+10 
-0.0187568 0.00780532 -0.0162285 0.00731717 -0.0174431 0.0101288 0 0 0 0 0 0 1.04167e+10 1.04167e+10 1.04167e+10 
-0.02 0.0056 -0.02 0.004 -0.0166762 0.00456563 0 0 0 0 0 0 1.04167e+10 1.04167e+10 1.04167e+10 
-0.02 0.0056 -0.0166762 0.00456563 -0.0187568 0.00780532 0 0 0 0 0 0 1.04167e+10 1.04167e+10 1.04167e+10 
-0.02 0.0056 -0.0187568 0.00780532 -0.02 0.0072 0 0 0 0 0 0 1.04167e+10 1.04167e+10 1.04167e+10 
-0.0039316 0.00690254 -0.00511925 0.00566515 -0.0036583 0.00547265 0 0 0 0 0 0 3.125e+10 3.125e+10 3.125e+10 
-0.0039316 0.00690254 -0.00507054 0.00699958 -0.00511925 0.00566515 0 0 0 0 0 0 3.125e+10 3.125e+10 3.125e+10 
-0.00225951 -0.00799194 -0.000729625 -0.00966413 -0.00010733 -0.00725173 0 0 0 0 0 0 3.125e+10 3.125e+10 3.125e+10 
-0.00225951 -0.00799194 -0.00010733 -0.00725173 -0.00193341 -0.00504842 0 0 0 0 0 0 3.125e+10 3.125e+10 3.125e+10 
-0.00225951 -0.00799194 -0.00413246 -0.00771518 -0.00331482 -0.0105699 0 0 0 0 0 0 3.125e+10 3.125e+10 3.125e+10 
-0.00225951 -0.00799194 -0.00331482 -0.0105699 -0.000729625 -0.00966413 0 0 0 0 0 0 3.125e+10 3.125e+10 3.125e+10 
-0.00225951 -0.00799194 -0.00393388 -0.00514894 -0.00413246 -0.00771518 0 0 0 0 0 0 3.125e+10 3.125e+10 3.125e+10 
-0.00225951 -0.00799194 -0.00193341 -0.00504842 -0.00393388 -0.00514894 0 0 0 0 0 0 3.125e+10 3.125e+10 3.125e+10 
0.000486531 0.00932535 0.00292024 0.00991862 0.00188649 0.0117589 0 0 0 0 0 0 2.08333e+10 2.08333e+10 2.08333e+10 
0.000486531 0.00932535 0.00188649 0.0117589 0.000284599 0.0113387 0 0 0 0 0 0 2.08333e+10 2.08333e+10 2.08333e+10 
0.000486531 0.00932535 0.0018477 0.00770218 0.00292024 0.00991862 0 0 0 0 0 0 2.08333e+10 2.08333e+10 2.08333e+10 
-0.00804268 -0.0146273 -0.00992137 -0.0147248 -0.00895346 -0.0155878 0 0 0 0 0 0 3.125e+10 3.125e+10 3.125e+10 
-0.00804268 -0.0146273 -0.0066607 -0.0153679 -0.00610173 -0.0134593 0 0 0 0 0 0 3.125e+10 3.125e+10 3.125e+10 
-0.00191975 -0.0118812 -0.00104273 -0.0138373 8.05019e-05 -0.0124141 0 0 0 0 0 0 3.125e+10 3.125e+10 3.125e+10 
-0.00191975 -0.0118812 -0.00331482 -0.0105699 -0.00390847 -0.0134632 0 0 0 0 0 0 3.125e+10 3.125e+10 3.125e+10 
-0.00191975 -0.0118812 -0.00390847 -0.0134632 -0.00104273 -0.0138373 0 0 0 0 0 0 3.125e+10 3.125e+10 3.125e+10 
-0.00191975 -0.0118812 8.05019e-05 -0.0124141 -0.000729625 -0.00966413 0 0 0 0 0 0 3.125e+10 3.125e+10 3.125e+10 
-0.00191975 -0.0118812 -0.000729625 -0.00966413 -0.00331482 -0.0105699 0 0 0 0 0 0 3.125e+10 3.125e+10 3.125e+10 
0.0107614 -0.00472027 0.0112367 -0.00217642 0.00995544 -0.00265032 0 0 0 0 0 0 1.04167e+10 1.04167e+10 1.04167e+10 
0.0107614 -0.00472027 0.011412 -0.00709102 0.0127767 -0.00495408 0 0 0 0 0 0 1.04167e+10 1.04167e+10 1.04167e+10 
0.0107614 -0.00472027 0.00903557 -0.00729643 0.011412 -0.00709102 0 0 0 0 0 0 1.04167e+10 1.04167e+10 1.04167e+10 
0.0125186 -0.01542 0.0109746 -0.0175867 0.0134511 -0.0178423 0 0 0 0 0 0 1.04167e+10 1.04167e+10 1.04167e+10 
0.0125186 -0.01542 0.0107415 -0.0151322 0.0109746 -0.0175867 0 0 0 0 0 0 1.04167e+10 1.04167e+10 1.04167e+10 
0.0125186 -0.01542 0.0134511 -0.0178423 0.015363 -0.0153823 0 0 0 0 0 0 1.04167e+10 1.04167e+10 1.04167e+10 
0.0125186 -0.01542 0.0136441 -0.0123367 0.0110378 -0.0121558 0 0 0 0 0 0 1.04167e+10 1.04167e+10 1.04167e+10 
0.0125186 -0.01542 0.0110378 -0.0121558 0.0107415 -0.0151322 0 0 0 0 0 0 1.04167e+10 1.04167e+10 1.04167e+10 
0.0125186 -0.01542 0.015363 -0.0153823 0.0136441 -0.0123367 0 0 0 0 0 0 1.04167e+10 1.04167e+10 1.04167e+10 
-0.0113692 -0.0172653 -0.0133648 -0.0177646 -0.012 -0.02 0 0 0 0 0 0 1.04167e+10 1.04167e+10 1.04167e+10 
-0.0104 -0.02 -0.0113692 -0.0172653 -0.012 -0.02 0 0 0 0 0 0 1.04167e+10 1.04167e+10 1.04167e+10 
-0.00281236 0.0065859 -0.00225512 0.00482912 -0.00173349 0.00605551 0 0 0 0 0 0 3.125e+10 3.125e+10 3.125e+10 
-0.00281236 0.0065859 -0.0036583 0.00547265 -0.00225512 0.00482912 0 0 0 0 0 0 3.125e+10 3.125e+10 3.125e+10 
-0.00281236 0.0065859 -0.00173349 0.00605551 -0.00177175 0.00816203 0 0 0 0 0 0 2.08333e+10 2.08333e+10 2.08333e+10 
-0.00281236 0.0065859 -0.0039316 0.00690254 -0.0036583 0.00547265 0 0 0 0 0 0 3.125e+10 3.125e+10 3.125e+10 
-0.00396038 0.0174 -0.00119626 0.0171979 -0.0024 0.02 0 0 0 0 0 0 1.04167e+10 1.04167e+10 1.04167e+10 
-0.00396038 0.0174 -0.0024 0.02 -0.004 0.02 0 0 0 0 0 0 1.04167e+10 1.04167e+10 1.04167e+10 
-0.00396038 0.0174 -0.0063863 0.0174423 -0.00483305 0.0152886 0 0 0 0 0 0 1.04167e+10 1.04167e+10 1.04167e+10 
-0.00396038 0.0174 -0.00247617 0.014649 -0.00119626 0.0171979 0 0 0 0 0 0 1.04167e+10 1.04167e+10 1.04167e+10 
-0.00396038 0.0174 -0.00483305 0.0152886 -0.00247617 0.014649 0 0 0 0 0 0 1.04167e+10 1.04167e+10 1.04167e+10 
-0.00396038 0.0174 -0.004 0.02 -0.0056 0.02 0 0 0 0 0 0 1.04167e+10 1.04167e+10 1.04167e+10 
-0.00396038 0.0174 -0.0056 0.02 -0.0063863 0.0174423 0 0 0 0 0 0 1.04167e+10 1.04167e+10 1.04167e+10 
0.0120012 0.00201366 0.0144156 0.00167927 0.0136641 0.00512246 0 0 0 0 0 0 2.08333e+10 2.08333e+10 2.08333e+10 
0.0120012 0.00201366 0.0136641 0.00512246 0.0116627 0.00510538 0 0 0 0 0 0 2.08333e+10 2.08333e+10 2.08333e+10 
0.0120012 0.00201366 0.0098319 0.000793861 0.0117807 -0.000455069 0 0 0 0 0 0 2.08333e+10 2.08333e+10 2.08333e+10 
0.0120012 0.00201366 0.0117807 -0.000455069 0.0131783 0.000463257 0 0 0 0 0 0 2.08333e+10 2.08333e+10 2.08333e+10 
0.0120012 0.00201366 0.00889208 0.00251021 0.0098319 0.000793861 0 0 0 0 0 0 2.08333e+10 2.08333e+10 2.08333e+10 
0.0120012 0.00201366 0.0131783 0.000463257 0.0144156 0.00167927 0 0 0 0 0 0 2.08333e+10 2.08333e+10 2.08333e+10 
0.0120012 0.00201366 0.0116627 0.00510538 0.00966664 0.00500355 0 0 0 0 0 0 2.08333e+10 2.08333e+10 2.08333e+10 
0.0120012 0.00201366 0.00966664 0.00500355 0.00889208 0.00251021 0 0 0 0 0 0 2.08333e+10 2.08333e+10 2.08333e+10 
-0.00139319 0.0106567 -0.000445395 0.0124853 -0.00169463 0.0119713 0 0 0 0 0 0 2.08333e+10 2.08333e+10 2.08333e+10 
-0.00139319 0.0106567 0.000284599 0.0113387 -0.000445395 0.0124853 0 0 0 0 0 0 2.08333e+10 2.08333e+10 2.08333e+10 
-0.00139319 0.0106567 0.000486531 0.00932535 0.000284599 0.0113387 0 0 0 0 0 0 2.08333e+10 2.08333e+10 2.08333e+10 
-0.00139319 0.0106567 -0.00285327 0.00978213 -0.00177175 0.00816203 0 0 0 0 0 0 2.08333e+10 2.08333e+10 2.08333e+10 
-0.00139319 0.0106567 -0.00177175 0.00816203 0.000486531 0.00932535 0 0 0 0 0 0 2.08333e+10 2.08333e+10 2.08333e+10 
0.02 -0.0024 0.0186252 -0.002735 0.02 -0.004 0 0 0 0 0 0 1.04167e+10 1.04167e+10 1.04167e+10 
0.02 -0.0024 0.02 -0.0008 0.0186252 -0.002735 0 0 0 0 0 0 1.04167e+10 1.04167e+10 1.04167e+10 
0.000896547 -0.0108788 -0.000729625 -0.00966413 8.05019e-05 -0.0124141 0 0 0 0 0 0 3.125e+10 3.125e+10 3.125e+10 
0.000896547 -0.0108788 0.00202329 -0.0115828 0.00252751 -0.0103254 0 0 0 0 0 0 3.125e+10 3.125e+10 3.125e+10 
0.000896547 -0.0108788 0.00252751 -0.0103254 0.00151179 -0.00914321 0 0 0 0 0 0 3.125e+10 3.125e+10 3.125e+10 
0.000896547 -0.0108788 0.00151179 -0.00914321 -0.000729625 -0.00966413 0 0 0 0 0 0 3.125e+10 3.125e+10 3.125e+10 
0.000896547 -0.0108788 0.00141665 -0.0127442 0.00202329 -0.0115828 0 0 0 0 0 0 3.125e+10 3.125e+10 3.125e+10 
0.000896547 -0.0108788 8.05019e-05 -0.0124141 0.00141665 -0.0127442 0 0 0 0 0 0 3.125e+10 3.125e+10 3.125e+10 
-0.00581521 -0.0114268 -0.00413246 -0.00771518 -0.00732027 -0.00935912 0 0 0 0 0 0 3.125e+10 3.125e+10 3.125e+10 
-0.00581521 -0.0114268 -0.00331482 -0.0105699 -0.00413246 -0.00771518 0 0 0 0 0 0 3.125e+10 3.125e+10 3.125e+10 
-0.00581521 -0.0114268 -0.00610173 -0.0134593 -0.00390847 -0.0134632 0 0 0 0 0 0 3.125e+10 3.125e+10 3.125e+10 
-0.00581521 -0.0114268 -0.00390847 -0.0134632 -0.00331482 -0.0105699 0 0 0 0 0 0 3.125e+10 3.125e+10 3.125e+10 
0.00972839 0.0127204 0.0083645 0.0130631 0.00866353 0.0116368 0 0 0 0 0 0 2.08333e+10 2.08333e+10 2.08333e+10 
0.00972839 0.0127204 0.0104419 0.0110778 0.0110233 0.0122652 0 0 0 0 0 0 2.08333e+10 2.08333e+10 2.08333e+10 
0.00972839 0.0127204 0.00866353 0.0116368 0.0104419 0.0110778 0 0 0 0 0 0 2.08333e+10 2.08333e+10 2.08333e+10 
0.00535365 -0.0102397 0.00762659 -0.0101958 0.00599168 -0.00772745 0 0 0 0 0 0 1.04167e+10 1.04167e+10 1.04167e+10 
0.00535365 -0.0102397 0.00622259 -0.0121674 0.00762659 -0.0101958 0 0 0 0 0 0 1.04167e+10 1.04167e+10 1.04167e+10 
-0.0120144 -0.00370482 -0.0133997 -0.00510078 -0.012061 -0.0054263 0 0 0 0 0 0 3.125e+10 3.125e+10 3.125e+10 
-0.0120144 -0.00370482 -0.0133602 -0.0038339 -0.0133997 -0.00510078 0 0 0 0 0 0 3.125e+10 3.125e+10 3.125e+10 
-0.0120144 -0.00370482 -0.0132274 -0.00258005 -0.0133602 -0.0038339 0 0 0 0 0 0 3.125e+10 3.125e+10 3.125e+10 
-0.0120144 -0.00370482 -0.0117847 -0.00201713 -0.0132274 -0.00258005 0 0 0 0 0 0 3.125e+10 3.125e+10 3.125e+10 
-0.0120144 -0.00370482 -0.00983059 -0.00238536 -0.0117847 -0.00201713 0 0 0 0 0 0 3.125e+10 3.125e+10 3.125e+10 
-0.0120144 -0.00370482 -0.0100667 -0.00499107 -0.00983059 -0.00238536 0 0 0 0 0 0 3.125e+10 3.125e+10 3.125e+10 
-0.0120144 -0.00370482 -0.012061 -0.0054263 -0.0100667 -0.00499107 0 0 0 0 0 0 3.125e+10 3.125e+10 3.125e+10 
-0.00791262 -0.0162555 -0.00681803 -0.0167156 -0.0066607 -0.0153679 0 0 0 0 0 0 3.125e+10 3.125e+10 3.125e+10 
-0.00791262 -0.0162555 -0.00804268 -0.0146273 -0.00895346 -0.0155878 0 0 0 0 0 0 3.125e+10 3.125e+10 3.125e+10 
-0.00791262 -0.0162555 -0.0066607 -0.0153679 -0.00804268 -0.0146273 0 0 0 0 0 0 3.125e+10 3.125e+10 3.125e+10 
-0.00929363 -0.013472 -0.0102519 -0.0121369 -0.0107985 -0.0136823 0 0 0 0 0 0 3.125e+10 3.125e+10 3.125e+10 
-0.00929363 -0.013472 -0.0107985 -0.0136823 -0.00992137 -0.0147248 0 0 0 0 0 0 3.125e+10 3.125e+10 3.125e+10 
-0.00929363 -0.013472 -0.00992137 -0.0147248 -0.00804268 -0.0146273 0 0 0 0 0 0 3.125e+10 3.125e+10 3.125e+10 
0.012035 0.0103119 0.0133321 0.011045 0.0122304 0.011704 0 0 0 0 0 0 2.08333e+10 2.08333e+10 2.08333e+10 
0.012035 0.0103119 0.0122304 0.011704 0.0104419 0.0110778 0 0 0 0 0 0 2.08333e+10 2.08333e+10 2.08333e+10 
0.012035 0.0103119 0.0104419 0.0110778 0.010699 0.00881718 0 0 0 0 0 0 2.08333e+10 2.08333e+10 2.08333e+10 
-0.00284625 0.0113556 -0.00388345 0.0106472 -0.00285327 0.00978213 0 0 0 0 0 0 2.08333e+10 2.08333e+10 2.08333e+10 
-0.00284625 0.0113556 -0.00139319 0.0106567 -0.00169463 0.0119713 0 0 0 0 0 0 2.08333e+10 2.08333e+10 2.08333e+10 
-0.00284625 0.0113556 -0.00285327 0.00978213 -0.00139319 0.0106567 0 0 0 0 0 0 2.08333e+10 2.08333e+10 2.08333e+10 
-0.0168 0.02 -0.0164892 0.0175984 -0.0152 0.02 0 0 0 0 0 0 1.04167e+10 1.04167e+10 1.04167e+10 
-0.0168 0.02 -0.0184 0.02 -0.0164892 0.0175984 0 0 0 0 0 0 1.04167e+10 1.04167e+10 1.04167e+10 
0.0088 -0.02 0.00845758 -0.0172338 0.0072 -0.02 0 0 0 0 0 0 1.04167e+10 1.04167e+10 1.04167e+10 
0.0088 -0.02 0.0109746 -0.0175867 0.00845758 -0.0172338 0 0 0 0 0 0 1.04167e+10 1.04167e+10 1.04167e+10 
0.0088 -0.02 0.0104 -0.02 0.0109746 -0.0175867 0 0 0 0 0 0 1.04167e+10 1.04167e+10 1.04167e+10 
-0.0079104 -0.0120942 -0.00804268 -0.0146273 -0.00610173 -0.0134593 0 0 0 0 0 0 3.125e+10 3.125e+10 3.125e+10 
-0.0079104 -0.0120942 -0.00929363 -0.013472 -0.00804268 -0.0146273 0 0 0 0 0 0 3.125e+10 3.125e+10 3.125e+10 
-0.0079104 -0.0120942 -0.00732027 -0.00935912 -0.00915336 -0.00996367 0 0 0 0 0 0 3.125e+10 3.125e+10 3.125e+10 
-0.0079104 -0.0120942 -0.00581521 -0.0114268 -0.00732027 -0.00935912 0 0 0 0 0 0 3.125e+10 3.125e+10 3.125e+10 
-0.0079104 -0.0120942 -0.00915336 -0.00996367 -0.0102519 -0.0121369 0 0 0 0 0 0 3.125e+10 3.125e+10 3.125e+10 
-0.0079104 -0.0120942 -0.0102519 -0.0121369 -0.00929363 -0.013472 0 0 0 0 0 0 3.125e+10 3.125e+10 3.125e+10 
-0.0079104 -0.0120942 -0.00610173 -0.0134593 -0.00581521 -0.0114268 0 0 0 0 0 0 3.125e+10 3.125e+10 3.125e+10 
-0.00868266 0.00410375 -0.00720398 0.00513461 -0.00907738 0.00549149 0 0 0 0 0 0 3.125e+10 3.125e+10 3.125e+10 
-0.00868266 0.00410375 -0.010035 0.00460535 -0.00984823 0.00276037 0 0 0 0 0 0 3.125e+10 3.125e+10 3.125e+10 
-0.00868266 0.00410375 -0.00907738 0.00549149 -0.010035 0.00460535 0 0 0 0 0 0 3.125e+10 3.125e+10 3.125e+10 
-0.00868266 0.00410375 -0.00790184 0.00210444 -0.00720398 0.00513461 0 0 0 0 0 0 3.125e+10 3.125e+10 3.125e+10 
-0.00868266 0.00410375 -0.00984823 0.00276037 -0.00790184 0.00210444 0 0 0 0 0 0 3.125e+10 3.125e+10 3.125e+10 
0.000854724 0.000973238 0.00164693 0.00233712 2.78893e-05 0.00249539 0 0 0 0 0 0 3.125e+10 3.125e+10 3.125e+10 
0.000854724 0.000973238 0.00221754 0.00113905 0.00164693 0.00233712 0 0 0 0 0 0 3.125e+10 3.125e+10 3.125e+10 
0.000854724 0.000973238 2.78893e-05 0.00249539 -0.00111535 0.000563979 0 0 0 0 0 0 3.125e+10 3.125e+10 3.125e+10 
0.000854724 0.000973238 -0.00111535 0.000563979 0.00148218 -0.00075232 0 0 0 0 0 0 3.125e+10 3.125e+10 3.125e+10 
0.000854724 0.000973238 0.00148218 -0.00075232 0.00221754 0.00113905 0 0 0 0 0 0 3.125e+10 3.125e+10 3.125e+10 
0.0081221 0.00972648 0.0101464 0.00694937 0.010699 0.00881718 0 0 0 0 0 0 2.08333e+10 2.08333e+10 2.08333e+10 
0.0081221 0.00972648 0.00733808 0.00787188 0.0101464 0.00694937 0 0 0 0 0 0 2.08333e+10 2.08333e+10 2.08333e+10 
0.0081221 0.00972648 0.00700292 0.011941 0.00554646 0.0100566 0 0 0 0 0 0 2.08333e+10 2.08333e+10 2.08333e+10 
0.0081221 0.00972648 0.00866353 0.0116368 0.00700292 0.011941 0 0 0 0 0 0 2.08333e+10 2.08333e+10 2.08333e+10 
0.0081221 0.00972648 0.00554646 0.0100566 0.00733808 0.00787188 0 0 0 0 0 0 2.08333e+10 2.08333e+10 2.08333e+10 
0.0081221 0.00972648 0.0104419 0.0110778 0.00866353 0.0116368 0 0 0 0 0 0 2.08333e+10 2.08333e+10 2.08333e+10 
0.0081221 0.00972648 0.010699 0.00881718 0.0104419 0.0110778 0 0 0 0 0 0 2.08333e+10 2.08333e+10 2.08333e+10 
0.02 -0.0056 0.02 -0.004 0.018064 -0.00535031 0 0 0 0 0 0 1.04167e+10 1.04167e+10 1.04167e+10 
0.02 -0.0056 0.018064 -0.00535031 0.02 -0.0072 0 0 0 0 0 0 1.04167e+10 1.04167e+10 1.04167e+10 
-0.0159771 0.0127401 -0.0139055 0.0121628 -0.0147713 0.0153401 0 0 0 0 0 0 1.04167e+10 1.04167e+10 1.04167e+10 
-0.0159771 0.0127401 -0.0147713 0.0153401 -0.0170168 0.0148792 0 0 0 0 0 0 1.04167e+10 1.04167e+10 1.04167e+10 
-0.0159771 0.0127401 -0.0170168 0.0148792 -0.0188031 0.0120672 0 0 0 0 0 0 1.04167e+10 1.04167e+10 1.04167e+10 
-0.0159771 0.0127401 -0.0188031 0.0120672 -0.0174431 0.0101288 0 0 0 0 0 0 1.04167e+10 1.04167e+10 1.04167e+10 
-0.0159771 0.0127401 -0.0147194 0.00981474 -0.0139055 0.0121628 0 0 0 0 0 0 1.04167e+10 1.04167e+10 1.04167e+10 
-0.0159771 0.0127401 -0.0174431 0.0101288 -0.0147194 0.00981474 0 0 0 0 0 0 1.04167e+10 1.04167e+10 1.04167e+10 
0.0133885 0.00936502 0.010699 0.00881718 0.0127638 0.00725162 0 0 0 0 0 0 2.08333e+10 2.08333e+10 2.08333e+10 
0.0133885 0.00936502 0.012035 0.0103119 0.010699 0.00881718 0 0 0 0 0 0 2.08333e+10 2.08333e+10 2.08333e+10 
0.0133885 0.00936502 0.0144255 0.0101989 0.0133321 0.011045 0 0 0 0 0 0 2.08333e+10 2.08333e+10 2.08333e+10 
0.0133885 0.00936502 0.0133321 0.011045 0.012035 0.0103119 0 0 0 0 0 0 2.08333e+10 2.08333e+10 2.08333e+10 
0.0133885 0.00936502 0.0127638 0.00725162 0.0145678 0.00812395 0 0 0 0 0 0 2.08333e+10 2.08333e+10 2.08333e+10 
0.0133885 0.00936502 0.0153451 0.00925678 0.0144255 0.0101989 0 0 0 0 0 0 2.08333e+10 2.08333e+10 2.08333e+10 
0.0133885 0.00936502 0.0145678 0.00812395 0.0153451 0.00925678 0 0 0 0 0 0 2.08333e+10 2.08333e+10 2.08333e+10 
-0.0159773 -0.0172389 -0.0152 -0.02 -0.0133648 -0.0177646 0 0 0 0 0 0 1.04167e+10 1.04167e+10 1.04167e+10 
-0.0159773 -0.0172389 -0.0184273 -0.0175924 -0.0168 -0.02 0 0 0 0 0 0 1.04167e+10 1.04167e+10 1.04167e+10 
-0.0159773 -0.0172389 -0.0168 -0.02 -0.0152 -0.02 0 0 0 0 0 0 1.04167e+10 1.04167e+10 1.04167e+10 
-0.0159773 -0.0172389 -0.0170014 -0.0151785 -0.0184273 -0.0175924 0 0 0 0 0 0 1.04167e+10 1.04167e+10 1.04167e+10 
-0.0159773 -0.0172389 -0.0144796 -0.0149787 -0.0170014 -0.0151785 0 0 0 0 0 0 1.04167e+10 1.04167e+10 1.04167e+10 
-0.0159773 -0.0172389 -0.0133648 -0.0177646 -0.0144796 -0.0149787 0 0 0 0 0 0 1.04167e+10 1.04167e+10 1.04167e+10 
-0.00804454 0.00618406 -0.00720398 0.00513461 -0.00695552 0.0066703 0 0 0 0 0 0 3.125e+10 3.125e+10 3.125e+10 
-0.00804454 0.00618406 -0.00907738 0.00549149 -0.00720398 0.00513461 0 0 0 0 0 0 3.125e+10 3.125e+10 3.125e+10 
-0.0129587 -0.00883828 -0.0146889 -0.00972458 -0.0125768 -0.0101807 0 0 0 0 0 0 1.04167e+10 1.04167e+10 1.04167e+10 
-0.0129587 -0.00883828 -0.0116052 -0.00879127 -0.0131978 -0.00761702 0 0 0 0 0 0 3.125e+10 3.125e+10 3.125e+10 
-0.0129587 -0.00883828 -0.0125768 -0.0101807 -0.0116052 -0.00879127 0 0 0 0 0 0 3.125e+10 3.125e+10 3.125e+10 
0.0008 0.02 -0.00119626 0.0171979 0.00132347 0.0170753 0 0 0 0 0 0 1.04167e+10 1.04167e+10 1.04167e+10 
0.0008 0.02 -0.0008 0.02 -0.00119626 0.0171979 0 0 0 0 0 0 1.04167e+10 1.04167e+10 1.04167e+10 
0.0008 0.02 0.00132347 0.0170753 0.0024 0.02 0 0 0 0 0 0 1.04167e+10 1.04167e+10 1.04167e+10 
0.0166593 0.00301249 0.0153131 0.00319563 0.0161669 0.00192482 0 0 0 0 0 0 2.08333e+10 2.08333e+10 2.08333e+10 
0.0166593 0.00301249 0.0169365 0.00413684 0.0153131 0.00319563 0 0 0 0 0 0 2.08333e+10 2.08333e+10 2.08333e+10 
0.0182479 0.00968157 0.02 0.0088 0.02 0.0104 0 0 0 0 0 0 1.04167e+10 1.04167e+10 1.04167e+10 
0.0182479 0.00968157 0.02 0.0104 0.0188438 0.0125262 0 0 0 0 0 0 1.04167e+10 1.04167e+10 1.04167e+10 
-0.00360027 0.0084737 -0.00177175 0.00816203 -0.00285327 0.00978213 0 0 0 0 0 0 2.08333e+10 2.08333e+10 2.08333e+10 
-0.00360027 0.0084737 -0.00572354 0.00876998 -0.00507054 0.00699958 0 0 0 0 0 0 2.08333e+10 2.08333e+10 2.08333e+10 
-0.00360027 0.0084737 -0.00507054 0.00699958 -0.0039316 0.00690254 0 0 0 0 0 0 2.08333e+10 2.08333e+10 2.08333e+10 
-0.00360027 0.0084737 -0.00489477 0.00975245 -0.00572354 0.00876998 0 0 0 0 0 0 2.08333e+10 2.08333e+10 2.08333e+10 
-0.00360027 0.0084737 -0.00281236 0.0065859 -0.00177175 0.00816203 0 0 0 0 0 0 2.08333e+10 2.08333e+10 2.08333e+10 
-0.00360027 0.0084737 -0.0039316 0.00690254 -0.00281236 0.0065859 0 0 0 0 0 0 2.08333e+10 2.08333e+10 2.08333e+10 
-0.00360027 0.0084737 -0.00285327 0.00978213 -0.00489477 0.00975245 0 0 0 0 0 0 2.08333e+10 2.08333e+10 2.08333e+10 
0.013527 0.0127989 0.0159417 0.0125784 0.0151878 0.0152435 0 0 0 0 0 0 1.04167e+10 1.04167e+10 1.04167e+10 
0.013527 0.0127989 0.0151878 0.0152435 0.0130393 0.0145943 0 0 0 0 0 0 1.04167e+10 1.04167e+10 1.04167e+10 
0.013527 0.0127989 0.0122304 0.011704 0.0133321 0.011045 0 0 0 0 0 0 1.04167e+10 1.04167e+10 1.04167e+10 
0.0148208 -0.00192696 0.0145771 -6.13104e-05 0.0135089 -0.000923115 0 0 0 0 0 0 1.04167e+10 1.04167e+10 1.04167e+10 
0.0148208 -0.00192696 0.0154695 -0.0050415 0.0164505 -0.00266024 0 0 0 0 0 0 1.04167e+10 1.04167e+10 1.04167e+10 
0.00371351 0.00169231 0.0026829 -0.000148535 0.00483134 -6.57072e-05 0 0 0 0 0 0 2.08333e+10 2.08333e+10 2.08333e+10 
0.00371351 0.00169231 0.00221754 0.00113905 0.0026829 -0.000148535 0 0 0 0 0 0 2.08333e+10 2.08333e+10 2.08333e+10 
0.00371351 0.00169231 0.00483134 -6.57072e-05 0.00609678 0.00197512 0 0 0 0 0 0 2.08333e+10 2.08333e+10 2.08333e+10 
0.00371351 0.00169231 0.00609678 0.00197512 0.0041048 0.00395314 0 0 0 0 0 0 2.08333e+10 2.08333e+10 2.08333e+10 
0.00371351 0.00169231 0.00164693 0.00233712 0.00221754 0.00113905 0 0 0 0 0 0 2.08333e+10 2.08333e+10 2.08333e+10 
-0.0149895 -0.00581538 -0.0133454 -0.00636653 -0.0133997 -0.00510078 0 0 0 0 0 0 1.04167e+10 1.04167e+10 1.04167e+10 
-0.0149895 -0.00581538 -0.0174763 -0.00525843 -0.0160636 -0.00760221 0 0 0 0 0 0 1.04167e+10 1.04167e+10 1.04167e+10 
-0.00162895 -0.0178122 -0.0023132 -0.0163696 -0.00341652 -0.0167849 0 0 0 0 0 0 1.04167e+10 1.04167e+10 1.04167e+10 
-0.00162895 -0.0178122 -0.00114629 -0.0156626 -0.0023132 -0.0163696 0 0 0 0 0 0 1.04167e+10 1.04167e+10 1.04167e+10 
-0.00162895 -0.0178122 -0.0024 -0.02 -0.0008 -0.02 0 0 0 0 0 0 1.04167e+10 1.04167e+10 1.04167e+10 
-0.00162895 -0.0178122 -0.0008 -0.02 0.0008 -0.02 0 0 0 0 0 0 1.04167e+10 1.04167e+10 1.04167e+10 
-0.014782 -0.00787218 -0.0160636 -0.00760221 -0.0146889 -0.00972458 0 0 0 0 0 0 1.04167e+10 1.04167e+10 1.04167e+10 
-0.014782 -0.00787218 -0.0146889 -0.00972458 -0.0129587 -0.00883828 0 0 0 0 0 0 1.04167e+10 1.04167e+10 1.04167e+10 
-0.014782 -0.00787218 -0.0129587 -0.00883828 -0.0131978 -0.00761702 0 0 0 0 0 0 1.04167e+10 1.04167e+10 1.04167e+10 
-0.014782 -0.00787218 -0.0149895 -0.00581538 -0.0160636 -0.00760221 0 0 0 0 0 0 1.04167e+10 1.04167e+10 1.04167e+10 
-0.014782 -0.00787218 -0.0131978 -0.00761702 -0.0133454 -0.00636653 0 0 0 0 0 0 1.04167e+10 1.04167e+10 1.04167e+10 
-0.014782 -0.00787218 -0.0133454 -0.00636653 -0.0149895 -0.00581538 0 0 0 0 0 0 1.04167e+10 1.04167e+10 1.04167e+10 
0.0130361 -0.00307592 0.0124269 -0.00159787 0.0112367 -0.00217642 0 0 0 0 0 0 1.04167e+10 1.04167e+10 1.04167e+10 
0.0130361 -0.00307592 0.0112367 -0.00217642 0.0107614 -0.00472027 0 0 0 0 0 0 1.04167e+10 1.04167e+10 1.04167e+10 
0.0130361 -0.00307592 0.0107614 -0.00472027 0.0127767 -0.00495408 0 0 0 0 0 0 1.04167e+10 1.04167e+10 1.04167e+10 
0.0130361 -0.00307592 0.0135089 -0.000923115 0.0124269 -0.00159787 0 0 0 0 0 0 1.04167e+10 1.04167e+10 1.04167e+10 
0.0130361 -0.00307592 0.0148208 -0.00192696 0.0135089 -0.000923115 0 0 0 0 0 0 1.04167e+10 1.04167e+10 1.04167e+10 
0.0130361 -0.00307592 0.0127767 -0.00495408 0.0154695 -0.0050415 0 0 0 0 0 0 1.04167e+10 1.04167e+10 1.04167e+10 
0.0130361 -0.00307592 0.0154695 -0.0050415 0.0148208 -0.00192696 0 0 0 0 0 0 1.04167e+10 1.04167e+10 1.04167e+10 
0.00014453 -0.0166718 -0.000170368 -0.0148182 -0.00114629 -0.0156626 0 0 0 0 0 0 1.04167e+10 1.04167e+10 1.04167e+10 
0.00014453 -0.0166718 -0.00114629 -0.0156626 -0.00162895 -0.0178122 0 0 0 0 0 0 1.04167e+10 1.04167e+10 1.04167e+10 
0.00014453 -0.0166718 0.0008 -0.02 0.00139375 -0.0173099 0 0 0 0 0 0 1.04167e+10 1.04167e+10 1.04167e+10 
0.00014453 -0.0166718 -0.00162895 -0.0178122 0.0008 -0.02 0 0 0 0 0 0 1.04167e+10 1.04167e+10 1.04167e+10 
-0.00743199 -0.0181995 -0.0088 -0.02 -0.0072 -0.02 0 0 0 0 0 0 1.04167e+10 1.04167e+10 1.04167e+10 
-0.00743199 -0.0181995 -0.00568991 -0.0169595 -0.00681803 -0.0167156 0 0 0 0 0 0 1.04167e+10 1.04167e+10 1.04167e+10 
-0.00743199 -0.0181995 -0.00681803 -0.0167156 -0.00791262 -0.0162555 0 0 0 0 0 0 1.04167e+10 1.04167e+10 1.04167e+10 
-0.0147075 -0.00169315 -0.0132274 -0.00258005 -0.0130027 -0.00135322 0 0 0 0 0 0 1.04167e+10 1.04167e+10 1.04167e+10 
-0.0147075 -0.00169315 -0.0148418 0.000132241 -0.0163962 -0.0020693 0 0 0 0 0 0 1.04167e+10 1.04167e+10 1.04167e+10 
-0.0147075 -0.00169315 -0.0130027 -0.00135322 -0.0148418 0.000132241 0 0 0 0 0 0 1.04167e+10 1.04167e+10 1.04167e+10 
0.00150467 0.00534098 0.00239446 0.00588493 0.0018477 0.00770218 0 0 0 0 0 0 2.08333e+10 2.08333e+10 2.08333e+10 
0.00150467 0.00534098 -0.000824492 0.00541243 0.000124725 0.00450802 0 0 0 0 0 0 2.08333e+10 2.08333e+10 2.08333e+10 
0.00150467 0.00534098 0.000124725 0.00450802 0.000979393 0.00342819 0 0 0 0 0 0 2.08333e+10 2.08333e+10 2.08333e+10 
0.011556 0.0137694 0.0130393 0.0145943 0.0102637 0.0152755 0 0 0 0 0 0 1.04167e+10 1.04167e+10 1.04167e+10 
0.011556 0.0137694 0.00972839 0.0127204 0.0110233 0.0122652 0 0 0 0 0 0 1.04167e+10 1.04167e+10 1.04167e+10 
0.011556 0.0137694 0.013527 0.0127989 0.0130393 0.0145943 0 0 0 0 0 0 1.04167e+10 1.04167e+10 1.04167e+10 
0.011556 0.0137694 0.0110233 0.0122652 0.0122304 0.011704 0 0 0 0 0 0 1.04167e+10 1.04167e+10 1.04167e+10 
0.011556 0.0137694 0.0122304 0.011704 0.013527 0.0127989 0 0 0 0 0 0 1.04167e+10 1.04167e+10 1.04167e+10 
-0.00350743 0.0128104 -0.00388345 0.0106472 -0.00284625 0.0113556 0 0 0 0 0 0 1.04167e+10 1.04167e+10 1.04167e+10 
-0.00350743 0.0128104 -0.00483305 0.0152886 -0.00579934 0.0126819 0 0 0 0 0 0 1.04167e+10 1.04167e+10 1.04167e+10 
-0.00350743 0.0128104 -0.00247617 0.014649 -0.00483305 0.0152886 0 0 0 0 0 0 1.04167e+10 1.04167e+10 1.04167e+10 
-0.00350743 0.0128104 -0.00284625 0.0113556 -0.00169463 0.0119713 0 0 0 0 0 0 1.04167e+10 1.04167e+10 1.04167e+10 
0.00452761 -0.00916306 0.00317251 -0.00777384 0.00292197 -0.00899041 0 0 0 0 0 0 1.04167e+10 1.04167e+10 1.04167e+10 
0.00452761 -0.00916306 0.00535365 -0.0102397 0.00599168 -0.00772745 0 0 0 0 0 0 1.04167e+10 1.04167e+10 1.04167e+10 
0.00452761 -0.00916306 0.00292197 -0.00899041 0.00252751 -0.0103254 0 0 0 0 0 0 1.04167e+10 1.04167e+10 1.04167e+10 
-0.00927909 -0.0173008 -0.0113692 -0.0172653 -0.0104 -0.02 0 0 0 0 0 0 1.04167e+10 1.04167e+10 1.04167e+10 
-0.00927909 -0.0173008 -0.0104 -0.02 -0.0088 -0.02 0 0 0 0 0 0 1.04167e+10 1.04167e+10 1.04167e+10 
-0.00927909 -0.0173008 -0.00791262 -0.0162555 -0.00895346 -0.0155878 0 0 0 0 0 0 1.04167e+10 1.04167e+10 1.04167e+10 
-0.00927909 -0.0173008 -0.0088 -0.02 -0.00743199 -0.0181995 0 0 0 0 0 0 1.04167e+10 1.04167e+10 1.04167e+10 
-0.00927909 -0.0173008 -0.00743199 -0.0181995 -0.00791262 -0.0162555 0 0 0 0 0 0 1.04167e+10 1.04167e+10 1.04167e+10 
0.00172031 -0.0150828 0.0034614 -0.0174064 0.00252354 -0.0146068 0 0 0 0 0 0 1.04167e+10 1.04167e+10 1.04167e+10 
0.00172031 -0.0150828 0.00139375 -0.0173099 0.0034614 -0.0174064 0 0 0 0 0 0 1.04167e+10 1.04167e+10 1.04167e+10 
0.00172031 -0.0150828 0.00252354 -0.0146068 0.000716447 -0.0137926 0 0 0 0 0 0 1.04167e+10 1.04167e+10 1.04167e+10 
0.00172031 -0.0150828 0.000716447 -0.0137926 -0.000170368 -0.0148182 0 0 0 0 0 0 1.04167e+10 1.04167e+10 1.04167e+10 
0.00172031 -0.0150828 0.00014453 -0.0166718 0.00139375 -0.0173099 0 0 0 0 0 0 1.04167e+10 1.04167e+10 1.04167e+10 
0.00172031 -0.0150828 -0.000170368 -0.0148182 0.00014453 -0.0166718 0 0 0 0 0 0 1.04167e+10 1.04167e+10 1.04167e+10 
-0.0109617 -0.0159293 -0.00992137 -0.0147248 -0.0107985 -0.0136823 0 0 0 0 0 0 1.04167e+10 1.04167e+10 1.04167e+10 
-0.0109617 -0.0159293 -0.0133648 -0.0177646 -0.0113692 -0.0172653 0 0 0 0 0 0 1.04167e+10 1.04167e+10 1.04167e+10 
-0.0109617 -0.0159293 -0.00895346 -0.0155878 -0.00992137 -0.0147248 0 0 0 0 0 0 1.04167e+10 1.04167e+10 1.04167e+10 
-0.0109617 -0.0159293 -0.0113692 -0.0172653 -0.00927909 -0.0173008 0 0 0 0 0 0 1.04167e+10 1.04167e+10 1.04167e+10 
-0.0109617 -0.0159293 -0.00927909 -0.0173008 -0.00895346 -0.0155878 0 0 0 0 0 0 1.04167e+10 1.04167e+10 1.04167e+10 
0.0087957 -0.00461024 0.00760524 -0.00509477 0.00903557 -0.00729643 0 0 0 0 0 0 1.04167e+10 1.04167e+10 1.04167e+10 
0.0087957 -0.00461024 0.00903557 -0.00729643 0.0107614 -0.00472027 0 0 0 0 0 0 1.04167e+10 1.04167e+10 1.04167e+10 
0.0087957 -0.00461024 0.00737389 -0.003234 0.00760524 -0.00509477 0 0 0 0 0 0 1.04167e+10 1.04167e+10 1.04167e+10 
0.0087957 -0.00461024 0.00860196 -0.00301266 0.00737389 -0.003234 0 0 0 0 0 0 1.04167e+10 1.04167e+10 1.04167e+10 
0.0087957 -0.00461024 0.00995544 -0.00265032 0.00860196 -0.00301266 0 0 0 0 0 0 1.04167e+10 1.04167e+10 1.04167e+10 
0.0087957 -0.00461024 0.0107614 -0.00472027 0.00995544 -0.00265032 0 0 0 0 0 0 1.04167e+10 1.04167e+10 1.04167e+10 
0.0183985 0.00325313 0.0186259 0.00222853 0.02 0.0024 0 0 0 0 0 0 1.04167e+10 1.04167e+10 1.04167e+10 
0.0183985 0.00325313 0.02 0.0024 0.02 0.004 0 0 0 0 0 0 1.04167e+10 1.04167e+10 1.04167e+10 
0.0183985 0.00325313 0.0169365 0.00413684 0.0166593 0.00301249 0 0 0 0 0 0 1.04167e+10 1.04167e+10 1.04167e+10 
0.0183985 0.00325313 0.0166593 0.00301249 0.0186259 0.00222853 0 0 0 0 0 0 1.04167e+10 1.04167e+10 1.04167e+10 
-0.00522234 0.0116053 -0.00489477 0.00975245 -0.00388345 0.0106472 0 0 0 0 0 0 1.04167e+10 1.04167e+10 1.04167e+10 
-0.00522234 0.0116053 -0.00388345 0.0106472 -0.00350743 0.0128104 0 0 0 0 0 0 1.04167e+10 1.04167e+10 1.04167e+10 
-0.00522234 0.0116053 -0.00350743 0.0128104 -0.00579934 0.0126819 0 0 0 0 0 0 1.04167e+10 1.04167e+10 1.04167e+10 
-0.00788127 0.00822554 -0.00695552 0.0066703 -0.00572354 0.00876998 0 0 0 0 0 0 1.04167e+10 1.04167e+10 1.04167e+10 
-0.00788127 0.00822554 -0.00804454 0.00618406 -0.00695552 0.0066703 0 0 0 0 0 0 1.04167e+10 1.04167e+10 1.04167e+10 
-0.00353198 -0.0184603 -0.00341652 -0.0167849 -0.00454906 -0.0169827 0 0 0 0 0 0 1.04167e+10 1.04167e+10 1.04167e+10 
-0.00353198 -0.0184603 -0.00162895 -0.0178122 -0.00341652 -0.0167849 0 0 0 0 0 0 1.04167e+10 1.04167e+10 1.04167e+10 
-0.00353198 -0.0184603 -0.004 -0.02 -0.0024 -0.02 0 0 0 0 0 0 1.04167e+10 1.04167e+10 1.04167e+10 
-0.00353198 -0.0184603 -0.0024 -0.02 -0.00162895 -0.0178122 0 0 0 0 0 0 1.04167e+10 1.04167e+10 1.04167e+10 
-0.0106949 0.00618928 -0.0123728 0.00494443 -0.010035 0.00460535 0 0 0 0 0 0 1.04167e+10 1.04167e+10 1.04167e+10 
-0.0106949 0.00618928 -0.0110259 0.00718418 -0.0123728 0.00494443 0 0 0 0 0 0 1.04167e+10 1.04167e+10 1.04167e+10 
-0.0106949 0.00618928 -0.010035 0.00460535 -0.00907738 0.00549149 0 0 0 0 0 0 1.04167e+10 1.04167e+10 1.04167e+10 
0.00272647 0.00364803 0.000979393 0.00342819 0.00164693 0.00233712 0 0 0 0 0 0 2.08333e+10 2.08333e+10 2.08333e+10 
0.00272647 0.00364803 0.0041048 0.00395314 0.00239446 0.00588493 0 0 0 0 0 0 2.08333e+10 2.08333e+10 2.08333e+10 
0.00272647 0.00364803 0.00239446 0.00588493 0.00150467 0.00534098 0 0 0 0 0 0 2.08333e+10 2.08333e+10 2.08333e+10 
0.00272647 0.00364803 0.00150467 0.00534098 0.000979393 0.00342819 0 0 0 0 0 0 2.08333e+10 2.08333e+10 2.08333e+10 
0.00272647 0.00364803 0.00371351 0.00169231 0.0041048 0.00395314 0 0 0 0 0 0 2.08333e+10 2.08333e+10 2.08333e+10 
0.00272647 0.00364803 0.00164693 0.00233712 0.00371351 0.00169231 0 0 0 0 0 0 2.08333e+10 2.08333e+10 2.08333e+10 
-0.0089801 0.00748498 -0.00804454 0.00618406 -0.00788127 0.00822554 0 0 0 0 0 0 1.04167e+10 1.04167e+10 1.04167e+10 
-0.0089801 0.00748498 -0.00907738 0.00549149 -0.00804454 0.00618406 0 0 0 0 0 0 1.04167e+10 1.04167e+10 1.04167e+10 
-0.0089801 0.00748498 -0.0106949 0.00618928 -0.00907738 0.00549149 0 0 0 0 0 0 1.04167e+10 1.04167e+10 1.04167e+10 
-0.0089801 0.00748498 -0.0110259 0.00718418 -0.0106949 0.00618928 0 0 0 0 0 0 1.04167e+10 1.04167e+10 1.04167e+10 
-0.0089801 0.00748498 -0.00966359 0.0103802 -0.0110259 0.00718418 0 0 0 0 0 0 1.04167e+10 1.04167e+10 1.04167e+10 
-0.0089801 0.00748498 -0.00788127 0.00822554 -0.00966359 0.0103802 0 0 0 0 0 0 1.04167e+10 1.04167e+10 1.04167e+10 
0.00385121 -0.0113494 0.00202329 -0.0115828 0.00393938 -0.0127923 0 0 0 0 0 0 1.04167e+10 1.04167e+10 1.04167e+10 
0.00385121 -0.0113494 0.00252751 -0.0103254 0.00202329 -0.0115828 0 0 0 0 0 0 1.04167e+10 1.04167e+10 1.04167e+10 
0.00385121 -0.0113494 0.00393938 -0.0127923 0.00622259 -0.0121674 0 0 0 0 0 0 1.04167e+10 1.04167e+10 1.04167e+10 
0.00385121 -0.0113494 0.00622259 -0.0121674 0.00535365 -0.0102397 0 0 0 0 0 0 1.04167e+10 1.04167e+10 1.04167e+10 
0.00385121 -0.0113494 0.00535365 -0.0102397 0.00452761 -0.00916306 0 0 0 0 0 0 1.04167e+10 1.04167e+10 1.04167e+10 
0.00385121 -0.0113494 0.00452761 -0.00916306 0.00252751 -0.0103254 0 0 0 0 0 0 1.04167e+10 1.04167e+10 1.04167e+10 
0.00938587 0.0144734 0.0102637 0.0152755 0.00777504 0.015331 0 0 0 0 0 0 1.04167e+10 1.04167e+10 1.04167e+10 
0.00938587 0.0144734 0.00777504 0.015331 0.0083645 0.0130631 0 0 0 0 0 0 1.04167e+10 1.04167e+10 1.04167e+10 
0.00938587 0.0144734 0.0083645 0.0130631 0.00972839 0.0127204 0 0 0 0 0 0 1.04167e+10 1.04167e+10 1.04167e+10 
0.00938587 0.0144734 0.011556 0.0137694 0.0102637 0.0152755 0 0 0 0 0 0 1.04167e+10 1.04167e+10 1.04167e+10 
0.00938587 0.0144734 0.00972839 0.0127204 0.011556 0.0137694 0 0 0 0 0 0 1.04167e+10 1.04167e+10 1.04167e+10 
0.0176777 0.00136431 0.0161669 0.00192482 0.0154686 0.000893874 0 0 0 0 0 0 1.04167e+10 1.04167e+10 1.04167e+10 
0.0176777 0.00136431 0.02 0.0008 0.0186259 0.00222853 0 0 0 0 0 0 1.04167e+10 1.04167e+10 1.04167e+10 
0.0176777 0.00136431 0.0180066 -0.000401744 0.02 0.0008 0 0 0 0 0 0 1.04167e+10 1.04167e+10 1.04167e+10 
0.0176777 0.00136431 0.0166593 0.00301249 0.0161669 0.00192482 0 0 0 0 0 0 1.04167e+10 1.04167e+10 1.04167e+10 
0.0176777 0.00136431 0.0186259 0.00222853 0.0166593 0.00301249 0 0 0 0 0 0 1.04167e+10 1.04167e+10 1.04167e+10 
0.00290587 -0.0133429 0.00252354 -0.0146068 0.00542275 -0.0153622 0 0 0 0 0 0 1.04167e+10 1.04167e+10 1.04167e+10 
0.00290587 -0.0133429 0.00542275 -0.0153622 0.00393938 -0.0127923 0 0 0 0 0 0 1.04167e+10 1.04167e+10 1.04167e+10 
0.00290587 -0.0133429 0.00141665 -0.0127442 0.00252354 -0.0146068 0 0 0 0 0 0 1.04167e+10 1.04167e+10 1.04167e+10 
0.00290587 -0.0133429 0.00202329 -0.0115828 0.00141665 -0.0127442 0 0 0 0 0 0 1.04167e+10 1.04167e+10 1.04167e+10 
0.00290587 -0.0133429 0.00393938 -0.0127923 0.00202329 -0.0115828 0 0 0 0 0 0 1.04167e+10 1.04167e+10 1.04167e+10 
0.0029424 0.0148924 0.00209574 0.0131503 0.00334067 0.0133193 0 0 0 0 0 0 1.04167e+10 1.04167e+10 1.04167e+10 
0.0029424 0.0148924 0.000770762 0.0147109 0.00209574 0.0131503 0 0 0 0 0 0 1.04167e+10 1.04167e+10 1.04167e+10 
0.0029424 0.0148924 0.00132347 0.0170753 0.000770762 0.0147109 0 0 0 0 0 0 1.04167e+10 1.04167e+10 1.04167e+10 
0.0029424 0.0148924 0.00367019 0.0173969 0.00132347 0.0170753 0 0 0 0 0 0 1.04167e+10 1.04167e+10 1.04167e+10 
0.0029424 0.0148924 0.00334067 0.0133193 0.00460413 0.0133954 0 0 0 0 0 0 1.04167e+10 1.04167e+10 1.04167e+10 
0.0164697 -0.000384791 0.0154686 0.000893874 0.0145771 -6.13104e-05 0 0 0 0 0 0 1.04167e+10 1.04167e+10 1.04167e+10 
0.0164697 -0.000384791 0.0145771 -6.13104e-05 0.0148208 -0.00192696 0 0 0 0 0 0 1.04167e+10 1.04167e+10 1.04167e+10 
0.0164697 -0.000384791 0.0176777 0.00136431 0.0154686 0.000893874 0 0 0 0 0 0 1.04167e+10 1.04167e+10 1.04167e+10 
0.0164697 -0.000384791 0.0180066 -0.000401744 0.0176777 0.00136431 0 0 0 0 0 0 1.04167e+10 1.04167e+10 1.04167e+10 
0.0164697 -0.000384791 0.0164505 -0.00266024 0.0180066 -0.000401744 0 0 0 0 0 0 1.04167e+10 1.04167e+10 1.04167e+10 
0.0164697 -0.000384791 0.0148208 -0.00192696 0.0164505 -0.00266024 0 0 0 0 0 0 1.04167e+10 1.04167e+10 1.04167e+10 
0.018594 0.00455425 0.02 0.0056 0.0184698 0.00712598 0 0 0 0 0 0 1.04167e+10 1.04167e+10 1.04167e+10 
0.018594 0.00455425 0.0184698 0.00712598 0.0168847 0.00616153 0 0 0 0 0 0 1.04167e+10 1.04167e+10 1.04167e+10 
0.018594 0.00455425 0.0168847 0.00616153 0.017 0.00502342 0 0 0 0 0 0 1.04167e+10 1.04167e+10 1.04167e+10 
0.018594 0.00455425 0.02 0.004 0.02 0.0056 0 0 0 0 0 0 1.04167e+10 1.04167e+10 1.04167e+10 
0.018594 0.00455425 0.0183985 0.00325313 0.02 0.004 0 0 0 0 0 0 1.04167e+10 1.04167e+10 1.04167e+10 
0.018594 0.00455425 0.017 0.00502342 0.0169365 0.00413684 0 0 0 0 0 0 1.04167e+10 1.04167e+10 1.04167e+10 
0.018594 0.00455425 0.0169365 0.00413684 0.0183985 0.00325313 0 0 0 0 0 0 1.04167e+10 1.04167e+10 1.04167e+10 
0.00646891 -0.00494898 0.00737389 -0.003234 0.0061193 -0.00336338 0 0 0 0 0 0 1.04167e+10 1.04167e+10 1.04167e+10 
0.00646891 -0.00494898 0.00760524 -0.00509477 0.00737389 -0.003234 0 0 0 0 0 0 1.04167e+10 1.04167e+10 1.04167e+10 
0.00646891 -0.00494898 0.00599168 -0.00772745 0.00760524 -0.00509477 0 0 0 0 0 0 1.04167e+10 1.04167e+10 1.04167e+10 
0.00646891 -0.00494898 0.00548216 -0.00527967 0.00599168 -0.00772745 0 0 0 0 0 0 1.04167e+10 1.04167e+10 1.04167e+10 
0.00646891 -0.00494898 0.0061193 -0.00336338 0.00548216 -0.00527967 0 0 0 0 0 0 1.04167e+10 1.04167e+10 1.04167e+10 
0.00491452 -0.0068502 0.00333178 -0.00652629 0.00317251 -0.00777384 0 0 0 0 0 0 1.04167e+10 1.04167e+10 1.04167e+10 
0.00491452 -0.0068502 0.00599168 -0.00772745 0.00548216 -0.00527967 0 0 0 0 0 0 1.04167e+10 1.04167e+10 1.04167e+10 
0.00491452 -0.0068502 0.00317251 -0.00777384 0.00452761 -0.00916306 0 0 0 0 0 0 1.04167e+10 1.04167e+10 1.04167e+10 
0.00491452 -0.0068502 0.00452761 -0.00916306 0.00599168 -0.00772745 0 0 0 0 0 0 1.04167e+10 1.04167e+10 1.04167e+10 
0.00491452 -0.0068502 0.003398 -0.00526169 0.00333178 -0.00652629 0 0 0 0 0 0 1.04167e+10 1.04167e+10 1.04167e+10 
0.00491452 -0.0068502 0.00548216 -0.00527967 0.003398 -0.00526169 0 0 0 0 0 0 1.04167e+10 1.04167e+10 1.04167e+10 
-0.0149644 -0.00373959 -0.0133997 -0.00510078 -0.0133602 -0.0038339 0 0 0 0 0 0 1.04167e+10 1.04167e+10 1.04167e+10 
-0.0149644 -0.00373959 -0.0149895 -0.00581538 -0.0133997 -0.00510078 0 0 0 0 0 0 1.04167e+10 1.04167e+10 1.04167e+10 
-0.0149644 -0.00373959 -0.0163962 -0.0020693 -0.0174763 -0.00525843 0 0 0 0 0 0 1.04167e+10 1.04167e+10 1.04167e+10 
-0.0149644 -0.00373959 -0.0174763 -0.00525843 -0.0149895 -0.00581538 0 0 0 0 0 0 1.04167e+10 1.04167e+10 1.04167e+10 
-0.0149644 -0.00373959 -0.0133602 -0.0038339 -0.0132274 -0.00258005 0 0 0 0 0 0 1.04167e+10 1.04167e+10 1.04167e+10 
-0.0149644 -0.00373959 -0.0132274 -0.00258005 -0.0147075 -0.00169315 0 0 0 0 0 0 1.04167e+10 1.04167e+10 1.04167e+10 
-0.0149644 -0.00373959 -0.0147075 -0.00169315 -0.0163962 -0.0020693 0 0 0 0 0 0 1.04167e+10 1.04167e+10 1.04167e+10 
0.00501256 0.0150075 0.00460413 0.0133954 0.00587201 0.0133778 0 0 0 0 0 0 1.04167e+10 1.04167e+10 1.04167e+10 
0.00501256 0.0150075 0.00777504 0.015331 0.00610473 0.0177077 0 0 0 0 0 0 1.04167e+10 1.04167e+10 1.04167e+10 
0.00501256 0.0150075 0.00587201 0.0133778 0.00777504 0.015331 0 0 0 0 0 0 1.04167e+10 1.04167e+10 1.04167e+10 
0.00501256 0.0150075 0.00610473 0.0177077 0.00367019 0.0173969 0 0 0 0 0 0 1.04167e+10 1.04167e+10 1.04167e+10 
0.00501256 0.0150075 0.00367019 0.0173969 0.0029424 0.0148924 0 0 0 0 0 0 1.04167e+10 1.04167e+10 1.04167e+10 
0.00501256 0.0150075 0.0029424 0.0148924 0.00460413 0.0133954 0 0 0 0 0 0 1.04167e+10 1.04167e+10 1.04167e+10 
0.0177911 0.00841407 0.0184698 0.00712598 0.02 0.0088 0 0 0 0 0 0 1.04167e+10 1.04167e+10 1.04167e+10 
0.0177911 0.00841407 0.02 0.0088 0.0182479 0.00968157 0 0 0 0 0 0 1.04167e+10 1.04167e+10 1.04167e+10 
0.0177911 0.00841407 0.0160026 0.00835287 0.0165502 0.00727822 0 0 0 0 0 0 1.04167e+10 1.04167e+10 1.04167e+10 
0.0177911 0.00841407 0.0165502 0.00727822 0.0184698 0.00712598 0 0 0 0 0 0 1.04167e+10 1.04167e+10 1.04167e+10 
0.0167907 0.00999573 0.0188438 0.0125262 0.0159417 0.0125784 0 0 0 0 0 0 1.04167e+10 1.04167e+10 1.04167e+10 
0.0167907 0.00999573 0.0182479 0.00968157 0.0188438 0.0125262 0 0 0 0 0 0 1.04167e+10 1.04167e+10 1.04167e+10 
0.0167907 0.00999573 0.0153451 0.00925678 0.0160026 0.00835287 0 0 0 0 0 0 1.04167e+10 1.04167e+10 1.04167e+10 
0.0167907 0.00999573 0.0177911 0.00841407 0.0182479 0.00968157 0 0 0 0 0 0 1.04167e+10 1.04167e+10 1.04167e+10 
0.0167907 0.00999573 0.0160026 0.00835287 0.0177911 0.00841407 0 0 0 0 0 0 1.04167e+10 1.04167e+10 1.04167e+10 
-0.0124153 -0.0141378 -0.0107985 -0.0136823 -0.0114888 -0.0126206 0 0 0 0 0 0 1.04167e+10 1.04167e+10 1.04167e+10 
-0.0124153 -0.0141378 -0.0138342 -0.0122723 -0.0144796 -0.0149787 0 0 0 0 0 0 1.04167e+10 1.04167e+10 1.04167e+10 
-0.0124153 -0.0141378 -0.0114888 -0.0126206 -0.0138342 -0.0122723 0 0 0 0 0 0 1.04167e+10 1.04167e+10 1.04167e+10 
-0.0124153 -0.0141378 -0.0109617 -0.0159293 -0.0107985 -0.0136823 0 0 0 0 0 0 1.04167e+10 1.04167e+10 1.04167e+10 
-0.0124153 -0.0141378 -0.0144796 -0.0149787 -0.0133648 -0.0177646 0 0 0 0 0 0 1.04167e+10 1.04167e+10 1.04167e+10 
-0.0124153 -0.0141378 -0.0133648 -0.0177646 -0.0109617 -0.0159293 0 0 0 0 0 0 1.04167e+10 1.04167e+10 1.04167e+10 
-0.00549143 -0.018591 -0.00454906 -0.0169827 -0.00568991 -0.0169595 0 0 0 0 0 0 1.04167e+10 1.04167e+10 1.04167e+10 
-0.00549143 -0.018591 -0.00568991 -0.0169595 -0.00743199 -0.0181995 0 0 0 0 0 0 1.04167e+10 1.04167e+10 1.04167e+10 
-0.00549143 -0.018591 -0.0072 -0.02 -0.0056 -0.02 0 0 0 0 0 0 1.04167e+10 1.04167e+10 1.04167e+10 
-0.00549143 -0.018591 -0.00743199 -0.0181995 -0.0072 -0.02 0 0 0 0 0 0 1.04167e+10 1.04167e+10 1.04167e+10 
-0.00549143 -0.018591 -0.00353198 -0.0184603 -0.00454906 -0.0169827 0 0 0 0 0 0 1.04167e+10 1.04167e+10 1.04167e+10 
-0.00549143 -0.018591 -0.0056 -0.02 -0.004 -0.02 0 0 0 0 0 0 1.04167e+10 1.04167e+10 1.04167e+10 
-0.00549143 -0.018591 -0.004 -0.02 -0.00353198 -0.0184603 0 0 0 0 0 0 1.04167e+10 1.04167e+10 1.04167e+10 
-0.00677812 0.0100117 -0.00788127 0.00822554 -0.00572354 0.00876998 0 0 0 0 0 0 1.04167e+10 1.04167e+10 1.04167e+10 
-0.00677812 0.0100117 -0.00966359 0.0103802 -0.00788127 0.00822554 0 0 0 0 0 0 1.04167e+10 1.04167e+10 1.04167e+10 
-0.00677812 0.0100117 -0.00911948 0.0124555 -0.00966359 0.0103802 0 0 0 0 0 0 1.04167e+10 1.04167e+10 1.04167e+10 
-0.00677812 0.0100117 -0.00572354 0.00876998 -0.00489477 0.00975245 0 0 0 0 0 0 1.04167e+10 1.04167e+10 1.04167e+10 
-0.00677812 0.0100117 -0.00489477 0.00975245 -0.00522234 0.0116053 0 0 0 0 0 0 1.04167e+10 1.04167e+10 1.04167e+10 
-0.00677812 0.0100117 -0.00579934 0.0126819 -0.00911948 0.0124555 0 0 0 0 0 0 1.04167e+10 1.04167e+10 1.04167e+10 
-0.00677812 0.0100117 -0.00522234 0.0116053 -0.00579934 0.0126819 0 0 0 0 0 0 1.04167e+10 1.04167e+10 1.04167e+10 
-0.00153402 0.0137782 0.000770762 0.0147109 -0.00119626 0.0171979 0 0 0 0 0 0 1.04167e+10 1.04167e+10 1.04167e+10 
-0.00153402 0.0137782 -0.00119626 0.0171979 -0.00247617 0.014649 0 0 0 0 0 0 1.04167e+10 1.04167e+10 1.04167e+10 
-0.00153402 0.0137782 -0.000445395 0.0124853 0.000770762 0.0147109 0 0 0 0 0 0 1.04167e+10 1.04167e+10 1.04167e+10 
-0.00153402 0.0137782 -0.00169463 0.0119713 -0.000445395 0.0124853 0 0 0 0 0 0 1.04167e+10 1.04167e+10 1.04167e+10 
-0.00153402 0.0137782 -0.00247617 0.014649 -0.00350743 0.0128104 0 0 0 0 0 0 1.04167e+10 1.04167e+10 1.04167e+10 
-0.00153402 0.0137782 -0.00350743 0.0128104 -0.00169463 0.0119713 0 0 0 0 0 0 1.04167e+10 1.04167e+10 1.04167e+10 
-0.000104011 0.00686778 -0.00173349 0.00605551 -0.000824492 0.00541243 0 0 0 0 0 0 2.08333e+10 2.08333e+10 2.08333e+10 
-0.000104011 0.00686778 -0.00177175 0.00816203 -0.00173349 0.00605551 0 0 0 0 0 0 2.08333e+10 2.08333e+10 2.08333e+10 
-0.000104011 0.00686778 0.0018477 0.00770218 0.000486531 0.00932535 0 0 0 0 0 0 2.08333e+10 2.08333e+10 2.08333e+10 
-0.000104011 0.00686778 0.000486531 0.00932535 -0.00177175 0.00816203 0 0 0 0 0 0 2.08333e+10 2.08333e+10 2.08333e+10 
-0.000104011 0.00686778 0.00150467 0.00534098 0.0018477 0.00770218 0 0 0 0 0 0 2.08333e+10 2.08333e+10 2.08333e+10 
-0.000104011 0.00686778 -0.000824492 0.00541243 0.00150467 0.00534098 0 0 0 0 0 0 2.08333e+10 2.08333e+10 2.08333e+10 
0.0152389 0.0115914 0.0133321 0.011045 0.0144255 0.0101989 0 0 0 0 0 0 1.04167e+10 1.04167e+10 1.04167e+10 
0.0152389 0.0115914 0.0159417 0.0125784 0.013527 0.0127989 0 0 0 0 0 0 1.04167e+10 1.04167e+10 1.04167e+10 
0.0152389 0.0115914 0.013527 0.0127989 0.0133321 0.011045 0 0 0 0 0 0 1.04167e+10 1.04167e+10 1.04167e+10 
0.0152389 0.0115914 0.0167907 0.00999573 0.0159417 0.0125784 0 0 0 0 0 0 1.04167e+10 1.04167e+10 1.04167e+10 
0.0152389 0.0115914 0.0144255 0.0101989 0.0153451 0.00925678 0 0 0 0 0 0 1.04167e+10 1.04167e+10 1.04167e+10 
0.0152389 0.0115914 0.0153451 0.00925678 0.0167907 0.00999573 0 0 0 0 0 0 1.04167e+10 1.04167e+10 1.04167e+10 
