TRIANGLES
866
3
3
0.00790483 -0.00306251 0.00637233 -0.00400163 0.00759157 -0.0055582 0 0 0 0 0 0 3.125e+10 3.125e+10 3.125e+10 
-0.0166762 0.00456563 -0.0162285 0.00731717 -0.0187568 0.00780532 0 0 0 0 0 0 1.04167e+10 1.04167e+10 1.04167e+10 
-0.0166762 0.00456563 -0.0143135 0.00485254 -0.0162285 0.00731717 0 0 0 0 0 0 1.04167e+10 1.04167e+10 1.04167e+10 
0.0180066 -0.000401744 0.02 -0.0024 0.02 -0.0008 0 0 0 0 0 0 1.04167e+10 1.04167e+10 1.04167e+10 
0.0169907 -0.00493919 0.016049 -0.00293163 0.0145664 -0.00427477 0 0 0 0 0 0 3.125e+10 3.125e+10 3.125e+10 
-0.0141151 -0.000605985 -0.0136716 0.0016433 -0.0149137 0.000673588 0 0 0 0 0 0 2.08333e+10 2.08333e+10 2.08333e+10 
-0.0141151 -0.000605985 -0.0149137 0.000673588 -0.0161558 -0.000296129 0 0 0 0 0 0 2.08333e+10 2.08333e+10 2.08333e+10 
0.0169197 -0.0067738 0.0183802 -0.00546681 0.0169907 -0.00493919 0 0 0 0 0 0 3.125e+10 3.125e+10 3.125e+10 
-0.02 0.0056 -0.0166762 0.00456563 -0.0187568 0.00780532 0 0 0 0 0 0 1.04167e+10 1.04167e+10 1.04167e+10 
0.000972971 -0.012715 0.001122 -0.0110306 -0.00036686 -0.0119692 0 0 0 0 0 0 3.125e+10 3.125e+10 3.125e+10 
-0.0184 -0.02 -0.0168 -0.02 -0.0184273 -0.0175924 0 0 0 0 0 0 1.04167e+10 1.04167e+10 1.04167e+10 
0.00624647 0.00718331 0.00780394 0.00867302 0.006 0.009 0 0 0 0 0 0 2.60417e+10 2.60417e+10 2.60417e+10 
-0.00731661 -0.000573197 -0.0100647 -0.000298285 -0.0085744 -0.0040361 0 0 0 0 0 0 2.08333e+10 2.08333e+10 2.08333e+10 
-0.00731661 -0.000573197 -0.0085744 -0.0040361 -0.00456848 -0.00084811 0 0 0 0 0 0 2.08333e+10 2.08333e+10 2.08333e+10 
-0.00731661 -0.000573197 -0.00456848 -0.00084811 -0.00582842 0.00153916 0 0 0 0 0 0 2.08333e+10 2.08333e+10 2.08333e+10 
-0.00891945 -0.0174528 -0.0104 -0.02 -0.0088 -0.02 0 0 0 0 0 0 1.04167e+10 1.04167e+10 1.04167e+10 
0.02 -0.004 0.0183802 -0.00546681 0.02 -0.0056 0 0 0 0 0 0 1.04167e+10 1.04167e+10 1.04167e+10 
-0.0124267 0.000712172 -0.0136716 0.0016433 -0.0141151 -0.000605985 0 0 0 0 0 0 2.08333e+10 2.08333e+10 2.08333e+10 
-0.0124267 0.000712172 -0.0100647 -0.000298285 -0.0107383 0.00203033 0 0 0 0 0 0 2.08333e+10 2.08333e+10 2.08333e+10 
0.0179469 -0.0081045 0.0174543 -0.00932294 0.02 -0.0088 0 0 0 0 0 0 1.04167e+10 1.04167e+10 1.04167e+10 
0.0179469 -0.0081045 0.02 -0.0088 0.02 -0.0072 0 0 0 0 0 0 1.04167e+10 1.04167e+10 1.04167e+10 
0.0187863 -0.0172033 0.02 -0.0168 0.02 -0.0152 0 0 0 0 0 0 1.04167e+10 1.04167e+10 1.04167e+10 
0.00851722 -0.00135118 0.00790483 -0.00306251 0.0094794 -0.00235156 0 0 0 0 0 0 3.125e+10 3.125e+10 3.125e+10 
0.00851722 -0.00135118 0.0094794 -0.00235156 0.00985547 -0.000887014 0 0 0 0 0 0 3.125e+10 3.125e+10 3.125e+10 
0.0114228 0.0106446 0.0129809 0.0121694 0.0101722 0.0128346 0 0 0 0 0 0 2.60417e+10 2.60417e+10 2.60417e+10 
-0.0113692 -0.0172653 -0.0104 -0.02 -0.00891945 -0.0174528 0 0 0 0 0 0 1.04167e+10 1.04167e+10 1.04167e+10 
-0.00966359 0.0103802 -0.00702688 0.00979478 -0.00911948 0.0124555 0 0 0 0 0 0 1.04167e+10 1.04167e+10 1.04167e+10 
0.02 0.0088 0.02 0.0104 0.0182479 0.00968157 0 0 0 0 0 0 1.04167e+10 1.04167e+10 1.04167e+10 
0.00639664 0.00334723 0.00881001 0.00407913 0.00633628 0.00534879 0 0 0 0 0 0 2.60417e+10 2.60417e+10 2.60417e+10 
0.00639664 0.00334723 0.00633628 0.00534879 0.00390472 0.00373493 0 0 0 0 0 0 2.60417e+10 2.60417e+10 2.60417e+10 
-0.00124767 0.0114998 -0.00280333 0.0108712 -0.00161561 0.00988332 0 0 0 0 0 0 2.60417e+10 2.60417e+10 2.60417e+10 
-0.00124767 0.0114998 -0.00245723 0.0120782 -0.00280333 0.0108712 0 0 0 0 0 0 2.60417e+10 2.60417e+10 2.60417e+10 
-0.02 0.0072 -0.0187568 0.00780532 -0.02 0.0088 0 0 0 0 0 0 1.04167e+10 1.04167e+10 1.04167e+10 
-0.02 0.0072 -0.02 0.0056 -0.0187568 0.00780532 0 0 0 0 0 0 1.04167e+10 1.04167e+10 1.04167e+10 
0.00434839 0.0082042 0.00624647 0.00718331 0.006 0.009 0 0 0 0 0 0 2.60417e+10 2.60417e+10 2.60417e+10 
-0.0110259 0.00718418 -0.00966359 0.0103802 -0.0122475 0.00964226 0 0 0 0 0 0 1.04167e+10 1.04167e+10 1.04167e+10 
0.0150382 -0.00542782 0.0169907 -0.00493919 0.0145664 -0.00427477 0 0 0 0 0 0 3.125e+10 3.125e+10 3.125e+10 
0.0150382 -0.00542782 0.0169197 -0.0067738 0.0169907 -0.00493919 0 0 0 0 0 0 3.125e+10 3.125e+10 3.125e+10 
0.0150382 -0.00542782 0.0145664 -0.00427477 0.0129225 -0.00545825 0 0 0 0 0 0 3.125e+10 3.125e+10 3.125e+10 
0.00874582 -0.015562 0.0103181 -0.0148165 0.00872408 -0.0134723 0 0 0 0 0 0 3.125e+10 3.125e+10 3.125e+10 
0.00878115 0.000440491 0.00851722 -0.00135118 0.00985547 -0.000887014 0 0 0 0 0 0 1.04167e+10 1.04167e+10 1.04167e+10 
0.00878115 0.000440491 0.00756283 0.00013673 0.00851722 -0.00135118 0 0 0 0 0 0 1.04167e+10 1.04167e+10 1.04167e+10 
0.0177966 -0.00307982 0.02 -0.0024 0.0180066 -0.000401744 0 0 0 0 0 0 1.04167e+10 1.04167e+10 1.04167e+10 
0.0177966 -0.00307982 0.016049 -0.00293163 0.0169907 -0.00493919 0 0 0 0 0 0 3.125e+10 3.125e+10 3.125e+10 
0.0177966 -0.00307982 0.02 -0.004 0.02 -0.0024 0 0 0 0 0 0 1.04167e+10 1.04167e+10 1.04167e+10 
0.0142219 0.0126606 0.0136324 0.0137693 0.0129809 0.0121694 0 0 0 0 0 0 2.60417e+10 2.60417e+10 2.60417e+10 
0.0142219 0.0126606 0.0129809 0.0121694 0.0146514 0.0114807 0 0 0 0 0 0 2.60417e+10 2.60417e+10 2.60417e+10 
0.00318999 0.0139209 0.00560336 0.0146528 0.00321321 0.0161422 0 0 0 0 0 0 2.60417e+10 2.60417e+10 2.60417e+10 
-0.00579934 0.0126819 -0.00911948 0.0124555 -0.00702688 0.00979478 0 0 0 0 0 0 1.04167e+10 1.04167e+10 1.04167e+10 
0.000459047 0.0019079 -0.00144507 0.00124069 -0.000313369 -0.000239984 0 0 0 0 0 0 1.04167e+10 1.04167e+10 1.04167e+10 
0.00799825 0.00159833 0.00881001 0.00407913 0.00639664 0.00334723 0 0 0 0 0 0 2.60417e+10 2.60417e+10 2.60417e+10 
0.00799825 0.00159833 0.00639664 0.00334723 0.00636039 0.00134181 0 0 0 0 0 0 2.60417e+10 2.60417e+10 2.60417e+10 
0.00799825 0.00159833 0.00636039 0.00134181 0.00756283 0.00013673 0 0 0 0 0 0 2.60417e+10 2.60417e+10 2.60417e+10 
0.00799825 0.00159833 0.00756283 0.00013673 0.00878115 0.000440491 0 0 0 0 0 0 2.60417e+10 2.60417e+10 2.60417e+10 
-0.000474058 0.0152519 0.000459047 0.0160921 -0.00119626 0.0171979 0 0 0 0 0 0 1.04167e+10 1.04167e+10 1.04167e+10 
0.00696444 -0.0161039 0.00617824 -0.0174975 0.00748024 -0.0172836 0 0 0 0 0 0 3.125e+10 3.125e+10 3.125e+10 
0.00696444 -0.0161039 0.00748024 -0.0172836 0.00881318 -0.016901 0 0 0 0 0 0 3.125e+10 3.125e+10 3.125e+10 
0.00696444 -0.0161039 0.00881318 -0.016901 0.00874582 -0.015562 0 0 0 0 0 0 3.125e+10 3.125e+10 3.125e+10 
-0.0136 0.02 -0.0152 0.02 -0.0140665 0.0176528 0 0 0 0 0 0 1.04167e+10 1.04167e+10 1.04167e+10 
-0.0136 0.02 -0.0140665 0.0176528 -0.012 0.02 0 0 0 0 0 0 1.04167e+10 1.04167e+10 1.04167e+10 
0.02 0.0008 0.0180066 -0.000401744 0.02 -0.0008 0 0 0 0 0 0 1.04167e+10 1.04167e+10 1.04167e+10 
0.00481373 0.0165743 0.0038227 0.0177327 0.00321321 0.0161422 0 0 0 0 0 0 2.60417e+10 2.60417e+10 2.60417e+10 
0.00481373 0.0165743 0.00321321 0.0161422 0.00560336 0.0146528 0 0 0 0 0 0 2.60417e+10 2.60417e+10 2.60417e+10 
-0.00863478 0.00749337 -0.00592913 0.00769622 -0.00702688 0.00979478 0 0 0 0 0 0 1.04167e+10 1.04167e+10 1.04167e+10 
-0.00863478 0.00749337 -0.00702688 0.00979478 -0.00966359 0.0103802 0 0 0 0 0 0 1.04167e+10 1.04167e+10 1.04167e+10 
-0.00863478 0.00749337 -0.00966359 0.0103802 -0.0110259 0.00718418 0 0 0 0 0 0 1.04167e+10 1.04167e+10 1.04167e+10 
-0.00863478 0.00749337 -0.00686824 0.00517419 -0.00592913 0.00769622 0 0 0 0 0 0 1.04167e+10 1.04167e+10 1.04167e+10 
-0.010978 0.017692 -0.0140665 0.0176528 -0.0121205 0.0147111 0 0 0 0 0 0 1.04167e+10 1.04167e+10 1.04167e+10 
-0.010978 0.017692 -0.012 0.02 -0.0140665 0.0176528 0 0 0 0 0 0 1.04167e+10 1.04167e+10 1.04167e+10 
0.013499 0.0105946 0.0129809 0.0121694 0.0114228 0.0106446 0 0 0 0 0 0 2.60417e+10 2.60417e+10 2.60417e+10 
0.013499 0.0105946 0.0146514 0.0114807 0.0129809 0.0121694 0 0 0 0 0 0 2.60417e+10 2.60417e+10 2.60417e+10 
0.00242783 -0.0154824 0.00147824 -0.0164162 0.00247191 -0.0169996 0 0 0 0 0 0 3.125e+10 3.125e+10 3.125e+10 
-0.000310621 -0.0133446 -0.0022896 -0.0151291 -6.79242e-06 -0.0144656 0 0 0 0 0 0 1.04167e+10 1.04167e+10 1.04167e+10 
-0.000310621 -0.0133446 0.000972971 -0.012715 -0.00036686 -0.0119692 0 0 0 0 0 0 3.125e+10 3.125e+10 3.125e+10 
-0.0046873 -0.0146574 -0.00384331 -0.0174883 -0.0022896 -0.0151291 0 0 0 0 0 0 1.04167e+10 1.04167e+10 1.04167e+10 
-0.0046873 -0.0146574 -0.0022896 -0.0151291 -0.00334804 -0.0123067 0 0 0 0 0 0 1.04167e+10 1.04167e+10 1.04167e+10 
0.000400697 0.00987116 -0.00124767 0.0114998 -0.00161561 0.00988332 0 0 0 0 0 0 2.60417e+10 2.60417e+10 2.60417e+10 
0.00735338 -0.00188546 0.00790483 -0.00306251 0.00851722 -0.00135118 0 0 0 0 0 0 3.125e+10 3.125e+10 3.125e+10 
0.00735338 -0.00188546 0.00851722 -0.00135118 0.00756283 0.00013673 0 0 0 0 0 0 1.04167e+10 1.04167e+10 1.04167e+10 
0.0121364 0.013596 0.0101722 0.0128346 0.0129809 0.0121694 0 0 0 0 0 0 2.60417e+10 2.60417e+10 2.60417e+10 
0.0121364 0.013596 0.0110049 0.0148077 0.0101722 0.0128346 0 0 0 0 0 0 2.60417e+10 2.60417e+10 2.60417e+10 
0.0121364 0.013596 0.0129809 0.0121694 0.0136324 0.0137693 0 0 0 0 0 0 2.60417e+10 2.60417e+10 2.60417e+10 
-0.00194653 0.0132252 -0.00245723 0.0120782 -0.00124767 0.0114998 0 0 0 0 0 0 2.60417e+10 2.60417e+10 2.60417e+10 
-0.00194653 0.0132252 -0.00124767 0.0114998 -0.000540845 0.0129994 0 0 0 0 0 0 2.60417e+10 2.60417e+10 2.60417e+10 
-0.00194653 0.0132252 -0.000540845 0.0129994 -0.00128115 0.0142901 0 0 0 0 0 0 2.60417e+10 2.60417e+10 2.60417e+10 
0.0128944 0.0147851 0.0110049 0.0148077 0.0121364 0.013596 0 0 0 0 0 0 2.60417e+10 2.60417e+10 2.60417e+10 
0.0128944 0.0147851 0.0121364 0.013596 0.0136324 0.0137693 0 0 0 0 0 0 2.60417e+10 2.60417e+10 2.60417e+10 
-0.00162745 0.00822554 0.000400697 0.00987116 -0.00161561 0.00988332 0 0 0 0 0 0 2.60417e+10 2.60417e+10 2.60417e+10 
0.00809528 0.0142651 0.0101722 0.0128346 0.0110049 0.0148077 0 0 0 0 0 0 2.60417e+10 2.60417e+10 2.60417e+10 
-0.00602103 0.00306591 -0.00582842 0.00153916 -0.0042989 0.00289364 0 0 0 0 0 0 2.08333e+10 2.08333e+10 2.08333e+10 
0.000471827 0.014312 0.000459047 0.0160921 -0.000474058 0.0152519 0 0 0 0 0 0 2.60417e+10 2.60417e+10 2.60417e+10 
0.000471827 0.014312 -0.000474058 0.0152519 -0.00128115 0.0142901 0 0 0 0 0 0 2.60417e+10 2.60417e+10 2.60417e+10 
0.000471827 0.014312 -0.00128115 0.0142901 -0.000540845 0.0129994 0 0 0 0 0 0 2.60417e+10 2.60417e+10 2.60417e+10 
-0.00828337 0.00178474 -0.0100647 -0.000298285 -0.00731661 -0.000573197 0 0 0 0 0 0 2.08333e+10 2.08333e+10 2.08333e+10 
-0.00828337 0.00178474 -0.0107383 0.00203033 -0.0100647 -0.000298285 0 0 0 0 0 0 2.08333e+10 2.08333e+10 2.08333e+10 
-0.00828337 0.00178474 -0.00731661 -0.000573197 -0.00582842 0.00153916 0 0 0 0 0 0 2.08333e+10 2.08333e+10 2.08333e+10 
-0.0049315 0.00516256 -0.00592913 0.00769622 -0.00686824 0.00517419 0 0 0 0 0 0 1.04167e+10 1.04167e+10 1.04167e+10 
0.00391065 0.00598685 0.00633628 0.00534879 0.00624647 0.00718331 0 0 0 0 0 0 2.60417e+10 2.60417e+10 2.60417e+10 
0.00391065 0.00598685 0.00624647 0.00718331 0.00434839 0.0082042 0 0 0 0 0 0 2.60417e+10 2.60417e+10 2.60417e+10 
0.00391065 0.00598685 0.00390472 0.00373493 0.00633628 0.00534879 0 0 0 0 0 0 2.60417e+10 2.60417e+10 2.60417e+10 
0.00391065 0.00598685 0.00434839 0.0082042 0.00246265 0.0080348 0 0 0 0 0 0 2.60417e+10 2.60417e+10 2.60417e+10 
-0.00369769 -0.00656363 -0.0085744 -0.0040361 -0.00625461 -0.0072515 0 0 0 0 0 0 2.08333e+10 2.08333e+10 2.08333e+10 
-0.02 -0.0168 -0.0184273 -0.0175924 -0.02 -0.0152 0 0 0 0 0 0 1.04167e+10 1.04167e+10 1.04167e+10 
-0.0024 0.02 -0.00119626 0.0171979 -0.0008 0.02 0 0 0 0 0 0 1.04167e+10 1.04167e+10 1.04167e+10 
-0.0024 0.02 -0.004 0.02 -0.00396038 0.0174 0 0 0 0 0 0 1.04167e+10 1.04167e+10 1.04167e+10 
-0.0024 0.02 -0.00396038 0.0174 -0.00119626 0.0171979 0 0 0 0 0 0 1.04167e+10 1.04167e+10 1.04167e+10 
-0.00239324 -0.00369409 -0.00456848 -0.00084811 -0.0085744 -0.0040361 0 0 0 0 0 0 2.08333e+10 2.08333e+10 2.08333e+10 
-0.00239324 -0.00369409 -0.0085744 -0.0040361 -0.00369769 -0.00656363 0 0 0 0 0 0 2.08333e+10 2.08333e+10 2.08333e+10 
-0.00239324 -0.00369409 -0.00132143 -0.00677329 -0.00055435 -0.00508586 0 0 0 0 0 0 2.08333e+10 2.08333e+10 2.08333e+10 
-0.00239324 -0.00369409 -0.00369769 -0.00656363 -0.00132143 -0.00677329 0 0 0 0 0 0 2.08333e+10 2.08333e+10 2.08333e+10 
-0.00978155 -0.0147626 -0.0113692 -0.0172653 -0.00891945 -0.0174528 0 0 0 0 0 0 1.04167e+10 1.04167e+10 1.04167e+10 
0.00754256 -0.0119786 0.00994278 -0.0102892 0.00597478 -0.00983471 0 0 0 0 0 0 3.125e+10 3.125e+10 3.125e+10 
0.00754256 -0.0119786 0.00872408 -0.0134723 0.00994278 -0.0102892 0 0 0 0 0 0 3.125e+10 3.125e+10 3.125e+10 
0.0164481 0.0173355 0.0189027 0.0170678 0.0184 0.02 0 0 0 0 0 0 1.04167e+10 1.04167e+10 1.04167e+10 
-0.00950399 0.0150225 -0.010978 0.017692 -0.0121205 0.0147111 0 0 0 0 0 0 1.04167e+10 1.04167e+10 1.04167e+10 
0.0131087 -0.00172115 0.0138037 -0.000524284 0.0124528 -0.000460233 0 0 0 0 0 0 3.125e+10 3.125e+10 3.125e+10 
0.00505924 0.0179507 0.0038227 0.0177327 0.00481373 0.0165743 0 0 0 0 0 0 2.60417e+10 2.60417e+10 2.60417e+10 
0.00805722 -0.00771077 0.00597478 -0.00983471 0.00994278 -0.0102892 0 0 0 0 0 0 3.125e+10 3.125e+10 3.125e+10 
0.00805722 -0.00771077 0.00994278 -0.0102892 0.0120252 -0.00816529 0 0 0 0 0 0 3.125e+10 3.125e+10 3.125e+10 
-0.00924079 -0.0119382 -0.00906909 -0.0103387 -0.0106989 -0.0111852 0 0 0 0 0 0 2.08333e+10 2.08333e+10 2.08333e+10 
0.0136665 0.00894525 0.013499 0.0105946 0.0114228 0.0106446 0 0 0 0 0 0 2.60417e+10 2.60417e+10 2.60417e+10 
0.00262854 0.0173447 0.00321321 0.0161422 0.0038227 0.0177327 0 0 0 0 0 0 2.60417e+10 2.60417e+10 2.60417e+10 
0.00262854 0.0173447 0.0015 0.0167942 0.00321321 0.0161422 0 0 0 0 0 0 2.60417e+10 2.60417e+10 2.60417e+10 
0.00174299 0.0153762 0.00318999 0.0139209 0.00321321 0.0161422 0 0 0 0 0 0 2.60417e+10 2.60417e+10 2.60417e+10 
0.00174299 0.0153762 0.000471827 0.014312 0.00318999 0.0139209 0 0 0 0 0 0 2.60417e+10 2.60417e+10 2.60417e+10 
0.00174299 0.0153762 0.00321321 0.0161422 0.0015 0.0167942 0 0 0 0 0 0 2.60417e+10 2.60417e+10 2.60417e+10 
0.00174299 0.0153762 0.0015 0.0167942 0.000459047 0.0160921 0 0 0 0 0 0 2.60417e+10 2.60417e+10 2.60417e+10 
0.00174299 0.0153762 0.000459047 0.0160921 0.000471827 0.014312 0 0 0 0 0 0 2.60417e+10 2.60417e+10 2.60417e+10 
0.0056 0.02 0.0063141 0.0179945 0.0072 0.02 0 0 0 0 0 0 1.04167e+10 1.04167e+10 1.04167e+10 
0.0056 0.02 0.00505924 0.0179507 0.0063141 0.0179945 0 0 0 0 0 0 1.04167e+10 1.04167e+10 1.04167e+10 
0.00443521 0.012316 0.00560336 0.0146528 0.00318999 0.0139209 0 0 0 0 0 0 2.60417e+10 2.60417e+10 2.60417e+10 
-0.00774315 0.00323819 -0.00582842 0.00153916 -0.00602103 0.00306591 0 0 0 0 0 0 2.08333e+10 2.08333e+10 2.08333e+10 
-0.00774315 0.00323819 -0.00828337 0.00178474 -0.00582842 0.00153916 0 0 0 0 0 0 2.08333e+10 2.08333e+10 2.08333e+10 
-0.0124295 0.00261302 -0.0136716 0.0016433 -0.0124267 0.000712172 0 0 0 0 0 0 2.08333e+10 2.08333e+10 2.08333e+10 
-0.0124295 0.00261302 -0.0124267 0.000712172 -0.0107383 0.00203033 0 0 0 0 0 0 2.08333e+10 2.08333e+10 2.08333e+10 
-0.0124295 0.00261302 -0.0107383 0.00203033 -0.0111874 0.00358274 0 0 0 0 0 0 2.08333e+10 2.08333e+10 2.08333e+10 
-0.0070766 -0.0147638 -0.00978155 -0.0147626 -0.00891945 -0.0174528 0 0 0 0 0 0 1.04167e+10 1.04167e+10 1.04167e+10 
-0.0134121 -0.00291159 -0.0085744 -0.0040361 -0.0100647 -0.000298285 0 0 0 0 0 0 2.08333e+10 2.08333e+10 2.08333e+10 
-0.0134121 -0.00291159 -0.0130564 -0.00574735 -0.0085744 -0.0040361 0 0 0 0 0 0 2.08333e+10 2.08333e+10 2.08333e+10 
-0.0134121 -0.00291159 -0.0154725 -0.00456353 -0.0130564 -0.00574735 0 0 0 0 0 0 2.08333e+10 2.08333e+10 2.08333e+10 
-0.0134121 -0.00291159 -0.0124267 0.000712172 -0.0141151 -0.000605985 0 0 0 0 0 0 2.08333e+10 2.08333e+10 2.08333e+10 
-0.0134121 -0.00291159 -0.0100647 -0.000298285 -0.0124267 0.000712172 0 0 0 0 0 0 2.08333e+10 2.08333e+10 2.08333e+10 
-0.00483305 0.0152886 -0.00396038 0.0174 -0.0063863 0.0174423 0 0 0 0 0 0 1.04167e+10 1.04167e+10 1.04167e+10 
0.0063141 5.48256e-06 0.00756283 0.00013673 0.00636039 0.00134181 0 0 0 0 0 0 2.60417e+10 2.60417e+10 2.60417e+10 
0.0063141 5.48256e-06 0.00636039 0.00134181 0.00505924 4.93029e-05 0 0 0 0 0 0 2.60417e+10 2.60417e+10 2.60417e+10 
0.0063141 5.48256e-06 0.00735338 -0.00188546 0.00756283 0.00013673 0 0 0 0 0 0 1.04167e+10 1.04167e+10 1.04167e+10 
-0.0147194 0.00981474 -0.0139055 0.0121628 -0.0159771 0.0127401 0 0 0 0 0 0 1.04167e+10 1.04167e+10 1.04167e+10 
-0.0147194 0.00981474 -0.0122475 0.00964226 -0.0139055 0.0121628 0 0 0 0 0 0 1.04167e+10 1.04167e+10 1.04167e+10 
0.0188438 0.0125262 0.0182479 0.00968157 0.02 0.0104 0 0 0 0 0 0 1.04167e+10 1.04167e+10 1.04167e+10 
0.0188438 0.0125262 0.02 0.0104 0.02 0.012 0 0 0 0 0 0 1.04167e+10 1.04167e+10 1.04167e+10 
0.0188438 0.0125262 0.02 0.012 0.02 0.0136 0 0 0 0 0 0 1.04167e+10 1.04167e+10 1.04167e+10 
0.00810375 0.0163724 0.00878115 0.0175595 0.00756283 0.0178633 0 0 0 0 0 0 2.60417e+10 2.60417e+10 2.60417e+10 
0.00810375 0.0163724 0.00994534 0.0170891 0.00878115 0.0175595 0 0 0 0 0 0 2.60417e+10 2.60417e+10 2.60417e+10 
0.00686843 0.0106146 0.006 0.009 0.00780394 0.00867302 0 0 0 0 0 0 2.60417e+10 2.60417e+10 2.60417e+10 
0.0184698 0.00712598 0.02 0.0056 0.02 0.0072 0 0 0 0 0 0 1.04167e+10 1.04167e+10 1.04167e+10 
0.0184698 0.00712598 0.018219 0.00499335 0.02 0.0056 0 0 0 0 0 0 1.04167e+10 1.04167e+10 1.04167e+10 
0.0184698 0.00712598 0.02 0.0088 0.0182479 0.00968157 0 0 0 0 0 0 1.04167e+10 1.04167e+10 1.04167e+10 
0.0184698 0.00712598 0.02 0.0072 0.02 0.0088 0 0 0 0 0 0 1.04167e+10 1.04167e+10 1.04167e+10 
0.0130796 -0.00997678 0.0120252 -0.00816529 0.00994278 -0.0102892 0 0 0 0 0 0 3.125e+10 3.125e+10 3.125e+10 
0.0132522 -0.0126923 0.0145012 -0.0113952 0.0130796 -0.00997678 0 0 0 0 0 0 3.125e+10 3.125e+10 3.125e+10 
0.0104574 -0.00602138 0.0120252 -0.00816529 0.0129225 -0.00545825 0 0 0 0 0 0 3.125e+10 3.125e+10 3.125e+10 
0.0104574 -0.00602138 0.00805722 -0.00771077 0.0120252 -0.00816529 0 0 0 0 0 0 3.125e+10 3.125e+10 3.125e+10 
0.0104574 -0.00602138 0.00759157 -0.0055582 0.00805722 -0.00771077 0 0 0 0 0 0 3.125e+10 3.125e+10 3.125e+10 
-0.000274281 -0.00809442 -0.00101572 -0.00972544 0.000216922 -0.00943939 0 0 0 0 0 0 1.04167e+10 1.04167e+10 1.04167e+10 
0.00262854 0.000655345 0.0038227 0.000267338 0.00311149 0.00189829 0 0 0 0 0 0 2.60417e+10 2.60417e+10 2.60417e+10 
-0.00881153 -0.00793937 -0.00625461 -0.0072515 -0.0085744 -0.0040361 0 0 0 0 0 0 2.08333e+10 2.08333e+10 2.08333e+10 
-0.00881153 -0.00793937 -0.0085744 -0.0040361 -0.0130564 -0.00574735 0 0 0 0 0 0 2.08333e+10 2.08333e+10 2.08333e+10 
-0.00881153 -0.00793937 -0.00674223 -0.00971268 -0.00625461 -0.0072515 0 0 0 0 0 0 2.08333e+10 2.08333e+10 2.08333e+10 
-0.00881153 -0.00793937 -0.00906909 -0.0103387 -0.00674223 -0.00971268 0 0 0 0 0 0 2.08333e+10 2.08333e+10 2.08333e+10 
0.00259479 -0.00779191 0.0036653 -0.00641266 0.00226249 -0.00599714 0 0 0 0 0 0 3.125e+10 3.125e+10 3.125e+10 
0.00494082 -0.00513284 0.00759157 -0.0055582 0.00637233 -0.00400163 0 0 0 0 0 0 3.125e+10 3.125e+10 3.125e+10 
0.00494082 -0.00513284 0.00637233 -0.00400163 0.00512047 -0.00327675 0 0 0 0 0 0 3.125e+10 3.125e+10 3.125e+10 
0.0151878 0.0152435 0.0128944 0.0147851 0.0136324 0.0137693 0 0 0 0 0 0 1.04167e+10 1.04167e+10 1.04167e+10 
0.0015 0.00120577 0.000459047 0.0019079 -0.000313369 -0.000239984 0 0 0 0 0 0 1.04167e+10 1.04167e+10 1.04167e+10 
0.0015 0.00120577 0.00262854 0.000655345 0.00311149 0.00189829 0 0 0 0 0 0 2.60417e+10 2.60417e+10 2.60417e+10 
0.004 0.02 0.00505924 0.0179507 0.0056 0.02 0 0 0 0 0 0 1.04167e+10 1.04167e+10 1.04167e+10 
0.02 -0.0184 0.02 -0.0168 0.0187863 -0.0172033 0 0 0 0 0 0 1.04167e+10 1.04167e+10 1.04167e+10 
0.02 -0.0184 0.0187863 -0.0172033 0.0184 -0.02 0 0 0 0 0 0 1.04167e+10 1.04167e+10 1.04167e+10 
0.02 -0.0184 0.0184 -0.02 0.02 -0.02 0 0 0 0 0 0 1.04167e+10 1.04167e+10 1.04167e+10 
0.00998356 -0.016434 0.0103181 -0.0148165 0.00874582 -0.015562 0 0 0 0 0 0 3.125e+10 3.125e+10 3.125e+10 
0.00998356 -0.016434 0.0111386 -0.0158511 0.0103181 -0.0148165 0 0 0 0 0 0 3.125e+10 3.125e+10 3.125e+10 
0.00998356 -0.016434 0.00874582 -0.015562 0.00881318 -0.016901 0 0 0 0 0 0 3.125e+10 3.125e+10 3.125e+10 
-0.0158035 -0.00192414 -0.0141151 -0.000605985 -0.0161558 -0.000296129 0 0 0 0 0 0 2.08333e+10 2.08333e+10 2.08333e+10 
-0.0158035 -0.00192414 -0.0134121 -0.00291159 -0.0141151 -0.000605985 0 0 0 0 0 0 2.08333e+10 2.08333e+10 2.08333e+10 
-0.0158035 -0.00192414 -0.0171813 -0.00299271 -0.0154725 -0.00456353 0 0 0 0 0 0 2.08333e+10 2.08333e+10 2.08333e+10 
-0.0158035 -0.00192414 -0.0154725 -0.00456353 -0.0134121 -0.00291159 0 0 0 0 0 0 2.08333e+10 2.08333e+10 2.08333e+10 
0.0164152 -0.0083742 0.0179469 -0.0081045 0.0169197 -0.0067738 0 0 0 0 0 0 3.125e+10 3.125e+10 3.125e+10 
0.0164152 -0.0083742 0.0174543 -0.00932294 0.0179469 -0.0081045 0 0 0 0 0 0 3.125e+10 3.125e+10 3.125e+10 
0.00963941 0.0157478 0.00994534 0.0170891 0.00810375 0.0163724 0 0 0 0 0 0 2.60417e+10 2.60417e+10 2.60417e+10 
0.00963941 0.0157478 0.00809528 0.0142651 0.0110049 0.0148077 0 0 0 0 0 0 2.60417e+10 2.60417e+10 2.60417e+10 
0.00963941 0.0157478 0.00810375 0.0163724 0.00809528 0.0142651 0 0 0 0 0 0 2.60417e+10 2.60417e+10 2.60417e+10 
0.0169915 -0.00199157 0.0177966 -0.00307982 0.0180066 -0.000401744 0 0 0 0 0 0 1.04167e+10 1.04167e+10 1.04167e+10 
0.0169915 -0.00199157 0.016049 -0.00293163 0.0177966 -0.00307982 0 0 0 0 0 0 3.125e+10 3.125e+10 3.125e+10 
-0.0147713 0.0153401 -0.0121205 0.0147111 -0.0140665 0.0176528 0 0 0 0 0 0 1.04167e+10 1.04167e+10 1.04167e+10 
-0.0147713 0.0153401 -0.0139055 0.0121628 -0.0121205 0.0147111 0 0 0 0 0 0 1.04167e+10 1.04167e+10 1.04167e+10 
-0.0147713 0.0153401 -0.0159771 0.0127401 -0.0139055 0.0121628 0 0 0 0 0 0 1.04167e+10 1.04167e+10 1.04167e+10 
0.0112528 -0.00185305 0.00985547 -0.000887014 0.0094794 -0.00235156 0 0 0 0 0 0 3.125e+10 3.125e+10 3.125e+10 
0.0112528 -0.00185305 0.0111763 -0.000588001 0.00985547 -0.000887014 0 0 0 0 0 0 3.125e+10 3.125e+10 3.125e+10 
0.0112528 -0.00185305 0.0124528 -0.000460233 0.0111763 -0.000588001 0 0 0 0 0 0 3.125e+10 3.125e+10 3.125e+10 
0.0112528 -0.00185305 0.0131087 -0.00172115 0.0124528 -0.000460233 0 0 0 0 0 0 3.125e+10 3.125e+10 3.125e+10 
-0.00280333 0.00712879 -0.00162745 0.00822554 -0.00297808 0.00837219 0 0 0 0 0 0 2.60417e+10 2.60417e+10 2.60417e+10 
-0.00280333 0.00712879 -0.00245723 0.00592182 -0.00128264 0.00660397 0 0 0 0 0 0 2.60417e+10 2.60417e+10 2.60417e+10 
-0.00280333 0.00712879 -0.00128264 0.00660397 -0.00162745 0.00822554 0 0 0 0 0 0 2.60417e+10 2.60417e+10 2.60417e+10 
0.00994534 0.000910854 0.00878115 0.000440491 0.00985547 -0.000887014 0 0 0 0 0 0 1.04167e+10 1.04167e+10 1.04167e+10 
0.00994534 0.000910854 0.00985547 -0.000887014 0.0111763 -0.000588001 0 0 0 0 0 0 1.04167e+10 1.04167e+10 1.04167e+10 
-0.0056 0.02 -0.00396038 0.0174 -0.004 0.02 0 0 0 0 0 0 1.04167e+10 1.04167e+10 1.04167e+10 
-0.0056 0.02 -0.0063863 0.0174423 -0.00396038 0.0174 0 0 0 0 0 0 1.04167e+10 1.04167e+10 1.04167e+10 
-0.0056 0.02 -0.0072 0.02 -0.0063863 0.0174423 0 0 0 0 0 0 1.04167e+10 1.04167e+10 1.04167e+10 
0.0147041 -0.00205068 0.0145664 -0.00427477 0.016049 -0.00293163 0 0 0 0 0 0 3.125e+10 3.125e+10 3.125e+10 
0.0147041 -0.00205068 0.0150308 -0.00080661 0.0138037 -0.000524284 0 0 0 0 0 0 3.125e+10 3.125e+10 3.125e+10 
0.0147041 -0.00205068 0.0138037 -0.000524284 0.0131087 -0.00172115 0 0 0 0 0 0 3.125e+10 3.125e+10 3.125e+10 
-0.0174431 0.0101288 -0.02 0.0088 -0.0187568 0.00780532 0 0 0 0 0 0 1.04167e+10 1.04167e+10 1.04167e+10 
-0.0174431 0.0101288 -0.02 0.0104 -0.02 0.0088 0 0 0 0 0 0 1.04167e+10 1.04167e+10 1.04167e+10 
-0.0174431 0.0101288 -0.0188031 0.0120672 -0.02 0.0104 0 0 0 0 0 0 1.04167e+10 1.04167e+10 1.04167e+10 
-0.0174431 0.0101288 -0.0187568 0.00780532 -0.0162285 0.00731717 0 0 0 0 0 0 1.04167e+10 1.04167e+10 1.04167e+10 
-0.0174431 0.0101288 -0.0162285 0.00731717 -0.0147194 0.00981474 0 0 0 0 0 0 1.04167e+10 1.04167e+10 1.04167e+10 
-0.0174431 0.0101288 -0.0159771 0.0127401 -0.0188031 0.0120672 0 0 0 0 0 0 1.04167e+10 1.04167e+10 1.04167e+10 
-0.0174431 0.0101288 -0.0147194 0.00981474 -0.0159771 0.0127401 0 0 0 0 0 0 1.04167e+10 1.04167e+10 1.04167e+10 
0.00167473 -0.00942186 0.00384244 -0.0095419 0.00259479 -0.00779191 0 0 0 0 0 0 3.125e+10 3.125e+10 3.125e+10 
0.00167473 -0.00942186 0.000216922 -0.00943939 0.001122 -0.0110306 0 0 0 0 0 0 3.125e+10 3.125e+10 3.125e+10 
0.0155389 -0.010006 0.0167895 -0.0105348 0.0174543 -0.00932294 0 0 0 0 0 0 3.125e+10 3.125e+10 3.125e+10 
0.0155389 -0.010006 0.0174543 -0.00932294 0.0164152 -0.0083742 0 0 0 0 0 0 3.125e+10 3.125e+10 3.125e+10 
0.0155389 -0.010006 0.0160773 -0.0115704 0.0167895 -0.0105348 0 0 0 0 0 0 3.125e+10 3.125e+10 3.125e+10 
0.0155389 -0.010006 0.0145012 -0.0113952 0.0160773 -0.0115704 0 0 0 0 0 0 3.125e+10 3.125e+10 3.125e+10 
0.0155389 -0.010006 0.0130796 -0.00997678 0.0145012 -0.0113952 0 0 0 0 0 0 3.125e+10 3.125e+10 3.125e+10 
0.0139377 0.0177711 0.0152 0.02 0.0136 0.02 0 0 0 0 0 0 1.04167e+10 1.04167e+10 1.04167e+10 
0.0139377 0.0177711 0.0164481 0.0173355 0.0152 0.02 0 0 0 0 0 0 1.04167e+10 1.04167e+10 1.04167e+10 
0.0139377 0.0177711 0.0151878 0.0152435 0.0164481 0.0173355 0 0 0 0 0 0 1.04167e+10 1.04167e+10 1.04167e+10 
-0.00624478 -0.0173872 -0.0070766 -0.0147638 -0.00891945 -0.0174528 0 0 0 0 0 0 1.04167e+10 1.04167e+10 1.04167e+10 
-0.00624478 -0.0173872 -0.0056 -0.02 -0.00384331 -0.0174883 0 0 0 0 0 0 1.04167e+10 1.04167e+10 1.04167e+10 
-0.00624478 -0.0173872 -0.00384331 -0.0174883 -0.0046873 -0.0146574 0 0 0 0 0 0 1.04167e+10 1.04167e+10 1.04167e+10 
-0.00624478 -0.0173872 -0.0046873 -0.0146574 -0.0070766 -0.0147638 0 0 0 0 0 0 1.04167e+10 1.04167e+10 1.04167e+10 
0.00528513 -0.0162896 0.00478342 -0.0175314 0.00617824 -0.0174975 0 0 0 0 0 0 3.125e+10 3.125e+10 3.125e+10 
0.00528513 -0.0162896 0.00617824 -0.0174975 0.00696444 -0.0161039 0 0 0 0 0 0 3.125e+10 3.125e+10 3.125e+10 
0.0128944 0.00321491 0.0136324 0.00423073 0.0120701 0.00431686 0 0 0 0 0 0 2.60417e+10 2.60417e+10 2.60417e+10 
-0.00194653 0.00477476 -0.000597296 0.00509443 -0.00128264 0.00660397 0 0 0 0 0 0 2.60417e+10 2.60417e+10 2.60417e+10 
-0.00194653 0.00477476 -0.00128264 0.00660397 -0.00245723 0.00592182 0 0 0 0 0 0 2.60417e+10 2.60417e+10 2.60417e+10 
-0.000829299 -0.0171358 -6.79242e-06 -0.0144656 -0.0022896 -0.0151291 0 0 0 0 0 0 1.04167e+10 1.04167e+10 1.04167e+10 
-0.000829299 -0.0171358 -0.0022896 -0.0151291 -0.00384331 -0.0174883 0 0 0 0 0 0 1.04167e+10 1.04167e+10 1.04167e+10 
-0.000829299 -0.0171358 -0.0024 -0.02 -0.0008 -0.02 0 0 0 0 0 0 1.04167e+10 1.04167e+10 1.04167e+10 
-0.000829299 -0.0171358 -0.00384331 -0.0174883 -0.0024 -0.02 0 0 0 0 0 0 1.04167e+10 1.04167e+10 1.04167e+10 
-0.004 -0.02 -0.00384331 -0.0174883 -0.0056 -0.02 0 0 0 0 0 0 1.04167e+10 1.04167e+10 1.04167e+10 
-0.004 -0.02 -0.0024 -0.02 -0.00384331 -0.0174883 0 0 0 0 0 0 1.04167e+10 1.04167e+10 1.04167e+10 
-0.0173978 -0.00126585 -0.0158035 -0.00192414 -0.0161558 -0.000296129 0 0 0 0 0 0 2.08333e+10 2.08333e+10 2.08333e+10 
-0.0173978 -0.00126585 -0.0171813 -0.00299271 -0.0158035 -0.00192414 0 0 0 0 0 0 2.08333e+10 2.08333e+10 2.08333e+10 
0.0089939 0.0111168 0.0114228 0.0106446 0.0101722 0.0128346 0 0 0 0 0 0 2.60417e+10 2.60417e+10 2.60417e+10 
0.0089939 0.0111168 0.00686843 0.0106146 0.00780394 0.00867302 0 0 0 0 0 0 2.60417e+10 2.60417e+10 2.60417e+10 
-0.00441537 -0.0090867 -0.00625461 -0.0072515 -0.00674223 -0.00971268 0 0 0 0 0 0 2.08333e+10 2.08333e+10 2.08333e+10 
-0.00441537 -0.0090867 -0.00369769 -0.00656363 -0.00625461 -0.0072515 0 0 0 0 0 0 2.08333e+10 2.08333e+10 2.08333e+10 
-0.00441537 -0.0090867 -0.00430575 -0.0106105 -0.00266073 -0.010168 0 0 0 0 0 0 2.08333e+10 2.08333e+10 2.08333e+10 
-0.00337346 0.00129358 -0.00144507 0.00124069 -0.00257678 0.00272137 0 0 0 0 0 0 2.08333e+10 2.08333e+10 2.08333e+10 
-0.00337346 0.00129358 -0.00257678 0.00272137 -0.0042989 0.00289364 0 0 0 0 0 0 2.08333e+10 2.08333e+10 2.08333e+10 
-0.00337346 0.00129358 -0.00582842 0.00153916 -0.00456848 -0.00084811 0 0 0 0 0 0 2.08333e+10 2.08333e+10 2.08333e+10 
-0.00337346 0.00129358 -0.0042989 0.00289364 -0.00582842 0.00153916 0 0 0 0 0 0 2.08333e+10 2.08333e+10 2.08333e+10 
-0.00217806 -0.000270429 -0.000313369 -0.000239984 -0.00144507 0.00124069 0 0 0 0 0 0 2.08333e+10 2.08333e+10 2.08333e+10 
-0.00217806 -0.000270429 -0.000982667 -0.00183443 -0.000313369 -0.000239984 0 0 0 0 0 0 2.08333e+10 2.08333e+10 2.08333e+10 
-0.00217806 -0.000270429 -0.00456848 -0.00084811 -0.00239324 -0.00369409 0 0 0 0 0 0 2.08333e+10 2.08333e+10 2.08333e+10 
-0.00217806 -0.000270429 -0.00239324 -0.00369409 -0.000982667 -0.00183443 0 0 0 0 0 0 2.08333e+10 2.08333e+10 2.08333e+10 
-0.00217806 -0.000270429 -0.00144507 0.00124069 -0.00337346 0.00129358 0 0 0 0 0 0 2.08333e+10 2.08333e+10 2.08333e+10 
-0.00217806 -0.000270429 -0.00337346 0.00129358 -0.00456848 -0.00084811 0 0 0 0 0 0 2.08333e+10 2.08333e+10 2.08333e+10 
0.000818336 -0.00172066 -0.000313369 -0.000239984 -0.000982667 -0.00183443 0 0 0 0 0 0 2.08333e+10 2.08333e+10 2.08333e+10 
-0.0121056 -0.0145863 -0.0144796 -0.0149787 -0.0133648 -0.0177646 0 0 0 0 0 0 1.04167e+10 1.04167e+10 1.04167e+10 
-0.0121056 -0.0145863 -0.0133648 -0.0177646 -0.0113692 -0.0172653 0 0 0 0 0 0 1.04167e+10 1.04167e+10 1.04167e+10 
-0.0121056 -0.0145863 -0.0113692 -0.0172653 -0.00978155 -0.0147626 0 0 0 0 0 0 1.04167e+10 1.04167e+10 1.04167e+10 
-0.02 -0.012 -0.0183731 -0.0121929 -0.02 -0.0104 0 0 0 0 0 0 1.04167e+10 1.04167e+10 1.04167e+10 
-0.02 -0.012 -0.02 -0.0136 -0.0183731 -0.0121929 0 0 0 0 0 0 1.04167e+10 1.04167e+10 1.04167e+10 
0.00266982 0.0105344 0.00246265 0.0080348 0.00434839 0.0082042 0 0 0 0 0 0 2.60417e+10 2.60417e+10 2.60417e+10 
0.00266982 0.0105344 0.000400697 0.00987116 0.00246265 0.0080348 0 0 0 0 0 0 2.60417e+10 2.60417e+10 2.60417e+10 
-0.0138342 -0.0122723 -0.0164292 -0.0124652 -0.0144796 -0.0149787 0 0 0 0 0 0 1.04167e+10 1.04167e+10 1.04167e+10 
-0.0138342 -0.0122723 -0.0144796 -0.0149787 -0.0121056 -0.0145863 0 0 0 0 0 0 1.04167e+10 1.04167e+10 1.04167e+10 
0.00046716 -0.00646339 -0.00055435 -0.00508586 -0.00132143 -0.00677329 0 0 0 0 0 0 2.08333e+10 2.08333e+10 2.08333e+10 
0.00046716 -0.00646339 -0.00132143 -0.00677329 -0.000274281 -0.00809442 0 0 0 0 0 0 2.08333e+10 2.08333e+10 2.08333e+10 
0.0129349 0.00573124 0.0136324 0.00423073 0.0142219 0.00533937 0 0 0 0 0 0 2.60417e+10 2.60417e+10 2.60417e+10 
0.0129349 0.00573124 0.0120701 0.00431686 0.0136324 0.00423073 0 0 0 0 0 0 2.60417e+10 2.60417e+10 2.60417e+10 
0.0129349 0.00573124 0.0142219 0.00533937 0.0146514 0.00651926 0 0 0 0 0 0 2.60417e+10 2.60417e+10 2.60417e+10 
0.0129349 0.00573124 0.0146514 0.00651926 0.0134755 0.00729847 0 0 0 0 0 0 2.60417e+10 2.60417e+10 2.60417e+10 
0.00544651 -0.00743058 0.00384244 -0.0095419 0.00597478 -0.00983471 0 0 0 0 0 0 3.125e+10 3.125e+10 3.125e+10 
0.00544651 -0.00743058 0.00597478 -0.00983471 0.00805722 -0.00771077 0 0 0 0 0 0 3.125e+10 3.125e+10 3.125e+10 
0.00544651 -0.00743058 0.0036653 -0.00641266 0.00259479 -0.00779191 0 0 0 0 0 0 3.125e+10 3.125e+10 3.125e+10 
0.00544651 -0.00743058 0.00259479 -0.00779191 0.00384244 -0.0095419 0 0 0 0 0 0 3.125e+10 3.125e+10 3.125e+10 
0.00544651 -0.00743058 0.00494082 -0.00513284 0.0036653 -0.00641266 0 0 0 0 0 0 3.125e+10 3.125e+10 3.125e+10 
0.00544651 -0.00743058 0.00805722 -0.00771077 0.00759157 -0.0055582 0 0 0 0 0 0 3.125e+10 3.125e+10 3.125e+10 
0.00544651 -0.00743058 0.00759157 -0.0055582 0.00494082 -0.00513284 0 0 0 0 0 0 3.125e+10 3.125e+10 3.125e+10 
0.00496571 -0.0124319 0.00597478 -0.00983471 0.00384244 -0.0095419 0 0 0 0 0 0 3.125e+10 3.125e+10 3.125e+10 
0.00496571 -0.0124319 0.00754256 -0.0119786 0.00597478 -0.00983471 0 0 0 0 0 0 3.125e+10 3.125e+10 3.125e+10 
0.000775476 -0.00822051 -0.000274281 -0.00809442 0.000216922 -0.00943939 0 0 0 0 0 0 1.04167e+10 1.04167e+10 1.04167e+10 
0.000775476 -0.00822051 0.000216922 -0.00943939 0.00167473 -0.00942186 0 0 0 0 0 0 3.125e+10 3.125e+10 3.125e+10 
0.000775476 -0.00822051 0.00167473 -0.00942186 0.00259479 -0.00779191 0 0 0 0 0 0 3.125e+10 3.125e+10 3.125e+10 
0.000775476 -0.00822051 0.00046716 -0.00646339 -0.000274281 -0.00809442 0 0 0 0 0 0 1.04167e+10 1.04167e+10 1.04167e+10 
-0.0169647 -0.00471957 -0.0167481 -0.00644644 -0.0154725 -0.00456353 0 0 0 0 0 0 2.08333e+10 2.08333e+10 2.08333e+10 
-0.0169647 -0.00471957 -0.0154725 -0.00456353 -0.0171813 -0.00299271 0 0 0 0 0 0 2.08333e+10 2.08333e+10 2.08333e+10 
0.00408622 -0.00411207 0.00494082 -0.00513284 0.00512047 -0.00327675 0 0 0 0 0 0 3.125e+10 3.125e+10 3.125e+10 
-0.0160728 0.00262044 -0.0143135 0.00485254 -0.0166762 0.00456563 0 0 0 0 0 0 1.04167e+10 1.04167e+10 1.04167e+10 
-0.0160728 0.00262044 -0.0149137 0.000673588 -0.0136716 0.0016433 0 0 0 0 0 0 1.04167e+10 1.04167e+10 1.04167e+10 
-0.0160728 0.00262044 -0.0166762 0.00456563 -0.0188003 0.00267149 0 0 0 0 0 0 1.04167e+10 1.04167e+10 1.04167e+10 
-0.0136 -0.02 -0.0133648 -0.0177646 -0.0152 -0.02 0 0 0 0 0 0 1.04167e+10 1.04167e+10 1.04167e+10 
-0.0104 0.02 -0.012 0.02 -0.010978 0.017692 0 0 0 0 0 0 1.04167e+10 1.04167e+10 1.04167e+10 
0.00295465 -0.0120909 0.00384244 -0.0095419 0.00167473 -0.00942186 0 0 0 0 0 0 3.125e+10 3.125e+10 3.125e+10 
0.00295465 -0.0120909 0.00167473 -0.00942186 0.001122 -0.0110306 0 0 0 0 0 0 3.125e+10 3.125e+10 3.125e+10 
0.00295465 -0.0120909 0.00496571 -0.0124319 0.00384244 -0.0095419 0 0 0 0 0 0 3.125e+10 3.125e+10 3.125e+10 
0.00295465 -0.0120909 0.001122 -0.0110306 0.000972971 -0.012715 0 0 0 0 0 0 3.125e+10 3.125e+10 3.125e+10 
0.00295465 -0.0120909 0.00390999 -0.0141088 0.00496571 -0.0124319 0 0 0 0 0 0 3.125e+10 3.125e+10 3.125e+10 
0.0124499 -0.00356879 0.0129225 -0.00545825 0.0145664 -0.00427477 0 0 0 0 0 0 3.125e+10 3.125e+10 3.125e+10 
0.0124499 -0.00356879 0.0131087 -0.00172115 0.0112528 -0.00185305 0 0 0 0 0 0 3.125e+10 3.125e+10 3.125e+10 
0.0124499 -0.00356879 0.0145664 -0.00427477 0.0147041 -0.00205068 0 0 0 0 0 0 3.125e+10 3.125e+10 3.125e+10 
0.0124499 -0.00356879 0.0147041 -0.00205068 0.0131087 -0.00172115 0 0 0 0 0 0 3.125e+10 3.125e+10 3.125e+10 
0.0124499 -0.00356879 0.0104574 -0.00602138 0.0129225 -0.00545825 0 0 0 0 0 0 3.125e+10 3.125e+10 3.125e+10 
0.000602293 -0.0155449 0.00147824 -0.0164162 0.00242783 -0.0154824 0 0 0 0 0 0 3.125e+10 3.125e+10 3.125e+10 
0.000602293 -0.0155449 -6.79242e-06 -0.0144656 -0.000829299 -0.0171358 0 0 0 0 0 0 1.04167e+10 1.04167e+10 1.04167e+10 
0.0182049 -0.0041416 0.0169907 -0.00493919 0.0183802 -0.00546681 0 0 0 0 0 0 3.125e+10 3.125e+10 3.125e+10 
0.0182049 -0.0041416 0.0177966 -0.00307982 0.0169907 -0.00493919 0 0 0 0 0 0 3.125e+10 3.125e+10 3.125e+10 
0.0182049 -0.0041416 0.0183802 -0.00546681 0.02 -0.004 0 0 0 0 0 0 1.04167e+10 1.04167e+10 1.04167e+10 
0.0182049 -0.0041416 0.02 -0.004 0.0177966 -0.00307982 0 0 0 0 0 0 1.04167e+10 1.04167e+10 1.04167e+10 
0.0182831 -0.00675677 0.02 -0.0072 0.02 -0.0056 0 0 0 0 0 0 1.04167e+10 1.04167e+10 1.04167e+10 
0.0182831 -0.00675677 0.02 -0.0056 0.0183802 -0.00546681 0 0 0 0 0 0 1.04167e+10 1.04167e+10 1.04167e+10 
0.0182831 -0.00675677 0.0179469 -0.0081045 0.02 -0.0072 0 0 0 0 0 0 1.04167e+10 1.04167e+10 1.04167e+10 
0.0182831 -0.00675677 0.0183802 -0.00546681 0.0169197 -0.0067738 0 0 0 0 0 0 3.125e+10 3.125e+10 3.125e+10 
0.0182831 -0.00675677 0.0169197 -0.0067738 0.0179469 -0.0081045 0 0 0 0 0 0 3.125e+10 3.125e+10 3.125e+10 
0.00693279 0.012546 0.0101722 0.0128346 0.00809528 0.0142651 0 0 0 0 0 0 2.60417e+10 2.60417e+10 2.60417e+10 
0.00693279 0.012546 0.0089939 0.0111168 0.0101722 0.0128346 0 0 0 0 0 0 2.60417e+10 2.60417e+10 2.60417e+10 
0.00693279 0.012546 0.00686843 0.0106146 0.0089939 0.0111168 0 0 0 0 0 0 2.60417e+10 2.60417e+10 2.60417e+10 
0.00693279 0.012546 0.00809528 0.0142651 0.00560336 0.0146528 0 0 0 0 0 0 2.60417e+10 2.60417e+10 2.60417e+10 
0.00693279 0.012546 0.00560336 0.0146528 0.00443521 0.012316 0 0 0 0 0 0 2.60417e+10 2.60417e+10 2.60417e+10 
0.00693279 0.012546 0.00443521 0.012316 0.00686843 0.0106146 0 0 0 0 0 0 2.60417e+10 2.60417e+10 2.60417e+10 
0.0012086 -0.00483236 -0.00055435 -0.00508586 0.00046716 -0.00646339 0 0 0 0 0 0 2.08333e+10 2.08333e+10 2.08333e+10 
0.0012086 -0.00483236 0.00046716 -0.00646339 0.00226249 -0.00599714 0 0 0 0 0 0 1.04167e+10 1.04167e+10 1.04167e+10 
0.017671 -0.0145882 0.0187863 -0.0172033 0.02 -0.0152 0 0 0 0 0 0 1.04167e+10 1.04167e+10 1.04167e+10 
-0.0109052 0.0126934 -0.0122475 0.00964226 -0.00966359 0.0103802 0 0 0 0 0 0 1.04167e+10 1.04167e+10 1.04167e+10 
-0.0109052 0.0126934 -0.0139055 0.0121628 -0.0122475 0.00964226 0 0 0 0 0 0 1.04167e+10 1.04167e+10 1.04167e+10 
-0.0109052 0.0126934 -0.00966359 0.0103802 -0.00911948 0.0124555 0 0 0 0 0 0 1.04167e+10 1.04167e+10 1.04167e+10 
-0.0109052 0.0126934 -0.0121205 0.0147111 -0.0139055 0.0121628 0 0 0 0 0 0 1.04167e+10 1.04167e+10 1.04167e+10 
-0.0109052 0.0126934 -0.00911948 0.0124555 -0.00950399 0.0150225 0 0 0 0 0 0 1.04167e+10 1.04167e+10 1.04167e+10 
-0.0109052 0.0126934 -0.00950399 0.0150225 -0.0121205 0.0147111 0 0 0 0 0 0 1.04167e+10 1.04167e+10 1.04167e+10 
-0.00595076 -0.0110531 -0.00441537 -0.0090867 -0.00674223 -0.00971268 0 0 0 0 0 0 2.08333e+10 2.08333e+10 2.08333e+10 
-0.00595076 -0.0110531 -0.00430575 -0.0106105 -0.00441537 -0.0090867 0 0 0 0 0 0 2.08333e+10 2.08333e+10 2.08333e+10 
0.0149124 0.0102526 0.0146514 0.0114807 0.013499 0.0105946 0 0 0 0 0 0 2.60417e+10 2.60417e+10 2.60417e+10 
0.0149124 0.0102526 0.013499 0.0105946 0.0136665 0.00894525 0 0 0 0 0 0 2.60417e+10 2.60417e+10 2.60417e+10 
0.0149124 0.0102526 0.0136665 0.00894525 0.015 0.009 0 0 0 0 0 0 2.60417e+10 2.60417e+10 2.60417e+10 
-0.02 0.004 -0.0166762 0.00456563 -0.02 0.0056 0 0 0 0 0 0 1.04167e+10 1.04167e+10 1.04167e+10 
-0.02 0.004 -0.0188003 0.00267149 -0.0166762 0.00456563 0 0 0 0 0 0 1.04167e+10 1.04167e+10 1.04167e+10 
-0.0170168 0.0148792 -0.02 0.0136 -0.0188031 0.0120672 0 0 0 0 0 0 1.04167e+10 1.04167e+10 1.04167e+10 
-0.0170168 0.0148792 -0.0188031 0.0120672 -0.0159771 0.0127401 0 0 0 0 0 0 1.04167e+10 1.04167e+10 1.04167e+10 
-0.0170168 0.0148792 -0.0159771 0.0127401 -0.0147713 0.0153401 0 0 0 0 0 0 1.04167e+10 1.04167e+10 1.04167e+10 
0.0115993 0.00812884 0.0129349 0.00573124 0.0134755 0.00729847 0 0 0 0 0 0 2.60417e+10 2.60417e+10 2.60417e+10 
0.0115993 0.00812884 0.0136665 0.00894525 0.0114228 0.0106446 0 0 0 0 0 0 2.60417e+10 2.60417e+10 2.60417e+10 
0.0115993 0.00812884 0.0134755 0.00729847 0.0136665 0.00894525 0 0 0 0 0 0 2.60417e+10 2.60417e+10 2.60417e+10 
0.0152546 -0.0125659 0.0145012 -0.0113952 0.0132522 -0.0126923 0 0 0 0 0 0 3.125e+10 3.125e+10 3.125e+10 
0.0152546 -0.0125659 0.0132522 -0.0126923 0.0143345 -0.0135058 0 0 0 0 0 0 3.125e+10 3.125e+10 3.125e+10 
0.0152546 -0.0125659 0.0160773 -0.0115704 0.0145012 -0.0113952 0 0 0 0 0 0 3.125e+10 3.125e+10 3.125e+10 
-0.0140046 0.00766116 -0.0162285 0.00731717 -0.0143135 0.00485254 0 0 0 0 0 0 1.04167e+10 1.04167e+10 1.04167e+10 
-0.0140046 0.00766116 -0.0110259 0.00718418 -0.0122475 0.00964226 0 0 0 0 0 0 1.04167e+10 1.04167e+10 1.04167e+10 
-0.0140046 0.00766116 -0.0122475 0.00964226 -0.0147194 0.00981474 0 0 0 0 0 0 1.04167e+10 1.04167e+10 1.04167e+10 
-0.0140046 0.00766116 -0.0147194 0.00981474 -0.0162285 0.00731717 0 0 0 0 0 0 1.04167e+10 1.04167e+10 1.04167e+10 
-0.0140046 0.00766116 -0.0123728 0.00494443 -0.0110259 0.00718418 0 0 0 0 0 0 1.04167e+10 1.04167e+10 1.04167e+10 
-0.0140046 0.00766116 -0.0143135 0.00485254 -0.0123728 0.00494443 0 0 0 0 0 0 1.04167e+10 1.04167e+10 1.04167e+10 
-0.00898719 0.0174135 -0.010978 0.017692 -0.00950399 0.0150225 0 0 0 0 0 0 1.04167e+10 1.04167e+10 1.04167e+10 
-0.00898719 0.0174135 -0.0063863 0.0174423 -0.0072 0.02 0 0 0 0 0 0 1.04167e+10 1.04167e+10 1.04167e+10 
-0.00898719 0.0174135 -0.0104 0.02 -0.010978 0.017692 0 0 0 0 0 0 1.04167e+10 1.04167e+10 1.04167e+10 
0.0133312 -0.0143755 0.0132522 -0.0126923 0.0118397 -0.0138476 0 0 0 0 0 0 3.125e+10 3.125e+10 3.125e+10 
0.0133312 -0.0143755 0.0143345 -0.0135058 0.0132522 -0.0126923 0 0 0 0 0 0 3.125e+10 3.125e+10 3.125e+10 
0.0120222 0.0156883 0.0110049 0.0148077 0.0128944 0.0147851 0 0 0 0 0 0 2.60417e+10 2.60417e+10 2.60417e+10 
0.00646972 0.0166523 0.00756283 0.0178633 0.0063141 0.0179945 0 0 0 0 0 0 2.60417e+10 2.60417e+10 2.60417e+10 
0.00646972 0.0166523 0.00810375 0.0163724 0.00756283 0.0178633 0 0 0 0 0 0 2.60417e+10 2.60417e+10 2.60417e+10 
0.00646972 0.0166523 0.00505924 0.0179507 0.00481373 0.0165743 0 0 0 0 0 0 2.60417e+10 2.60417e+10 2.60417e+10 
0.00646972 0.0166523 0.0063141 0.0179945 0.00505924 0.0179507 0 0 0 0 0 0 2.60417e+10 2.60417e+10 2.60417e+10 
0.00646972 0.0166523 0.00481373 0.0165743 0.00560336 0.0146528 0 0 0 0 0 0 2.60417e+10 2.60417e+10 2.60417e+10 
0.00646972 0.0166523 0.00809528 0.0142651 0.00810375 0.0163724 0 0 0 0 0 0 2.60417e+10 2.60417e+10 2.60417e+10 
0.00646972 0.0166523 0.00560336 0.0146528 0.00809528 0.0142651 0 0 0 0 0 0 2.60417e+10 2.60417e+10 2.60417e+10 
0.0110327 0.0164613 0.00994534 0.0170891 0.00963941 0.0157478 0 0 0 0 0 0 2.60417e+10 2.60417e+10 2.60417e+10 
0.0110327 0.0164613 0.00963941 0.0157478 0.0110049 0.0148077 0 0 0 0 0 0 2.60417e+10 2.60417e+10 2.60417e+10 
0.0110327 0.0164613 0.0110049 0.0148077 0.0120222 0.0156883 0 0 0 0 0 0 2.60417e+10 2.60417e+10 2.60417e+10 
0.00612843 -0.0143704 0.00874582 -0.015562 0.00872408 -0.0134723 0 0 0 0 0 0 3.125e+10 3.125e+10 3.125e+10 
0.00612843 -0.0143704 0.00696444 -0.0161039 0.00874582 -0.015562 0 0 0 0 0 0 3.125e+10 3.125e+10 3.125e+10 
0.00612843 -0.0143704 0.00390999 -0.0141088 0.00528513 -0.0162896 0 0 0 0 0 0 3.125e+10 3.125e+10 3.125e+10 
0.00612843 -0.0143704 0.00528513 -0.0162896 0.00696444 -0.0161039 0 0 0 0 0 0 3.125e+10 3.125e+10 3.125e+10 
0.00612843 -0.0143704 0.00872408 -0.0134723 0.00754256 -0.0119786 0 0 0 0 0 0 3.125e+10 3.125e+10 3.125e+10 
0.00612843 -0.0143704 0.00754256 -0.0119786 0.00496571 -0.0124319 0 0 0 0 0 0 3.125e+10 3.125e+10 3.125e+10 
0.00612843 -0.0143704 0.00496571 -0.0124319 0.00390999 -0.0141088 0 0 0 0 0 0 3.125e+10 3.125e+10 3.125e+10 
-0.0164892 0.0175984 -0.0140665 0.0176528 -0.0152 0.02 0 0 0 0 0 0 1.04167e+10 1.04167e+10 1.04167e+10 
-0.0164892 0.0175984 -0.0147713 0.0153401 -0.0140665 0.0176528 0 0 0 0 0 0 1.04167e+10 1.04167e+10 1.04167e+10 
-0.0164892 0.0175984 -0.0170168 0.0148792 -0.0147713 0.0153401 0 0 0 0 0 0 1.04167e+10 1.04167e+10 1.04167e+10 
0.00133318 0.0122143 -0.00124767 0.0114998 0.000400697 0.00987116 0 0 0 0 0 0 2.60417e+10 2.60417e+10 2.60417e+10 
0.00133318 0.0122143 -0.000540845 0.0129994 -0.00124767 0.0114998 0 0 0 0 0 0 2.60417e+10 2.60417e+10 2.60417e+10 
0.00133318 0.0122143 0.000400697 0.00987116 0.00266982 0.0105344 0 0 0 0 0 0 2.60417e+10 2.60417e+10 2.60417e+10 
0.00133318 0.0122143 0.000471827 0.014312 -0.000540845 0.0129994 0 0 0 0 0 0 2.60417e+10 2.60417e+10 2.60417e+10 
0.00133318 0.0122143 0.00318999 0.0139209 0.000471827 0.014312 0 0 0 0 0 0 2.60417e+10 2.60417e+10 2.60417e+10 
0.00133318 0.0122143 0.00443521 0.012316 0.00318999 0.0139209 0 0 0 0 0 0 2.60417e+10 2.60417e+10 2.60417e+10 
0.00133318 0.0122143 0.00266982 0.0105344 0.00443521 0.012316 0 0 0 0 0 0 2.60417e+10 2.60417e+10 2.60417e+10 
-0.02 0.0024 -0.02 0.0008 -0.0188003 0.00267149 0 0 0 0 0 0 1.04167e+10 1.04167e+10 1.04167e+10 
-0.02 0.0024 -0.0188003 0.00267149 -0.02 0.004 0 0 0 0 0 0 1.04167e+10 1.04167e+10 1.04167e+10 
-0.00699594 0.0150842 -0.00911948 0.0124555 -0.00579934 0.0126819 0 0 0 0 0 0 1.04167e+10 1.04167e+10 1.04167e+10 
-0.00699594 0.0150842 -0.00950399 0.0150225 -0.00911948 0.0124555 0 0 0 0 0 0 1.04167e+10 1.04167e+10 1.04167e+10 
-0.00699594 0.0150842 -0.00579934 0.0126819 -0.00483305 0.0152886 0 0 0 0 0 0 1.04167e+10 1.04167e+10 1.04167e+10 
-0.00699594 0.0150842 -0.00483305 0.0152886 -0.0063863 0.0174423 0 0 0 0 0 0 1.04167e+10 1.04167e+10 1.04167e+10 
-0.00699594 0.0150842 -0.00898719 0.0174135 -0.00950399 0.0150225 0 0 0 0 0 0 1.04167e+10 1.04167e+10 1.04167e+10 
-0.00699594 0.0150842 -0.0063863 0.0174423 -0.00898719 0.0174135 0 0 0 0 0 0 1.04167e+10 1.04167e+10 1.04167e+10 
0.0144796 -0.00785586 0.0150382 -0.00542782 0.0129225 -0.00545825 0 0 0 0 0 0 3.125e+10 3.125e+10 3.125e+10 
0.0144796 -0.00785586 0.0129225 -0.00545825 0.0120252 -0.00816529 0 0 0 0 0 0 3.125e+10 3.125e+10 3.125e+10 
0.0144796 -0.00785586 0.0155389 -0.010006 0.0164152 -0.0083742 0 0 0 0 0 0 3.125e+10 3.125e+10 3.125e+10 
0.0144796 -0.00785586 0.0130796 -0.00997678 0.0155389 -0.010006 0 0 0 0 0 0 3.125e+10 3.125e+10 3.125e+10 
0.0144796 -0.00785586 0.0120252 -0.00816529 0.0130796 -0.00997678 0 0 0 0 0 0 3.125e+10 3.125e+10 3.125e+10 
0.0144796 -0.00785586 0.0169197 -0.0067738 0.0150382 -0.00542782 0 0 0 0 0 0 3.125e+10 3.125e+10 3.125e+10 
0.0144796 -0.00785586 0.0164152 -0.0083742 0.0169197 -0.0067738 0 0 0 0 0 0 3.125e+10 3.125e+10 3.125e+10 
0.0149124 0.00774744 0.015 0.009 0.0136665 0.00894525 0 0 0 0 0 0 2.60417e+10 2.60417e+10 2.60417e+10 
0.0149124 0.00774744 0.0136665 0.00894525 0.0134755 0.00729847 0 0 0 0 0 0 2.60417e+10 2.60417e+10 2.60417e+10 
0.0149124 0.00774744 0.0134755 0.00729847 0.0146514 0.00651926 0 0 0 0 0 0 2.60417e+10 2.60417e+10 2.60417e+10 
0.00312858 -0.0050236 0.00226249 -0.00599714 0.0036653 -0.00641266 0 0 0 0 0 0 3.125e+10 3.125e+10 3.125e+10 
0.00312858 -0.0050236 0.0036653 -0.00641266 0.00494082 -0.00513284 0 0 0 0 0 0 3.125e+10 3.125e+10 3.125e+10 
0.00312858 -0.0050236 0.00494082 -0.00513284 0.00408622 -0.00411207 0 0 0 0 0 0 3.125e+10 3.125e+10 3.125e+10 
0.00312858 -0.0050236 0.0012086 -0.00483236 0.00226249 -0.00599714 0 0 0 0 0 0 1.04167e+10 1.04167e+10 1.04167e+10 
0.00312858 -0.0050236 0.00408622 -0.00411207 0.00195004 -0.00320133 0 0 0 0 0 0 1.04167e+10 1.04167e+10 1.04167e+10 
0.00312858 -0.0050236 0.00195004 -0.00320133 0.0012086 -0.00483236 0 0 0 0 0 0 1.04167e+10 1.04167e+10 1.04167e+10 
-0.0168 0.02 -0.0164892 0.0175984 -0.0152 0.02 0 0 0 0 0 0 1.04167e+10 1.04167e+10 1.04167e+10 
-0.0168 0.02 -0.0184 0.02 -0.0164892 0.0175984 0 0 0 0 0 0 1.04167e+10 1.04167e+10 1.04167e+10 
0.0037921 -0.0161097 0.00363369 -0.0173769 0.00478342 -0.0175314 0 0 0 0 0 0 3.125e+10 3.125e+10 3.125e+10 
0.0037921 -0.0161097 0.00478342 -0.0175314 0.00528513 -0.0162896 0 0 0 0 0 0 3.125e+10 3.125e+10 3.125e+10 
0.0037921 -0.0161097 0.00242783 -0.0154824 0.00247191 -0.0169996 0 0 0 0 0 0 3.125e+10 3.125e+10 3.125e+10 
0.0037921 -0.0161097 0.00247191 -0.0169996 0.00363369 -0.0173769 0 0 0 0 0 0 3.125e+10 3.125e+10 3.125e+10 
0.0037921 -0.0161097 0.00390999 -0.0141088 0.00242783 -0.0154824 0 0 0 0 0 0 3.125e+10 3.125e+10 3.125e+10 
0.0037921 -0.0161097 0.00528513 -0.0162896 0.00390999 -0.0141088 0 0 0 0 0 0 3.125e+10 3.125e+10 3.125e+10 
0.00621521 -0.00253067 0.00637233 -0.00400163 0.00790483 -0.00306251 0 0 0 0 0 0 3.125e+10 3.125e+10 3.125e+10 
0.00621521 -0.00253067 0.00790483 -0.00306251 0.00735338 -0.00188546 0 0 0 0 0 0 3.125e+10 3.125e+10 3.125e+10 
0.00621521 -0.00253067 0.00512047 -0.00327675 0.00637233 -0.00400163 0 0 0 0 0 0 3.125e+10 3.125e+10 3.125e+10 
0.00621521 -0.00253067 0.00735338 -0.00188546 0.0063141 5.48256e-06 0 0 0 0 0 0 1.04167e+10 1.04167e+10 1.04167e+10 
-0.0159773 -0.0172389 -0.0168 -0.02 -0.0152 -0.02 0 0 0 0 0 0 1.04167e+10 1.04167e+10 1.04167e+10 
-0.0159773 -0.0172389 -0.0184273 -0.0175924 -0.0168 -0.02 0 0 0 0 0 0 1.04167e+10 1.04167e+10 1.04167e+10 
-0.0159773 -0.0172389 -0.0152 -0.02 -0.0133648 -0.0177646 0 0 0 0 0 0 1.04167e+10 1.04167e+10 1.04167e+10 
-0.0159773 -0.0172389 -0.0133648 -0.0177646 -0.0144796 -0.0149787 0 0 0 0 0 0 1.04167e+10 1.04167e+10 1.04167e+10 
0.000212728 -0.00339844 -0.00239324 -0.00369409 -0.00055435 -0.00508586 0 0 0 0 0 0 2.08333e+10 2.08333e+10 2.08333e+10 
0.000212728 -0.00339844 -0.000982667 -0.00183443 -0.00239324 -0.00369409 0 0 0 0 0 0 2.08333e+10 2.08333e+10 2.08333e+10 
0.000212728 -0.00339844 0.000818336 -0.00172066 -0.000982667 -0.00183443 0 0 0 0 0 0 2.08333e+10 2.08333e+10 2.08333e+10 
0.000212728 -0.00339844 -0.00055435 -0.00508586 0.0012086 -0.00483236 0 0 0 0 0 0 2.08333e+10 2.08333e+10 2.08333e+10 
0.000212728 -0.00339844 0.00195004 -0.00320133 0.000818336 -0.00172066 0 0 0 0 0 0 2.08333e+10 2.08333e+10 2.08333e+10 
0.000212728 -0.00339844 0.0012086 -0.00483236 0.00195004 -0.00320133 0 0 0 0 0 0 2.08333e+10 2.08333e+10 2.08333e+10 
0.0186259 0.00222853 0.0180066 -0.000401744 0.02 0.0008 0 0 0 0 0 0 1.04167e+10 1.04167e+10 1.04167e+10 
0.0186259 0.00222853 0.02 0.0008 0.02 0.0024 0 0 0 0 0 0 1.04167e+10 1.04167e+10 1.04167e+10 
0.0186259 0.00222853 0.018219 0.00499335 0.0165163 0.00231483 0 0 0 0 0 0 1.04167e+10 1.04167e+10 1.04167e+10 
-0.0170014 -0.0151785 -0.0144796 -0.0149787 -0.0164292 -0.0124652 0 0 0 0 0 0 1.04167e+10 1.04167e+10 1.04167e+10 
-0.0170014 -0.0151785 -0.0159773 -0.0172389 -0.0144796 -0.0149787 0 0 0 0 0 0 1.04167e+10 1.04167e+10 1.04167e+10 
-0.0170014 -0.0151785 -0.0164292 -0.0124652 -0.0183731 -0.0121929 0 0 0 0 0 0 1.04167e+10 1.04167e+10 1.04167e+10 
-0.0170014 -0.0151785 -0.02 -0.0152 -0.0184273 -0.0175924 0 0 0 0 0 0 1.04167e+10 1.04167e+10 1.04167e+10 
-0.0170014 -0.0151785 -0.0184273 -0.0175924 -0.0159773 -0.0172389 0 0 0 0 0 0 1.04167e+10 1.04167e+10 1.04167e+10 
-0.0170014 -0.0151785 -0.02 -0.0136 -0.02 -0.0152 0 0 0 0 0 0 1.04167e+10 1.04167e+10 1.04167e+10 
-0.0170014 -0.0151785 -0.0183731 -0.0121929 -0.02 -0.0136 0 0 0 0 0 0 1.04167e+10 1.04167e+10 1.04167e+10 
0.0122603 -0.0151613 0.0103181 -0.0148165 0.0111386 -0.0158511 0 0 0 0 0 0 3.125e+10 3.125e+10 3.125e+10 
0.0122603 -0.0151613 0.0118397 -0.0138476 0.0103181 -0.0148165 0 0 0 0 0 0 3.125e+10 3.125e+10 3.125e+10 
0.0122603 -0.0151613 0.0133312 -0.0143755 0.0118397 -0.0138476 0 0 0 0 0 0 3.125e+10 3.125e+10 3.125e+10 
0.00470568 0.00144338 0.0038227 0.000267338 0.00505924 4.93029e-05 0 0 0 0 0 0 2.60417e+10 2.60417e+10 2.60417e+10 
0.00470568 0.00144338 0.00311149 0.00189829 0.0038227 0.000267338 0 0 0 0 0 0 2.60417e+10 2.60417e+10 2.60417e+10 
0.00470568 0.00144338 0.00505924 4.93029e-05 0.00636039 0.00134181 0 0 0 0 0 0 2.60417e+10 2.60417e+10 2.60417e+10 
0.00470568 0.00144338 0.00639664 0.00334723 0.00390472 0.00373493 0 0 0 0 0 0 2.60417e+10 2.60417e+10 2.60417e+10 
0.00470568 0.00144338 0.00636039 0.00134181 0.00639664 0.00334723 0 0 0 0 0 0 2.60417e+10 2.60417e+10 2.60417e+10 
0.00470568 0.00144338 0.00390472 0.00373493 0.00311149 0.00189829 0 0 0 0 0 0 2.60417e+10 2.60417e+10 2.60417e+10 
-0.00297808 0.00962781 -0.00161561 0.00988332 -0.00280333 0.0108712 0 0 0 0 0 0 2.60417e+10 2.60417e+10 2.60417e+10 
-0.00297808 0.00962781 -0.00162745 0.00822554 -0.00161561 0.00988332 0 0 0 0 0 0 2.60417e+10 2.60417e+10 2.60417e+10 
-0.00297808 0.00962781 -0.00297808 0.00837219 -0.00162745 0.00822554 0 0 0 0 0 0 2.60417e+10 2.60417e+10 2.60417e+10 
0.00150146 -0.00701749 0.00259479 -0.00779191 0.00226249 -0.00599714 0 0 0 0 0 0 3.125e+10 3.125e+10 3.125e+10 
0.00150146 -0.00701749 0.00226249 -0.00599714 0.00046716 -0.00646339 0 0 0 0 0 0 1.04167e+10 1.04167e+10 1.04167e+10 
0.00150146 -0.00701749 0.000775476 -0.00822051 0.00259479 -0.00779191 0 0 0 0 0 0 3.125e+10 3.125e+10 3.125e+10 
0.00150146 -0.00701749 0.00046716 -0.00646339 0.000775476 -0.00822051 0 0 0 0 0 0 1.04167e+10 1.04167e+10 1.04167e+10 
-0.0110932 -0.00929341 -0.0106989 -0.0111852 -0.00906909 -0.0103387 0 0 0 0 0 0 2.08333e+10 2.08333e+10 2.08333e+10 
-0.0110932 -0.00929341 -0.0121571 -0.0104322 -0.0106989 -0.0111852 0 0 0 0 0 0 2.08333e+10 2.08333e+10 2.08333e+10 
-0.0110932 -0.00929341 -0.00906909 -0.0103387 -0.00881153 -0.00793937 0 0 0 0 0 0 2.08333e+10 2.08333e+10 2.08333e+10 
-0.0110932 -0.00929341 -0.0131173 -0.00824817 -0.0121571 -0.0104322 0 0 0 0 0 0 2.08333e+10 2.08333e+10 2.08333e+10 
-0.0110932 -0.00929341 -0.00881153 -0.00793937 -0.0130564 -0.00574735 0 0 0 0 0 0 2.08333e+10 2.08333e+10 2.08333e+10 
-0.0110932 -0.00929341 -0.0130564 -0.00574735 -0.0131173 -0.00824817 0 0 0 0 0 0 2.08333e+10 2.08333e+10 2.08333e+10 
0.00860456 0.00641916 0.00780394 0.00867302 0.00624647 0.00718331 0 0 0 0 0 0 2.60417e+10 2.60417e+10 2.60417e+10 
0.00860456 0.00641916 0.00633628 0.00534879 0.00881001 0.00407913 0 0 0 0 0 0 2.60417e+10 2.60417e+10 2.60417e+10 
0.00860456 0.00641916 0.00624647 0.00718331 0.00633628 0.00534879 0 0 0 0 0 0 2.60417e+10 2.60417e+10 2.60417e+10 
0.0167116 -0.0177465 0.0168 -0.02 0.0184 -0.02 0 0 0 0 0 0 1.04167e+10 1.04167e+10 1.04167e+10 
0.0167116 -0.0177465 0.0184 -0.02 0.0187863 -0.0172033 0 0 0 0 0 0 1.04167e+10 1.04167e+10 1.04167e+10 
0.0167116 -0.0177465 0.0152 -0.02 0.0168 -0.02 0 0 0 0 0 0 1.04167e+10 1.04167e+10 1.04167e+10 
0.0167116 -0.0177465 0.0134511 -0.0178423 0.0152 -0.02 0 0 0 0 0 0 1.04167e+10 1.04167e+10 1.04167e+10 
0.0167116 -0.0177465 0.0187863 -0.0172033 0.017671 -0.0145882 0 0 0 0 0 0 1.04167e+10 1.04167e+10 1.04167e+10 
-0.0088 0.02 -0.00898719 0.0174135 -0.0072 0.02 0 0 0 0 0 0 1.04167e+10 1.04167e+10 1.04167e+10 
-0.0088 0.02 -0.0104 0.02 -0.00898719 0.0174135 0 0 0 0 0 0 1.04167e+10 1.04167e+10 1.04167e+10 
-0.00759578 -0.0114956 -0.00906909 -0.0103387 -0.00924079 -0.0119382 0 0 0 0 0 0 2.08333e+10 2.08333e+10 2.08333e+10 
-0.00759578 -0.0114956 -0.00674223 -0.00971268 -0.00906909 -0.0103387 0 0 0 0 0 0 2.08333e+10 2.08333e+10 2.08333e+10 
-0.00759578 -0.0114956 -0.00595076 -0.0110531 -0.00674223 -0.00971268 0 0 0 0 0 0 2.08333e+10 2.08333e+10 2.08333e+10 
-0.00128115 0.00370993 -0.00194653 0.00477476 -0.00257678 0.00272137 0 0 0 0 0 0 1.04167e+10 1.04167e+10 1.04167e+10 
-0.00128115 0.00370993 0.000396526 0.00376752 -0.000597296 0.00509443 0 0 0 0 0 0 2.60417e+10 2.60417e+10 2.60417e+10 
-0.00128115 0.00370993 -0.000597296 0.00509443 -0.00194653 0.00477476 0 0 0 0 0 0 2.60417e+10 2.60417e+10 2.60417e+10 
-0.0151415 -0.00720292 -0.0130564 -0.00574735 -0.0154725 -0.00456353 0 0 0 0 0 0 2.08333e+10 2.08333e+10 2.08333e+10 
-0.0151415 -0.00720292 -0.0154725 -0.00456353 -0.0167481 -0.00644644 0 0 0 0 0 0 2.08333e+10 2.08333e+10 2.08333e+10 
-0.0151415 -0.00720292 -0.0150734 -0.00892628 -0.0131173 -0.00824817 0 0 0 0 0 0 2.08333e+10 2.08333e+10 2.08333e+10 
-0.0151415 -0.00720292 -0.0131173 -0.00824817 -0.0130564 -0.00574735 0 0 0 0 0 0 2.08333e+10 2.08333e+10 2.08333e+10 
-0.0151415 -0.00720292 -0.0165315 -0.0081733 -0.0150734 -0.00892628 0 0 0 0 0 0 2.08333e+10 2.08333e+10 2.08333e+10 
-0.0151415 -0.00720292 -0.0167481 -0.00644644 -0.0165315 -0.0081733 0 0 0 0 0 0 2.08333e+10 2.08333e+10 2.08333e+10 
-0.00946527 0.00341046 -0.0111874 0.00358274 -0.0107383 0.00203033 0 0 0 0 0 0 2.08333e+10 2.08333e+10 2.08333e+10 
-0.00946527 0.00341046 -0.0107383 0.00203033 -0.00828337 0.00178474 0 0 0 0 0 0 2.08333e+10 2.08333e+10 2.08333e+10 
-0.00946527 0.00341046 -0.00828337 0.00178474 -0.00774315 0.00323819 0 0 0 0 0 0 2.08333e+10 2.08333e+10 2.08333e+10 
-0.0072 -0.02 -0.00891945 -0.0174528 -0.0088 -0.02 0 0 0 0 0 0 1.04167e+10 1.04167e+10 1.04167e+10 
-0.0072 -0.02 -0.00624478 -0.0173872 -0.00891945 -0.0174528 0 0 0 0 0 0 1.04167e+10 1.04167e+10 1.04167e+10 
-0.0072 -0.02 -0.0056 -0.02 -0.00624478 -0.0173872 0 0 0 0 0 0 1.04167e+10 1.04167e+10 1.04167e+10 
0.00995105 -0.0042098 0.00790483 -0.00306251 0.00759157 -0.0055582 0 0 0 0 0 0 3.125e+10 3.125e+10 3.125e+10 
0.00995105 -0.0042098 0.00759157 -0.0055582 0.0104574 -0.00602138 0 0 0 0 0 0 3.125e+10 3.125e+10 3.125e+10 
0.00995105 -0.0042098 0.0094794 -0.00235156 0.00790483 -0.00306251 0 0 0 0 0 0 3.125e+10 3.125e+10 3.125e+10 
0.00995105 -0.0042098 0.0104574 -0.00602138 0.0124499 -0.00356879 0 0 0 0 0 0 3.125e+10 3.125e+10 3.125e+10 
0.00995105 -0.0042098 0.0112528 -0.00185305 0.0094794 -0.00235156 0 0 0 0 0 0 3.125e+10 3.125e+10 3.125e+10 
0.00995105 -0.0042098 0.0124499 -0.00356879 0.0112528 -0.00185305 0 0 0 0 0 0 3.125e+10 3.125e+10 3.125e+10 
0.015363 -0.0153823 0.0167116 -0.0177465 0.017671 -0.0145882 0 0 0 0 0 0 1.04167e+10 1.04167e+10 1.04167e+10 
0.02 0.004 0.02 0.0056 0.018219 0.00499335 0 0 0 0 0 0 1.04167e+10 1.04167e+10 1.04167e+10 
0.02 0.004 0.0186259 0.00222853 0.02 0.0024 0 0 0 0 0 0 1.04167e+10 1.04167e+10 1.04167e+10 
0.02 0.004 0.018219 0.00499335 0.0186259 0.00222853 0 0 0 0 0 0 1.04167e+10 1.04167e+10 1.04167e+10 
0.00165236 0.00268527 0.000396526 0.00376752 0.000459047 0.0019079 0 0 0 0 0 0 2.60417e+10 2.60417e+10 2.60417e+10 
0.00165236 0.00268527 0.00311149 0.00189829 0.00390472 0.00373493 0 0 0 0 0 0 2.60417e+10 2.60417e+10 2.60417e+10 
0.00165236 0.00268527 0.000459047 0.0019079 0.0015 0.00120577 0 0 0 0 0 0 2.60417e+10 2.60417e+10 2.60417e+10 
0.00165236 0.00268527 0.0015 0.00120577 0.00311149 0.00189829 0 0 0 0 0 0 2.60417e+10 2.60417e+10 2.60417e+10 
0.0110327 0.00153866 0.0124528 -0.000460233 0.0120222 0.0023117 0 0 0 0 0 0 1.04167e+10 1.04167e+10 1.04167e+10 
0.0110327 0.00153866 0.0111763 -0.000588001 0.0124528 -0.000460233 0 0 0 0 0 0 1.04167e+10 1.04167e+10 1.04167e+10 
0.0110327 0.00153866 0.00994534 0.000910854 0.0111763 -0.000588001 0 0 0 0 0 0 1.04167e+10 1.04167e+10 1.04167e+10 
0.02 -0.0136 0.017671 -0.0145882 0.02 -0.0152 0 0 0 0 0 0 1.04167e+10 1.04167e+10 1.04167e+10 
0.00140351 -0.0143061 0.00242783 -0.0154824 0.00390999 -0.0141088 0 0 0 0 0 0 3.125e+10 3.125e+10 3.125e+10 
0.00140351 -0.0143061 0.00295465 -0.0120909 0.000972971 -0.012715 0 0 0 0 0 0 3.125e+10 3.125e+10 3.125e+10 
0.00140351 -0.0143061 0.00390999 -0.0141088 0.00295465 -0.0120909 0 0 0 0 0 0 3.125e+10 3.125e+10 3.125e+10 
0.00140351 -0.0143061 -0.000310621 -0.0133446 -6.79242e-06 -0.0144656 0 0 0 0 0 0 3.125e+10 3.125e+10 3.125e+10 
0.00140351 -0.0143061 0.000972971 -0.012715 -0.000310621 -0.0133446 0 0 0 0 0 0 3.125e+10 3.125e+10 3.125e+10 
0.00140351 -0.0143061 0.000602293 -0.0155449 0.00242783 -0.0154824 0 0 0 0 0 0 3.125e+10 3.125e+10 3.125e+10 
0.00140351 -0.0143061 -6.79242e-06 -0.0144656 0.000602293 -0.0155449 0 0 0 0 0 0 3.125e+10 3.125e+10 3.125e+10 
-0.012 -0.02 -0.0104 -0.02 -0.0113692 -0.0172653 0 0 0 0 0 0 1.04167e+10 1.04167e+10 1.04167e+10 
-0.012 -0.02 -0.0113692 -0.0172653 -0.0133648 -0.0177646 0 0 0 0 0 0 1.04167e+10 1.04167e+10 1.04167e+10 
-0.012 -0.02 -0.0133648 -0.0177646 -0.0136 -0.02 0 0 0 0 0 0 1.04167e+10 1.04167e+10 1.04167e+10 
0.0180102 0.0152941 0.0188438 0.0125262 0.02 0.0136 0 0 0 0 0 0 1.04167e+10 1.04167e+10 1.04167e+10 
0.0180102 0.0152941 0.02 0.0136 0.02 0.0152 0 0 0 0 0 0 1.04167e+10 1.04167e+10 1.04167e+10 
0.0180102 0.0152941 0.0189027 0.0170678 0.0164481 0.0173355 0 0 0 0 0 0 1.04167e+10 1.04167e+10 1.04167e+10 
0.0180102 0.0152941 0.0164481 0.0173355 0.0151878 0.0152435 0 0 0 0 0 0 1.04167e+10 1.04167e+10 1.04167e+10 
0.0180102 0.0152941 0.02 0.0152 0.0189027 0.0170678 0 0 0 0 0 0 1.04167e+10 1.04167e+10 1.04167e+10 
0.0189126 -0.0121862 0.017671 -0.0145882 0.02 -0.0136 0 0 0 0 0 0 1.04167e+10 1.04167e+10 1.04167e+10 
0.0189126 -0.0121862 0.02 -0.0136 0.02 -0.012 0 0 0 0 0 0 1.04167e+10 1.04167e+10 1.04167e+10 
-0.02 -0.0184 -0.0184 -0.02 -0.0184273 -0.0175924 0 0 0 0 0 0 1.04167e+10 1.04167e+10 1.04167e+10 
-0.02 -0.0184 -0.02 -0.02 -0.0184 -0.02 0 0 0 0 0 0 1.04167e+10 1.04167e+10 1.04167e+10 
-0.02 -0.0184 -0.0184273 -0.0175924 -0.02 -0.0168 0 0 0 0 0 0 1.04167e+10 1.04167e+10 1.04167e+10 
-0.0188929 0.0172559 -0.0164892 0.0175984 -0.0184 0.02 0 0 0 0 0 0 1.04167e+10 1.04167e+10 1.04167e+10 
-0.0188929 0.0172559 -0.0170168 0.0148792 -0.0164892 0.0175984 0 0 0 0 0 0 1.04167e+10 1.04167e+10 1.04167e+10 
0.00473278 0.0103249 0.006 0.009 0.00686843 0.0106146 0 0 0 0 0 0 2.60417e+10 2.60417e+10 2.60417e+10 
0.00473278 0.0103249 0.00686843 0.0106146 0.00443521 0.012316 0 0 0 0 0 0 2.60417e+10 2.60417e+10 2.60417e+10 
0.00473278 0.0103249 0.00434839 0.0082042 0.006 0.009 0 0 0 0 0 0 2.60417e+10 2.60417e+10 2.60417e+10 
0.00473278 0.0103249 0.00266982 0.0105344 0.00434839 0.0082042 0 0 0 0 0 0 2.60417e+10 2.60417e+10 2.60417e+10 
0.00473278 0.0103249 0.00443521 0.012316 0.00266982 0.0105344 0 0 0 0 0 0 2.60417e+10 2.60417e+10 2.60417e+10 
0.0136 -0.02 0.0134511 -0.0178423 0.012 -0.02 0 0 0 0 0 0 1.04167e+10 1.04167e+10 1.04167e+10 
0.0136 -0.02 0.0152 -0.02 0.0134511 -0.0178423 0 0 0 0 0 0 1.04167e+10 1.04167e+10 1.04167e+10 
-0.0136152 -0.00967925 -0.0121571 -0.0104322 -0.0131173 -0.00824817 0 0 0 0 0 0 2.08333e+10 2.08333e+10 2.08333e+10 
-0.0136152 -0.00967925 -0.0131173 -0.00824817 -0.0150734 -0.00892628 0 0 0 0 0 0 2.08333e+10 2.08333e+10 2.08333e+10 
-0.02 0.0184 -0.0184 0.02 -0.02 0.02 0 0 0 0 0 0 1.04167e+10 1.04167e+10 1.04167e+10 
-0.02 0.0184 -0.0188929 0.0172559 -0.0184 0.02 0 0 0 0 0 0 1.04167e+10 1.04167e+10 1.04167e+10 
-0.02 0.0184 -0.02 0.0168 -0.0188929 0.0172559 0 0 0 0 0 0 1.04167e+10 1.04167e+10 1.04167e+10 
0.0161026 -0.00129994 0.0169915 -0.00199157 0.0180066 -0.000401744 0 0 0 0 0 0 1.04167e+10 1.04167e+10 1.04167e+10 
0.0161026 -0.00129994 0.0150308 -0.00080661 0.0147041 -0.00205068 0 0 0 0 0 0 3.125e+10 3.125e+10 3.125e+10 
0.0161026 -0.00129994 0.016049 -0.00293163 0.0169915 -0.00199157 0 0 0 0 0 0 3.125e+10 3.125e+10 3.125e+10 
0.0161026 -0.00129994 0.0147041 -0.00205068 0.016049 -0.00293163 0 0 0 0 0 0 3.125e+10 3.125e+10 3.125e+10 
-0.02 0.012 -0.02 0.0104 -0.0188031 0.0120672 0 0 0 0 0 0 1.04167e+10 1.04167e+10 1.04167e+10 
-0.02 0.012 -0.0188031 0.0120672 -0.02 0.0136 0 0 0 0 0 0 1.04167e+10 1.04167e+10 1.04167e+10 
0.02 0.0184 0.02 0.02 0.0184 0.02 0 0 0 0 0 0 1.04167e+10 1.04167e+10 1.04167e+10 
0.02 0.0184 0.0184 0.02 0.0189027 0.0170678 0 0 0 0 0 0 1.04167e+10 1.04167e+10 1.04167e+10 
0.0168 0.02 0.0164481 0.0173355 0.0184 0.02 0 0 0 0 0 0 1.04167e+10 1.04167e+10 1.04167e+10 
0.0168 0.02 0.0152 0.02 0.0164481 0.0173355 0 0 0 0 0 0 1.04167e+10 1.04167e+10 1.04167e+10 
0.02 0.0168 0.0189027 0.0170678 0.02 0.0152 0 0 0 0 0 0 1.04167e+10 1.04167e+10 1.04167e+10 
0.02 0.0168 0.02 0.0184 0.0189027 0.0170678 0 0 0 0 0 0 1.04167e+10 1.04167e+10 1.04167e+10 
0.00965414 0.00869714 0.00780394 0.00867302 0.00860456 0.00641916 0 0 0 0 0 0 2.60417e+10 2.60417e+10 2.60417e+10 
0.00965414 0.00869714 0.0089939 0.0111168 0.00780394 0.00867302 0 0 0 0 0 0 2.60417e+10 2.60417e+10 2.60417e+10 
0.00965414 0.00869714 0.0114228 0.0106446 0.0089939 0.0111168 0 0 0 0 0 0 2.60417e+10 2.60417e+10 2.60417e+10 
0.00965414 0.00869714 0.0115993 0.00812884 0.0114228 0.0106446 0 0 0 0 0 0 2.60417e+10 2.60417e+10 2.60417e+10 
-0.02 0.0152 -0.02 0.0136 -0.0170168 0.0148792 0 0 0 0 0 0 1.04167e+10 1.04167e+10 1.04167e+10 
-0.02 0.0152 -0.0170168 0.0148792 -0.0188929 0.0172559 0 0 0 0 0 0 1.04167e+10 1.04167e+10 1.04167e+10 
-0.02 0.0152 -0.0188929 0.0172559 -0.02 0.0168 0 0 0 0 0 0 1.04167e+10 1.04167e+10 1.04167e+10 
0.0109214 0.00312146 0.0128944 0.00321491 0.0120701 0.00431686 0 0 0 0 0 0 2.60417e+10 2.60417e+10 2.60417e+10 
0.0109214 0.00312146 0.0120222 0.0023117 0.0128944 0.00321491 0 0 0 0 0 0 2.60417e+10 2.60417e+10 2.60417e+10 
0.0109214 0.00312146 0.0110327 0.00153866 0.0120222 0.0023117 0 0 0 0 0 0 2.60417e+10 2.60417e+10 2.60417e+10 
0.0106668 0.00578567 0.00860456 0.00641916 0.00881001 0.00407913 0 0 0 0 0 0 2.60417e+10 2.60417e+10 2.60417e+10 
0.0106668 0.00578567 0.0120701 0.00431686 0.0129349 0.00573124 0 0 0 0 0 0 2.60417e+10 2.60417e+10 2.60417e+10 
0.0106668 0.00578567 0.0129349 0.00573124 0.0115993 0.00812884 0 0 0 0 0 0 2.60417e+10 2.60417e+10 2.60417e+10 
0.0106668 0.00578567 0.0109214 0.00312146 0.0120701 0.00431686 0 0 0 0 0 0 2.60417e+10 2.60417e+10 2.60417e+10 
0.0106668 0.00578567 0.00881001 0.00407913 0.0109214 0.00312146 0 0 0 0 0 0 2.60417e+10 2.60417e+10 2.60417e+10 
0.0106668 0.00578567 0.00965414 0.00869714 0.00860456 0.00641916 0 0 0 0 0 0 2.60417e+10 2.60417e+10 2.60417e+10 
0.0106668 0.00578567 0.0115993 0.00812884 0.00965414 0.00869714 0 0 0 0 0 0 2.60417e+10 2.60417e+10 2.60417e+10 
-0.00208851 -0.00846072 -0.00266073 -0.010168 -0.00101572 -0.00972544 0 0 0 0 0 0 2.08333e+10 2.08333e+10 2.08333e+10 
-0.00208851 -0.00846072 -0.00101572 -0.00972544 -0.000274281 -0.00809442 0 0 0 0 0 0 2.08333e+10 2.08333e+10 2.08333e+10 
-0.00208851 -0.00846072 -0.000274281 -0.00809442 -0.00132143 -0.00677329 0 0 0 0 0 0 2.08333e+10 2.08333e+10 2.08333e+10 
-0.00208851 -0.00846072 -0.00132143 -0.00677329 -0.00369769 -0.00656363 0 0 0 0 0 0 2.08333e+10 2.08333e+10 2.08333e+10 
-0.00208851 -0.00846072 -0.00369769 -0.00656363 -0.00441537 -0.0090867 0 0 0 0 0 0 2.08333e+10 2.08333e+10 2.08333e+10 
-0.00208851 -0.00846072 -0.00441537 -0.0090867 -0.00266073 -0.010168 0 0 0 0 0 0 2.08333e+10 2.08333e+10 2.08333e+10 
0.00057722 0.00735544 -0.00128264 0.00660397 -0.000597296 0.00509443 0 0 0 0 0 0 2.60417e+10 2.60417e+10 2.60417e+10 
0.00057722 0.00735544 0.00246265 0.0080348 0.000400697 0.00987116 0 0 0 0 0 0 2.60417e+10 2.60417e+10 2.60417e+10 
0.00057722 0.00735544 0.000400697 0.00987116 -0.00162745 0.00822554 0 0 0 0 0 0 2.60417e+10 2.60417e+10 2.60417e+10 
0.00057722 0.00735544 -0.00162745 0.00822554 -0.00128264 0.00660397 0 0 0 0 0 0 2.60417e+10 2.60417e+10 2.60417e+10 
-0.00919869 0.00536656 -0.00686824 0.00517419 -0.00863478 0.00749337 0 0 0 0 0 0 1.04167e+10 1.04167e+10 1.04167e+10 
-0.00919869 0.00536656 -0.0123728 0.00494443 -0.0111874 0.00358274 0 0 0 0 0 0 1.04167e+10 1.04167e+10 1.04167e+10 
-0.00919869 0.00536656 -0.0110259 0.00718418 -0.0123728 0.00494443 0 0 0 0 0 0 1.04167e+10 1.04167e+10 1.04167e+10 
-0.00919869 0.00536656 -0.00863478 0.00749337 -0.0110259 0.00718418 0 0 0 0 0 0 1.04167e+10 1.04167e+10 1.04167e+10 
-0.00919869 0.00536656 -0.0111874 0.00358274 -0.00946527 0.00341046 0 0 0 0 0 0 1.04167e+10 1.04167e+10 1.04167e+10 
-0.000474058 0.00274807 -0.00257678 0.00272137 -0.00144507 0.00124069 0 0 0 0 0 0 1.04167e+10 1.04167e+10 1.04167e+10 
-0.000474058 0.00274807 -0.00128115 0.00370993 -0.00257678 0.00272137 0 0 0 0 0 0 1.04167e+10 1.04167e+10 1.04167e+10 
-0.000474058 0.00274807 -0.00144507 0.00124069 0.000459047 0.0019079 0 0 0 0 0 0 1.04167e+10 1.04167e+10 1.04167e+10 
-0.000474058 0.00274807 0.000396526 0.00376752 -0.00128115 0.00370993 0 0 0 0 0 0 2.60417e+10 2.60417e+10 2.60417e+10 
-0.000474058 0.00274807 0.000459047 0.0019079 0.000396526 0.00376752 0 0 0 0 0 0 2.60417e+10 2.60417e+10 2.60417e+10 
0.00954267 0.00220094 0.00799825 0.00159833 0.00878115 0.000440491 0 0 0 0 0 0 2.60417e+10 2.60417e+10 2.60417e+10 
0.00954267 0.00220094 0.00878115 0.000440491 0.00994534 0.000910854 0 0 0 0 0 0 2.60417e+10 2.60417e+10 2.60417e+10 
0.00954267 0.00220094 0.00881001 0.00407913 0.00799825 0.00159833 0 0 0 0 0 0 2.60417e+10 2.60417e+10 2.60417e+10 
0.00954267 0.00220094 0.0109214 0.00312146 0.00881001 0.00407913 0 0 0 0 0 0 2.60417e+10 2.60417e+10 2.60417e+10 
0.00954267 0.00220094 0.00994534 0.000910854 0.0110327 0.00153866 0 0 0 0 0 0 2.60417e+10 2.60417e+10 2.60417e+10 
0.00954267 0.00220094 0.0110327 0.00153866 0.0109214 0.00312146 0 0 0 0 0 0 2.60417e+10 2.60417e+10 2.60417e+10 
0.00182779 0.00516545 0.00390472 0.00373493 0.00391065 0.00598685 0 0 0 0 0 0 2.60417e+10 2.60417e+10 2.60417e+10 
0.00182779 0.00516545 0.000396526 0.00376752 0.00165236 0.00268527 0 0 0 0 0 0 2.60417e+10 2.60417e+10 2.60417e+10 
0.00182779 0.00516545 0.00165236 0.00268527 0.00390472 0.00373493 0 0 0 0 0 0 2.60417e+10 2.60417e+10 2.60417e+10 
0.00182779 0.00516545 -0.000597296 0.00509443 0.000396526 0.00376752 0 0 0 0 0 0 2.60417e+10 2.60417e+10 2.60417e+10 
0.00182779 0.00516545 0.00057722 0.00735544 -0.000597296 0.00509443 0 0 0 0 0 0 2.60417e+10 2.60417e+10 2.60417e+10 
0.00182779 0.00516545 0.00391065 0.00598685 0.00246265 0.0080348 0 0 0 0 0 0 2.60417e+10 2.60417e+10 2.60417e+10 
0.00182779 0.00516545 0.00246265 0.0080348 0.00057722 0.00735544 0 0 0 0 0 0 2.60417e+10 2.60417e+10 2.60417e+10 
0.0110585 -0.011949 0.0130796 -0.00997678 0.00994278 -0.0102892 0 0 0 0 0 0 3.125e+10 3.125e+10 3.125e+10 
0.0110585 -0.011949 0.0132522 -0.0126923 0.0130796 -0.00997678 0 0 0 0 0 0 3.125e+10 3.125e+10 3.125e+10 
0.0110585 -0.011949 0.00872408 -0.0134723 0.0103181 -0.0148165 0 0 0 0 0 0 3.125e+10 3.125e+10 3.125e+10 
0.0110585 -0.011949 0.0103181 -0.0148165 0.0118397 -0.0138476 0 0 0 0 0 0 3.125e+10 3.125e+10 3.125e+10 
0.0110585 -0.011949 0.00994278 -0.0102892 0.00872408 -0.0134723 0 0 0 0 0 0 3.125e+10 3.125e+10 3.125e+10 
0.0110585 -0.011949 0.0118397 -0.0138476 0.0132522 -0.0126923 0 0 0 0 0 0 3.125e+10 3.125e+10 3.125e+10 
-0.000162833 -0.0106493 -0.00036686 -0.0119692 0.001122 -0.0110306 0 0 0 0 0 0 3.125e+10 3.125e+10 3.125e+10 
-0.000162833 -0.0106493 0.001122 -0.0110306 0.000216922 -0.00943939 0 0 0 0 0 0 3.125e+10 3.125e+10 3.125e+10 
-0.000162833 -0.0106493 0.000216922 -0.00943939 -0.00101572 -0.00972544 0 0 0 0 0 0 1.04167e+10 1.04167e+10 1.04167e+10 
-0.00232996 -0.0115923 -0.00266073 -0.010168 -0.00430575 -0.0106105 0 0 0 0 0 0 1.04167e+10 1.04167e+10 1.04167e+10 
-0.00232996 -0.0115923 -0.00430575 -0.0106105 -0.00334804 -0.0123067 0 0 0 0 0 0 1.04167e+10 1.04167e+10 1.04167e+10 
-0.00232996 -0.0115923 -0.00036686 -0.0119692 -0.000162833 -0.0106493 0 0 0 0 0 0 1.04167e+10 1.04167e+10 1.04167e+10 
-0.00232996 -0.0115923 -0.00101572 -0.00972544 -0.00266073 -0.010168 0 0 0 0 0 0 1.04167e+10 1.04167e+10 1.04167e+10 
-0.00232996 -0.0115923 -0.000162833 -0.0106493 -0.00101572 -0.00972544 0 0 0 0 0 0 1.04167e+10 1.04167e+10 1.04167e+10 
0.0185318 -0.0107707 0.02 -0.0088 0.0174543 -0.00932294 0 0 0 0 0 0 1.04167e+10 1.04167e+10 1.04167e+10 
0.0185318 -0.0107707 0.02 -0.0104 0.02 -0.0088 0 0 0 0 0 0 1.04167e+10 1.04167e+10 1.04167e+10 
0.0185318 -0.0107707 0.0174543 -0.00932294 0.0167895 -0.0105348 0 0 0 0 0 0 1.04167e+10 1.04167e+10 1.04167e+10 
0.0185318 -0.0107707 0.02 -0.012 0.02 -0.0104 0 0 0 0 0 0 1.04167e+10 1.04167e+10 1.04167e+10 
0.0185318 -0.0107707 0.0189126 -0.0121862 0.02 -0.012 0 0 0 0 0 0 1.04167e+10 1.04167e+10 1.04167e+10 
-0.00940806 -0.0134965 -0.00978155 -0.0147626 -0.0070766 -0.0147638 0 0 0 0 0 0 1.04167e+10 1.04167e+10 1.04167e+10 
-0.00940806 -0.0134965 -0.0121056 -0.0145863 -0.00978155 -0.0147626 0 0 0 0 0 0 1.04167e+10 1.04167e+10 1.04167e+10 
0.0163497 0.0105241 0.0182479 0.00968157 0.0188438 0.0125262 0 0 0 0 0 0 1.04167e+10 1.04167e+10 1.04167e+10 
0.0163497 0.0105241 0.0146514 0.0114807 0.0149124 0.0102526 0 0 0 0 0 0 1.04167e+10 1.04167e+10 1.04167e+10 
0.0163497 0.0105241 0.0149124 0.0102526 0.015 0.009 0 0 0 0 0 0 1.04167e+10 1.04167e+10 1.04167e+10 
-0.0136469 -0.0113076 -0.0121571 -0.0104322 -0.0136152 -0.00967925 0 0 0 0 0 0 1.04167e+10 1.04167e+10 1.04167e+10 
0.00649037 -0.0189991 0.00617824 -0.0174975 0.00478342 -0.0175314 0 0 0 0 0 0 1.04167e+10 1.04167e+10 1.04167e+10 
0.00649037 -0.0189991 0.0056 -0.02 0.0072 -0.02 0 0 0 0 0 0 1.04167e+10 1.04167e+10 1.04167e+10 
0.00649037 -0.0189991 0.00748024 -0.0172836 0.00617824 -0.0174975 0 0 0 0 0 0 1.04167e+10 1.04167e+10 1.04167e+10 
0.012616 -0.016815 0.0122603 -0.0151613 0.0111386 -0.0158511 0 0 0 0 0 0 1.04167e+10 1.04167e+10 1.04167e+10 
0.0164685 0.000283067 0.0180066 -0.000401744 0.0186259 0.00222853 0 0 0 0 0 0 1.04167e+10 1.04167e+10 1.04167e+10 
0.0164685 0.000283067 0.0186259 0.00222853 0.0165163 0.00231483 0 0 0 0 0 0 1.04167e+10 1.04167e+10 1.04167e+10 
0.0164685 0.000283067 0.0150308 -0.00080661 0.0161026 -0.00129994 0 0 0 0 0 0 1.04167e+10 1.04167e+10 1.04167e+10 
0.0164685 0.000283067 0.0161026 -0.00129994 0.0180066 -0.000401744 0 0 0 0 0 0 1.04167e+10 1.04167e+10 1.04167e+10 
0.0159087 -0.0142193 0.015363 -0.0153823 0.017671 -0.0145882 0 0 0 0 0 0 1.04167e+10 1.04167e+10 1.04167e+10 
0.0159087 -0.0142193 0.0152546 -0.0125659 0.0143345 -0.0135058 0 0 0 0 0 0 1.04167e+10 1.04167e+10 1.04167e+10 
0.0159087 -0.0142193 0.0143345 -0.0135058 0.015363 -0.0153823 0 0 0 0 0 0 1.04167e+10 1.04167e+10 1.04167e+10 
0.0107846 -0.0177853 0.0111386 -0.0158511 0.00998356 -0.016434 0 0 0 0 0 0 1.04167e+10 1.04167e+10 1.04167e+10 
0.0107846 -0.0177853 0.012616 -0.016815 0.0111386 -0.0158511 0 0 0 0 0 0 1.04167e+10 1.04167e+10 1.04167e+10 
0.0107846 -0.0177853 0.012 -0.02 0.0134511 -0.0178423 0 0 0 0 0 0 1.04167e+10 1.04167e+10 1.04167e+10 
0.0107846 -0.0177853 0.0134511 -0.0178423 0.012616 -0.016815 0 0 0 0 0 0 1.04167e+10 1.04167e+10 1.04167e+10 
0.0107846 -0.0177853 0.00998356 -0.016434 0.00881318 -0.016901 0 0 0 0 0 0 1.04167e+10 1.04167e+10 1.04167e+10 
0.0107846 -0.0177853 0.0104 -0.02 0.012 -0.02 0 0 0 0 0 0 1.04167e+10 1.04167e+10 1.04167e+10 
0.00425128 -0.00131413 0.00505924 4.93029e-05 0.0038227 0.000267338 0 0 0 0 0 0 1.04167e+10 1.04167e+10 1.04167e+10 
0.00425128 -0.00131413 0.00512047 -0.00327675 0.00621521 -0.00253067 0 0 0 0 0 0 1.04167e+10 1.04167e+10 1.04167e+10 
0.00425128 -0.00131413 0.00408622 -0.00411207 0.00512047 -0.00327675 0 0 0 0 0 0 1.04167e+10 1.04167e+10 1.04167e+10 
0.00425128 -0.00131413 0.00195004 -0.00320133 0.00408622 -0.00411207 0 0 0 0 0 0 1.04167e+10 1.04167e+10 1.04167e+10 
0.00425128 -0.00131413 0.0063141 5.48256e-06 0.00505924 4.93029e-05 0 0 0 0 0 0 1.04167e+10 1.04167e+10 1.04167e+10 
0.00425128 -0.00131413 0.00621521 -0.00253067 0.0063141 5.48256e-06 0 0 0 0 0 0 1.04167e+10 1.04167e+10 1.04167e+10 
0.0158067 0.0126426 0.0142219 0.0126606 0.0146514 0.0114807 0 0 0 0 0 0 1.04167e+10 1.04167e+10 1.04167e+10 
0.0158067 0.0126426 0.0146514 0.0114807 0.0163497 0.0105241 0 0 0 0 0 0 1.04167e+10 1.04167e+10 1.04167e+10 
0.0158067 0.0126426 0.0163497 0.0105241 0.0188438 0.0125262 0 0 0 0 0 0 1.04167e+10 1.04167e+10 1.04167e+10 
0.0158067 0.0126426 0.0136324 0.0137693 0.0142219 0.0126606 0 0 0 0 0 0 1.04167e+10 1.04167e+10 1.04167e+10 
0.0158067 0.0126426 0.0151878 0.0152435 0.0136324 0.0137693 0 0 0 0 0 0 1.04167e+10 1.04167e+10 1.04167e+10 
0.0158067 0.0126426 0.0188438 0.0125262 0.0180102 0.0152941 0 0 0 0 0 0 1.04167e+10 1.04167e+10 1.04167e+10 
0.0158067 0.0126426 0.0180102 0.0152941 0.0151878 0.0152435 0 0 0 0 0 0 1.04167e+10 1.04167e+10 1.04167e+10 
0.017273 -0.0126704 0.017671 -0.0145882 0.0189126 -0.0121862 0 0 0 0 0 0 1.04167e+10 1.04167e+10 1.04167e+10 
0.017273 -0.0126704 0.0160773 -0.0115704 0.0152546 -0.0125659 0 0 0 0 0 0 1.04167e+10 1.04167e+10 1.04167e+10 
0.017273 -0.0126704 0.0152546 -0.0125659 0.0159087 -0.0142193 0 0 0 0 0 0 1.04167e+10 1.04167e+10 1.04167e+10 
0.017273 -0.0126704 0.0159087 -0.0142193 0.017671 -0.0145882 0 0 0 0 0 0 1.04167e+10 1.04167e+10 1.04167e+10 
0.017273 -0.0126704 0.0189126 -0.0121862 0.0185318 -0.0107707 0 0 0 0 0 0 1.04167e+10 1.04167e+10 1.04167e+10 
0.017273 -0.0126704 0.0167895 -0.0105348 0.0160773 -0.0115704 0 0 0 0 0 0 1.04167e+10 1.04167e+10 1.04167e+10 
0.017273 -0.0126704 0.0185318 -0.0107707 0.0167895 -0.0105348 0 0 0 0 0 0 1.04167e+10 1.04167e+10 1.04167e+10 
0.000597141 -0.0177359 0.00247191 -0.0169996 0.00147824 -0.0164162 0 0 0 0 0 0 1.04167e+10 1.04167e+10 1.04167e+10 
0.000597141 -0.0177359 -0.0008 -0.02 0.0008 -0.02 0 0 0 0 0 0 1.04167e+10 1.04167e+10 1.04167e+10 
0.000597141 -0.0177359 -0.000829299 -0.0171358 -0.0008 -0.02 0 0 0 0 0 0 1.04167e+10 1.04167e+10 1.04167e+10 
0.000597141 -0.0177359 0.00147824 -0.0164162 0.000602293 -0.0155449 0 0 0 0 0 0 1.04167e+10 1.04167e+10 1.04167e+10 
0.000597141 -0.0177359 0.000602293 -0.0155449 -0.000829299 -0.0171358 0 0 0 0 0 0 1.04167e+10 1.04167e+10 1.04167e+10 
-0.0043497 0.00747589 -0.00280333 0.00712879 -0.00297808 0.00837219 0 0 0 0 0 0 1.04167e+10 1.04167e+10 1.04167e+10 
-0.0043497 0.00747589 -0.00592913 0.00769622 -0.0049315 0.00516256 0 0 0 0 0 0 1.04167e+10 1.04167e+10 1.04167e+10 
0.00863036 -0.0185762 0.00881318 -0.016901 0.00748024 -0.0172836 0 0 0 0 0 0 1.04167e+10 1.04167e+10 1.04167e+10 
0.00863036 -0.0185762 0.0072 -0.02 0.0088 -0.02 0 0 0 0 0 0 1.04167e+10 1.04167e+10 1.04167e+10 
0.00863036 -0.0185762 0.0107846 -0.0177853 0.00881318 -0.016901 0 0 0 0 0 0 1.04167e+10 1.04167e+10 1.04167e+10 
0.00863036 -0.0185762 0.00649037 -0.0189991 0.0072 -0.02 0 0 0 0 0 0 1.04167e+10 1.04167e+10 1.04167e+10 
0.00863036 -0.0185762 0.00748024 -0.0172836 0.00649037 -0.0189991 0 0 0 0 0 0 1.04167e+10 1.04167e+10 1.04167e+10 
0.00863036 -0.0185762 0.0088 -0.02 0.0104 -0.02 0 0 0 0 0 0 1.04167e+10 1.04167e+10 1.04167e+10 
0.00863036 -0.0185762 0.0104 -0.02 0.0107846 -0.0177853 0 0 0 0 0 0 1.04167e+10 1.04167e+10 1.04167e+10 
0.00228176 -0.0012289 0.0038227 0.000267338 0.00262854 0.000655345 0 0 0 0 0 0 1.04167e+10 1.04167e+10 1.04167e+10 
0.00228176 -0.0012289 0.00425128 -0.00131413 0.0038227 0.000267338 0 0 0 0 0 0 1.04167e+10 1.04167e+10 1.04167e+10 
0.00228176 -0.0012289 0.00262854 0.000655345 0.0015 0.00120577 0 0 0 0 0 0 1.04167e+10 1.04167e+10 1.04167e+10 
0.00228176 -0.0012289 0.0015 0.00120577 -0.000313369 -0.000239984 0 0 0 0 0 0 1.04167e+10 1.04167e+10 1.04167e+10 
0.00228176 -0.0012289 -0.000313369 -0.000239984 0.000818336 -0.00172066 0 0 0 0 0 0 1.04167e+10 1.04167e+10 1.04167e+10 
0.00228176 -0.0012289 0.000818336 -0.00172066 0.00195004 -0.00320133 0 0 0 0 0 0 1.04167e+10 1.04167e+10 1.04167e+10 
0.00228176 -0.0012289 0.00195004 -0.00320133 0.00425128 -0.00131413 0 0 0 0 0 0 1.04167e+10 1.04167e+10 1.04167e+10 
-0.0171195 0.000805388 -0.0188003 0.00267149 -0.02 0.0008 0 0 0 0 0 0 1.04167e+10 1.04167e+10 1.04167e+10 
-0.0171195 0.000805388 -0.0161558 -0.000296129 -0.0149137 0.000673588 0 0 0 0 0 0 1.04167e+10 1.04167e+10 1.04167e+10 
-0.0171195 0.000805388 -0.0149137 0.000673588 -0.0160728 0.00262044 0 0 0 0 0 0 1.04167e+10 1.04167e+10 1.04167e+10 
-0.0171195 0.000805388 -0.0160728 0.00262044 -0.0188003 0.00267149 0 0 0 0 0 0 1.04167e+10 1.04167e+10 1.04167e+10 
-0.0171195 0.000805388 -0.0173978 -0.00126585 -0.0161558 -0.000296129 0 0 0 0 0 0 1.04167e+10 1.04167e+10 1.04167e+10 
0.0140579 0.0023285 0.0128944 0.00321491 0.0120222 0.0023117 0 0 0 0 0 0 1.04167e+10 1.04167e+10 1.04167e+10 
0.0140579 0.0023285 0.0136324 0.00423073 0.0128944 0.00321491 0 0 0 0 0 0 1.04167e+10 1.04167e+10 1.04167e+10 
-0.00769519 0.00470201 -0.00774315 0.00323819 -0.00602103 0.00306591 0 0 0 0 0 0 1.04167e+10 1.04167e+10 1.04167e+10 
-0.00769519 0.00470201 -0.00686824 0.00517419 -0.00919869 0.00536656 0 0 0 0 0 0 1.04167e+10 1.04167e+10 1.04167e+10 
-0.00769519 0.00470201 -0.00946527 0.00341046 -0.00774315 0.00323819 0 0 0 0 0 0 1.04167e+10 1.04167e+10 1.04167e+10 
-0.00769519 0.00470201 -0.00919869 0.00536656 -0.00946527 0.00341046 0 0 0 0 0 0 1.04167e+10 1.04167e+10 1.04167e+10 
0.0134772 0.0163164 0.0120222 0.0156883 0.0128944 0.0147851 0 0 0 0 0 0 1.04167e+10 1.04167e+10 1.04167e+10 
0.0134772 0.0163164 0.0128944 0.0147851 0.0151878 0.0152435 0 0 0 0 0 0 1.04167e+10 1.04167e+10 1.04167e+10 
0.0134772 0.0163164 0.0151878 0.0152435 0.0139377 0.0177711 0 0 0 0 0 0 1.04167e+10 1.04167e+10 1.04167e+10 
0.00420214 -0.0190153 0.00478342 -0.0175314 0.00363369 -0.0173769 0 0 0 0 0 0 1.04167e+10 1.04167e+10 1.04167e+10 
0.00420214 -0.0190153 0.004 -0.02 0.0056 -0.02 0 0 0 0 0 0 1.04167e+10 1.04167e+10 1.04167e+10 
0.00420214 -0.0190153 0.0024 -0.02 0.004 -0.02 0 0 0 0 0 0 1.04167e+10 1.04167e+10 1.04167e+10 
0.00420214 -0.0190153 0.00649037 -0.0189991 0.00478342 -0.0175314 0 0 0 0 0 0 1.04167e+10 1.04167e+10 1.04167e+10 
0.00420214 -0.0190153 0.0056 -0.02 0.00649037 -0.0189991 0 0 0 0 0 0 1.04167e+10 1.04167e+10 1.04167e+10 
-0.0178857 -0.00911866 -0.02 -0.0104 -0.0183731 -0.0121929 0 0 0 0 0 0 1.04167e+10 1.04167e+10 1.04167e+10 
-0.0178857 -0.00911866 -0.02 -0.0088 -0.02 -0.0104 0 0 0 0 0 0 1.04167e+10 1.04167e+10 1.04167e+10 
-0.018951 -0.000624523 -0.02 0.0008 -0.02 -0.0008 0 0 0 0 0 0 1.04167e+10 1.04167e+10 1.04167e+10 
-0.018951 -0.000624523 -0.0171195 0.000805388 -0.02 0.0008 0 0 0 0 0 0 1.04167e+10 1.04167e+10 1.04167e+10 
-0.018951 -0.000624523 -0.0173978 -0.00126585 -0.0171195 0.000805388 0 0 0 0 0 0 1.04167e+10 1.04167e+10 1.04167e+10 
-0.018951 -0.000624523 -0.02 -0.0008 -0.02 -0.0024 0 0 0 0 0 0 1.04167e+10 1.04167e+10 1.04167e+10 
-0.00380666 0.00535737 -0.00194653 0.00477476 -0.00245723 0.00592182 0 0 0 0 0 0 1.04167e+10 1.04167e+10 1.04167e+10 
-0.00380666 0.00535737 -0.00245723 0.00592182 -0.00280333 0.00712879 0 0 0 0 0 0 1.04167e+10 1.04167e+10 1.04167e+10 
-0.00380666 0.00535737 -0.00280333 0.00712879 -0.0043497 0.00747589 0 0 0 0 0 0 1.04167e+10 1.04167e+10 1.04167e+10 
-0.00380666 0.00535737 -0.0043497 0.00747589 -0.0049315 0.00516256 0 0 0 0 0 0 1.04167e+10 1.04167e+10 1.04167e+10 
-0.00326894 0.0138504 -0.00245723 0.0120782 -0.00194653 0.0132252 0 0 0 0 0 0 1.04167e+10 1.04167e+10 1.04167e+10 
-0.00326894 0.0138504 -0.00194653 0.0132252 -0.00128115 0.0142901 0 0 0 0 0 0 1.04167e+10 1.04167e+10 1.04167e+10 
-0.00326894 0.0138504 -0.00483305 0.0152886 -0.00579934 0.0126819 0 0 0 0 0 0 1.04167e+10 1.04167e+10 1.04167e+10 
0.00774872 0.0193141 0.0072 0.02 0.0063141 0.0179945 0 0 0 0 0 0 1.04167e+10 1.04167e+10 1.04167e+10 
0.00774872 0.0193141 0.0063141 0.0179945 0.00756283 0.0178633 0 0 0 0 0 0 1.04167e+10 1.04167e+10 1.04167e+10 
0.00774872 0.0193141 0.0088 0.02 0.0072 0.02 0 0 0 0 0 0 1.04167e+10 1.04167e+10 1.04167e+10 
0.00774872 0.0193141 0.00756283 0.0178633 0.00878115 0.0175595 0 0 0 0 0 0 1.04167e+10 1.04167e+10 1.04167e+10 
-0.00205794 0.0156715 -0.000474058 0.0152519 -0.00119626 0.0171979 0 0 0 0 0 0 1.04167e+10 1.04167e+10 1.04167e+10 
-0.00205794 0.0156715 -0.00128115 0.0142901 -0.000474058 0.0152519 0 0 0 0 0 0 1.04167e+10 1.04167e+10 1.04167e+10 
-0.00205794 0.0156715 -0.00326894 0.0138504 -0.00128115 0.0142901 0 0 0 0 0 0 1.04167e+10 1.04167e+10 1.04167e+10 
-0.00205794 0.0156715 -0.00119626 0.0171979 -0.00396038 0.0174 0 0 0 0 0 0 1.04167e+10 1.04167e+10 1.04167e+10 
-0.00205794 0.0156715 -0.00396038 0.0174 -0.00483305 0.0152886 0 0 0 0 0 0 1.04167e+10 1.04167e+10 1.04167e+10 
-0.00205794 0.0156715 -0.00483305 0.0152886 -0.00326894 0.0138504 0 0 0 0 0 0 1.04167e+10 1.04167e+10 1.04167e+10 
-0.0020105 -0.0125769 -0.0022896 -0.0151291 -0.000310621 -0.0133446 0 0 0 0 0 0 1.04167e+10 1.04167e+10 1.04167e+10 
-0.0020105 -0.0125769 -0.00334804 -0.0123067 -0.0022896 -0.0151291 0 0 0 0 0 0 1.04167e+10 1.04167e+10 1.04167e+10 
-0.0020105 -0.0125769 -0.00232996 -0.0115923 -0.00334804 -0.0123067 0 0 0 0 0 0 1.04167e+10 1.04167e+10 1.04167e+10 
-0.0020105 -0.0125769 -0.000310621 -0.0133446 -0.00036686 -0.0119692 0 0 0 0 0 0 1.04167e+10 1.04167e+10 1.04167e+10 
-0.0020105 -0.0125769 -0.00036686 -0.0119692 -0.00232996 -0.0115923 0 0 0 0 0 0 1.04167e+10 1.04167e+10 1.04167e+10 
0.014341 -0.0156145 0.0134511 -0.0178423 0.0167116 -0.0177465 0 0 0 0 0 0 1.04167e+10 1.04167e+10 1.04167e+10 
0.014341 -0.0156145 0.0167116 -0.0177465 0.015363 -0.0153823 0 0 0 0 0 0 1.04167e+10 1.04167e+10 1.04167e+10 
0.014341 -0.0156145 0.0143345 -0.0135058 0.0133312 -0.0143755 0 0 0 0 0 0 1.04167e+10 1.04167e+10 1.04167e+10 
0.014341 -0.0156145 0.015363 -0.0153823 0.0143345 -0.0135058 0 0 0 0 0 0 1.04167e+10 1.04167e+10 1.04167e+10 
0.014341 -0.0156145 0.012616 -0.016815 0.0134511 -0.0178423 0 0 0 0 0 0 1.04167e+10 1.04167e+10 1.04167e+10 
0.014341 -0.0156145 0.0133312 -0.0143755 0.0122603 -0.0151613 0 0 0 0 0 0 1.04167e+10 1.04167e+10 1.04167e+10 
0.014341 -0.0156145 0.0122603 -0.0151613 0.012616 -0.016815 0 0 0 0 0 0 1.04167e+10 1.04167e+10 1.04167e+10 
-0.0115275 -0.012402 -0.0106989 -0.0111852 -0.0121571 -0.0104322 0 0 0 0 0 0 1.04167e+10 1.04167e+10 1.04167e+10 
-0.0115275 -0.012402 -0.0138342 -0.0122723 -0.0121056 -0.0145863 0 0 0 0 0 0 1.04167e+10 1.04167e+10 1.04167e+10 
-0.0115275 -0.012402 -0.00924079 -0.0119382 -0.0106989 -0.0111852 0 0 0 0 0 0 1.04167e+10 1.04167e+10 1.04167e+10 
-0.0115275 -0.012402 -0.00940806 -0.0134965 -0.00924079 -0.0119382 0 0 0 0 0 0 1.04167e+10 1.04167e+10 1.04167e+10 
-0.0115275 -0.012402 -0.0121056 -0.0145863 -0.00940806 -0.0134965 0 0 0 0 0 0 1.04167e+10 1.04167e+10 1.04167e+10 
-0.0115275 -0.012402 -0.0136469 -0.0113076 -0.0138342 -0.0122723 0 0 0 0 0 0 1.04167e+10 1.04167e+10 1.04167e+10 
-0.0115275 -0.012402 -0.0121571 -0.0104322 -0.0136469 -0.0113076 0 0 0 0 0 0 1.04167e+10 1.04167e+10 1.04167e+10 
0.014514 0.000911875 0.0124528 -0.000460233 0.0138037 -0.000524284 0 0 0 0 0 0 1.04167e+10 1.04167e+10 1.04167e+10 
0.014514 0.000911875 0.0120222 0.0023117 0.0124528 -0.000460233 0 0 0 0 0 0 1.04167e+10 1.04167e+10 1.04167e+10 
0.014514 0.000911875 0.0140579 0.0023285 0.0120222 0.0023117 0 0 0 0 0 0 1.04167e+10 1.04167e+10 1.04167e+10 
0.014514 0.000911875 0.0138037 -0.000524284 0.0150308 -0.00080661 0 0 0 0 0 0 1.04167e+10 1.04167e+10 1.04167e+10 
0.014514 0.000911875 0.0150308 -0.00080661 0.0164685 0.000283067 0 0 0 0 0 0 1.04167e+10 1.04167e+10 1.04167e+10 
0.014514 0.000911875 0.0164685 0.000283067 0.0165163 0.00231483 0 0 0 0 0 0 1.04167e+10 1.04167e+10 1.04167e+10 
0.014514 0.000911875 0.0165163 0.00231483 0.0140579 0.0023285 0 0 0 0 0 0 1.04167e+10 1.04167e+10 1.04167e+10 
-0.00376549 0.0043089 -0.0042989 0.00289364 -0.00257678 0.00272137 0 0 0 0 0 0 1.04167e+10 1.04167e+10 1.04167e+10 
-0.00376549 0.0043089 -0.00257678 0.00272137 -0.00194653 0.00477476 0 0 0 0 0 0 1.04167e+10 1.04167e+10 1.04167e+10 
-0.00376549 0.0043089 -0.00194653 0.00477476 -0.00380666 0.00535737 0 0 0 0 0 0 1.04167e+10 1.04167e+10 1.04167e+10 
-0.00376549 0.0043089 -0.00380666 0.00535737 -0.0049315 0.00516256 0 0 0 0 0 0 1.04167e+10 1.04167e+10 1.04167e+10 
-0.00444042 0.00966102 -0.00702688 0.00979478 -0.00592913 0.00769622 0 0 0 0 0 0 1.04167e+10 1.04167e+10 1.04167e+10 
-0.00444042 0.00966102 -0.00579934 0.0126819 -0.00702688 0.00979478 0 0 0 0 0 0 1.04167e+10 1.04167e+10 1.04167e+10 
-0.00444042 0.00966102 -0.00297808 0.00962781 -0.00280333 0.0108712 0 0 0 0 0 0 1.04167e+10 1.04167e+10 1.04167e+10 
-0.00444042 0.00966102 -0.00592913 0.00769622 -0.0043497 0.00747589 0 0 0 0 0 0 1.04167e+10 1.04167e+10 1.04167e+10 
-0.00444042 0.00966102 -0.00297808 0.00837219 -0.00297808 0.00962781 0 0 0 0 0 0 1.04167e+10 1.04167e+10 1.04167e+10 
-0.00444042 0.00966102 -0.0043497 0.00747589 -0.00297808 0.00837219 0 0 0 0 0 0 1.04167e+10 1.04167e+10 1.04167e+10 
0.00985493 0.0187252 0.0104 0.02 0.0088 0.02 0 0 0 0 0 0 1.04167e+10 1.04167e+10 1.04167e+10 
0.00985493 0.0187252 0.00878115 0.0175595 0.00994534 0.0170891 0 0 0 0 0 0 1.04167e+10 1.04167e+10 1.04167e+10 
0.00985493 0.0187252 0.0088 0.02 0.00774872 0.0193141 0 0 0 0 0 0 1.04167e+10 1.04167e+10 1.04167e+10 
0.00985493 0.0187252 0.00774872 0.0193141 0.00878115 0.0175595 0 0 0 0 0 0 1.04167e+10 1.04167e+10 1.04167e+10 
0.0152689 0.00414963 0.0165163 0.00231483 0.018219 0.00499335 0 0 0 0 0 0 1.04167e+10 1.04167e+10 1.04167e+10 
0.0152689 0.00414963 0.0142219 0.00533937 0.0136324 0.00423073 0 0 0 0 0 0 1.04167e+10 1.04167e+10 1.04167e+10 
0.0152689 0.00414963 0.0136324 0.00423073 0.0140579 0.0023285 0 0 0 0 0 0 1.04167e+10 1.04167e+10 1.04167e+10 
0.0152689 0.00414963 0.0140579 0.0023285 0.0165163 0.00231483 0 0 0 0 0 0 1.04167e+10 1.04167e+10 1.04167e+10 
-0.0157663 -0.0102131 -0.0183731 -0.0121929 -0.0164292 -0.0124652 0 0 0 0 0 0 1.04167e+10 1.04167e+10 1.04167e+10 
-0.0157663 -0.0102131 -0.0178857 -0.00911866 -0.0183731 -0.0121929 0 0 0 0 0 0 1.04167e+10 1.04167e+10 1.04167e+10 
-0.0157663 -0.0102131 -0.0150734 -0.00892628 -0.0165315 -0.0081733 0 0 0 0 0 0 1.04167e+10 1.04167e+10 1.04167e+10 
-0.0157663 -0.0102131 -0.0165315 -0.0081733 -0.0178857 -0.00911866 0 0 0 0 0 0 1.04167e+10 1.04167e+10 1.04167e+10 
-0.0157663 -0.0102131 -0.0164292 -0.0124652 -0.0138342 -0.0122723 0 0 0 0 0 0 1.04167e+10 1.04167e+10 1.04167e+10 
-0.0157663 -0.0102131 -0.0138342 -0.0122723 -0.0136469 -0.0113076 0 0 0 0 0 0 1.04167e+10 1.04167e+10 1.04167e+10 
-0.0157663 -0.0102131 -0.0136152 -0.00967925 -0.0150734 -0.00892628 0 0 0 0 0 0 1.04167e+10 1.04167e+10 1.04167e+10 
-0.0157663 -0.0102131 -0.0136469 -0.0113076 -0.0136152 -0.00967925 0 0 0 0 0 0 1.04167e+10 1.04167e+10 1.04167e+10 
0.0164404 0.00833898 0.0184698 0.00712598 0.0182479 0.00968157 0 0 0 0 0 0 1.04167e+10 1.04167e+10 1.04167e+10 
0.0164404 0.00833898 0.015 0.009 0.0149124 0.00774744 0 0 0 0 0 0 1.04167e+10 1.04167e+10 1.04167e+10 
0.0164404 0.00833898 0.0182479 0.00968157 0.0163497 0.0105241 0 0 0 0 0 0 1.04167e+10 1.04167e+10 1.04167e+10 
0.0164404 0.00833898 0.0163497 0.0105241 0.015 0.009 0 0 0 0 0 0 1.04167e+10 1.04167e+10 1.04167e+10 
-0.00468933 -0.012227 -0.0046873 -0.0146574 -0.00334804 -0.0123067 0 0 0 0 0 0 1.04167e+10 1.04167e+10 1.04167e+10 
-0.00468933 -0.012227 -0.00430575 -0.0106105 -0.00595076 -0.0110531 0 0 0 0 0 0 1.04167e+10 1.04167e+10 1.04167e+10 
-0.00468933 -0.012227 -0.00334804 -0.0123067 -0.00430575 -0.0106105 0 0 0 0 0 0 1.04167e+10 1.04167e+10 1.04167e+10 
-0.00573034 0.00450545 -0.00602103 0.00306591 -0.0042989 0.00289364 0 0 0 0 0 0 1.04167e+10 1.04167e+10 1.04167e+10 
-0.00573034 0.00450545 -0.0049315 0.00516256 -0.00686824 0.00517419 0 0 0 0 0 0 1.04167e+10 1.04167e+10 1.04167e+10 
-0.00573034 0.00450545 -0.0042989 0.00289364 -0.00376549 0.0043089 0 0 0 0 0 0 1.04167e+10 1.04167e+10 1.04167e+10 
-0.00573034 0.00450545 -0.00376549 0.0043089 -0.0049315 0.00516256 0 0 0 0 0 0 1.04167e+10 1.04167e+10 1.04167e+10 
-0.00573034 0.00450545 -0.00769519 0.00470201 -0.00602103 0.00306591 0 0 0 0 0 0 1.04167e+10 1.04167e+10 1.04167e+10 
-0.00573034 0.00450545 -0.00686824 0.00517419 -0.00769519 0.00470201 0 0 0 0 0 0 1.04167e+10 1.04167e+10 1.04167e+10 
-0.00407484 0.0118173 -0.00280333 0.0108712 -0.00245723 0.0120782 0 0 0 0 0 0 1.04167e+10 1.04167e+10 1.04167e+10 
-0.00407484 0.0118173 -0.00579934 0.0126819 -0.00444042 0.00966102 0 0 0 0 0 0 1.04167e+10 1.04167e+10 1.04167e+10 
-0.00407484 0.0118173 -0.00444042 0.00966102 -0.00280333 0.0108712 0 0 0 0 0 0 1.04167e+10 1.04167e+10 1.04167e+10 
-0.00407484 0.0118173 -0.00245723 0.0120782 -0.00326894 0.0138504 0 0 0 0 0 0 1.04167e+10 1.04167e+10 1.04167e+10 
-0.00407484 0.0118173 -0.00326894 0.0138504 -0.00579934 0.0126819 0 0 0 0 0 0 1.04167e+10 1.04167e+10 1.04167e+10 
0.00236066 -0.0186206 0.00363369 -0.0173769 0.00247191 -0.0169996 0 0 0 0 0 0 1.04167e+10 1.04167e+10 1.04167e+10 
0.00236066 -0.0186206 0.00420214 -0.0190153 0.00363369 -0.0173769 0 0 0 0 0 0 1.04167e+10 1.04167e+10 1.04167e+10 
0.00236066 -0.0186206 0.0024 -0.02 0.00420214 -0.0190153 0 0 0 0 0 0 1.04167e+10 1.04167e+10 1.04167e+10 
0.00236066 -0.0186206 0.00247191 -0.0169996 0.000597141 -0.0177359 0 0 0 0 0 0 1.04167e+10 1.04167e+10 1.04167e+10 
0.00236066 -0.0186206 0.0008 -0.02 0.0024 -0.02 0 0 0 0 0 0 1.04167e+10 1.04167e+10 1.04167e+10 
0.00236066 -0.0186206 0.000597141 -0.0177359 0.0008 -0.02 0 0 0 0 0 0 1.04167e+10 1.04167e+10 1.04167e+10 
-0.0181521 -0.00699513 -0.02 -0.0056 -0.02 -0.0072 0 0 0 0 0 0 1.04167e+10 1.04167e+10 1.04167e+10 
-0.0181521 -0.00699513 -0.02 -0.0072 -0.02 -0.0088 0 0 0 0 0 0 1.04167e+10 1.04167e+10 1.04167e+10 
-0.0181521 -0.00699513 -0.02 -0.0088 -0.0178857 -0.00911866 0 0 0 0 0 0 1.04167e+10 1.04167e+10 1.04167e+10 
-0.0181521 -0.00699513 -0.0165315 -0.0081733 -0.0167481 -0.00644644 0 0 0 0 0 0 1.04167e+10 1.04167e+10 1.04167e+10 
-0.0181521 -0.00699513 -0.0178857 -0.00911866 -0.0165315 -0.0081733 0 0 0 0 0 0 1.04167e+10 1.04167e+10 1.04167e+10 
-0.0184184 -0.00487159 -0.0169647 -0.00471957 -0.0171813 -0.00299271 0 0 0 0 0 0 1.04167e+10 1.04167e+10 1.04167e+10 
-0.0184184 -0.00487159 -0.02 -0.004 -0.02 -0.0056 0 0 0 0 0 0 1.04167e+10 1.04167e+10 1.04167e+10 
-0.0184184 -0.00487159 -0.02 -0.0056 -0.0181521 -0.00699513 0 0 0 0 0 0 1.04167e+10 1.04167e+10 1.04167e+10 
-0.0184184 -0.00487159 -0.0167481 -0.00644644 -0.0169647 -0.00471957 0 0 0 0 0 0 1.04167e+10 1.04167e+10 1.04167e+10 
-0.0184184 -0.00487159 -0.0181521 -0.00699513 -0.0167481 -0.00644644 0 0 0 0 0 0 1.04167e+10 1.04167e+10 1.04167e+10 
-0.0134564 0.00366521 -0.0136716 0.0016433 -0.0124295 0.00261302 0 0 0 0 0 0 1.04167e+10 1.04167e+10 1.04167e+10 
-0.0134564 0.00366521 -0.0143135 0.00485254 -0.0160728 0.00262044 0 0 0 0 0 0 1.04167e+10 1.04167e+10 1.04167e+10 
-0.0134564 0.00366521 -0.0160728 0.00262044 -0.0136716 0.0016433 0 0 0 0 0 0 1.04167e+10 1.04167e+10 1.04167e+10 
-0.0134564 0.00366521 -0.0123728 0.00494443 -0.0143135 0.00485254 0 0 0 0 0 0 1.04167e+10 1.04167e+10 1.04167e+10 
-0.0134564 0.00366521 -0.0124295 0.00261302 -0.0111874 0.00358274 0 0 0 0 0 0 1.04167e+10 1.04167e+10 1.04167e+10 
-0.0134564 0.00366521 -0.0111874 0.00358274 -0.0123728 0.00494443 0 0 0 0 0 0 1.04167e+10 1.04167e+10 1.04167e+10 
0.00135225 0.0183722 0.0008 0.02 -0.0008 0.02 0 0 0 0 0 0 1.04167e+10 1.04167e+10 1.04167e+10 
0.00135225 0.0183722 -0.0008 0.02 -0.00119626 0.0171979 0 0 0 0 0 0 1.04167e+10 1.04167e+10 1.04167e+10 
0.00135225 0.0183722 0.0015 0.0167942 0.00262854 0.0173447 0 0 0 0 0 0 1.04167e+10 1.04167e+10 1.04167e+10 
0.00135225 0.0183722 -0.00119626 0.0171979 0.000459047 0.0160921 0 0 0 0 0 0 1.04167e+10 1.04167e+10 1.04167e+10 
0.00135225 0.0183722 0.000459047 0.0160921 0.0015 0.0167942 0 0 0 0 0 0 1.04167e+10 1.04167e+10 1.04167e+10 
0.00135225 0.0183722 0.0024 0.02 0.0008 0.02 0 0 0 0 0 0 1.04167e+10 1.04167e+10 1.04167e+10 
0.0117927 0.0177112 0.0136 0.02 0.012 0.02 0 0 0 0 0 0 1.04167e+10 1.04167e+10 1.04167e+10 
0.0117927 0.0177112 0.0139377 0.0177711 0.0136 0.02 0 0 0 0 0 0 1.04167e+10 1.04167e+10 1.04167e+10 
0.0117927 0.0177112 0.00994534 0.0170891 0.0110327 0.0164613 0 0 0 0 0 0 1.04167e+10 1.04167e+10 1.04167e+10 
0.0117927 0.0177112 0.00985493 0.0187252 0.00994534 0.0170891 0 0 0 0 0 0 1.04167e+10 1.04167e+10 1.04167e+10 
0.0117927 0.0177112 0.0134772 0.0163164 0.0139377 0.0177711 0 0 0 0 0 0 1.04167e+10 1.04167e+10 1.04167e+10 
0.0117927 0.0177112 0.0110327 0.0164613 0.0120222 0.0156883 0 0 0 0 0 0 1.04167e+10 1.04167e+10 1.04167e+10 
0.0117927 0.0177112 0.0120222 0.0156883 0.0134772 0.0163164 0 0 0 0 0 0 1.04167e+10 1.04167e+10 1.04167e+10 
0.0117927 0.0177112 0.012 0.02 0.0104 0.02 0 0 0 0 0 0 1.04167e+10 1.04167e+10 1.04167e+10 
0.0117927 0.0177112 0.0104 0.02 0.00985493 0.0187252 0 0 0 0 0 0 1.04167e+10 1.04167e+10 1.04167e+10 
-0.0070487 -0.0128617 -0.0070766 -0.0147638 -0.0046873 -0.0146574 0 0 0 0 0 0 1.04167e+10 1.04167e+10 1.04167e+10 
-0.0070487 -0.0128617 -0.0046873 -0.0146574 -0.00468933 -0.012227 0 0 0 0 0 0 1.04167e+10 1.04167e+10 1.04167e+10 
-0.0070487 -0.0128617 -0.00759578 -0.0114956 -0.00924079 -0.0119382 0 0 0 0 0 0 1.04167e+10 1.04167e+10 1.04167e+10 
-0.0070487 -0.0128617 -0.00924079 -0.0119382 -0.00940806 -0.0134965 0 0 0 0 0 0 1.04167e+10 1.04167e+10 1.04167e+10 
-0.0070487 -0.0128617 -0.00940806 -0.0134965 -0.0070766 -0.0147638 0 0 0 0 0 0 1.04167e+10 1.04167e+10 1.04167e+10 
-0.0070487 -0.0128617 -0.00595076 -0.0110531 -0.00759578 -0.0114956 0 0 0 0 0 0 1.04167e+10 1.04167e+10 1.04167e+10 
-0.0070487 -0.0128617 -0.00468933 -0.012227 -0.00595076 -0.0110531 0 0 0 0 0 0 1.04167e+10 1.04167e+10 1.04167e+10 
0.0034024 0.0191337 0.00262854 0.0173447 0.0038227 0.0177327 0 0 0 0 0 0 1.04167e+10 1.04167e+10 1.04167e+10 
0.0034024 0.0191337 0.0038227 0.0177327 0.00505924 0.0179507 0 0 0 0 0 0 1.04167e+10 1.04167e+10 1.04167e+10 
0.0034024 0.0191337 0.00505924 0.0179507 0.004 0.02 0 0 0 0 0 0 1.04167e+10 1.04167e+10 1.04167e+10 
0.0034024 0.0191337 0.004 0.02 0.0024 0.02 0 0 0 0 0 0 1.04167e+10 1.04167e+10 1.04167e+10 
0.0034024 0.0191337 0.00135225 0.0183722 0.00262854 0.0173447 0 0 0 0 0 0 1.04167e+10 1.04167e+10 1.04167e+10 
0.0034024 0.0191337 0.0024 0.02 0.00135225 0.0183722 0 0 0 0 0 0 1.04167e+10 1.04167e+10 1.04167e+10 
-0.0186847 -0.00274806 -0.02 -0.0024 -0.02 -0.004 0 0 0 0 0 0 1.04167e+10 1.04167e+10 1.04167e+10 
-0.0186847 -0.00274806 -0.0171813 -0.00299271 -0.0173978 -0.00126585 0 0 0 0 0 0 1.04167e+10 1.04167e+10 1.04167e+10 
-0.0186847 -0.00274806 -0.0184184 -0.00487159 -0.0171813 -0.00299271 0 0 0 0 0 0 1.04167e+10 1.04167e+10 1.04167e+10 
-0.0186847 -0.00274806 -0.02 -0.004 -0.0184184 -0.00487159 0 0 0 0 0 0 1.04167e+10 1.04167e+10 1.04167e+10 
-0.0186847 -0.00274806 -0.0173978 -0.00126585 -0.018951 -0.000624523 0 0 0 0 0 0 1.04167e+10 1.04167e+10 1.04167e+10 
-0.0186847 -0.00274806 -0.018951 -0.000624523 -0.02 -0.0024 0 0 0 0 0 0 1.04167e+10 1.04167e+10 1.04167e+10 
0.0160748 0.00618274 0.018219 0.00499335 0.0184698 0.00712598 0 0 0 0 0 0 1.04167e+10 1.04167e+10 1.04167e+10 
0.0160748 0.00618274 0.0152689 0.00414963 0.018219 0.00499335 0 0 0 0 0 0 1.04167e+10 1.04167e+10 1.04167e+10 
0.0160748 0.00618274 0.0146514 0.00651926 0.0142219 0.00533937 0 0 0 0 0 0 1.04167e+10 1.04167e+10 1.04167e+10 
0.0160748 0.00618274 0.0142219 0.00533937 0.0152689 0.00414963 0 0 0 0 0 0 1.04167e+10 1.04167e+10 1.04167e+10 
0.0160748 0.00618274 0.0184698 0.00712598 0.0164404 0.00833898 0 0 0 0 0 0 1.04167e+10 1.04167e+10 1.04167e+10 
0.0160748 0.00618274 0.0149124 0.00774744 0.0146514 0.00651926 0 0 0 0 0 0 1.04167e+10 1.04167e+10 1.04167e+10 
0.0160748 0.00618274 0.0164404 0.00833898 0.0149124 0.00774744 0 0 0 0 0 0 1.04167e+10 1.04167e+10 1.04167e+10 
