TRIANGLES
284
3
3
-0.0148541 0.000877853 -0.02 0.00181818 -0.0175469 -0.00212666 0 0 0 0 0 0 1.04167e+10 1.04167e+10 1.04167e+10 
-0.0148541 0.000877853 -0.0175469 -0.00212666 -0.0157063 -0.00190983 0 0 0 0 0 0 1.04167e+10 1.04167e+10 1.04167e+10 
0.02 0.0163636 0.02 0.02 0.0163636 0.02 0 0 0 0 0 0 1.04167e+10 1.04167e+10 1.04167e+10 
-0.0178101 0.00524216 -0.02 0.00181818 -0.0148541 0.000877853 0 0 0 0 0 0 1.04167e+10 1.04167e+10 1.04167e+10 
0.00816701 0.00291634 0.00948064 0.00484901 0.00664092 0.00686312 0 0 0 0 0 0 1.04167e+10 1.04167e+10 1.04167e+10 
-0.0124736 -0.00104574 -0.0148541 0.000877853 -0.0157063 -0.00190983 0 0 0 0 0 0 2.08333e+10 2.08333e+10 2.08333e+10 
-0.01 0.005 -0.00986798 0.000738326 -0.0081459 0.00451057 0 0 0 0 0 0 2.08333e+10 2.08333e+10 2.08333e+10 
-0.01 0.005 -0.0118541 0.00451057 -0.00986798 0.000738326 0 0 0 0 0 0 2.08333e+10 2.08333e+10 2.08333e+10 
-0.0154972 0.00994074 -0.0178101 0.00524216 -0.014055 0.00521575 0 0 0 0 0 0 1.04167e+10 1.04167e+10 1.04167e+10 
-0.0131357 -0.0031733 -0.0124736 -0.00104574 -0.0157063 -0.00190983 0 0 0 0 0 0 2.08333e+10 2.08333e+10 2.08333e+10 
0.0187596 0.00587755 0.0178268 0.0026091 0.02 0.00545455 0 0 0 0 0 0 1.04167e+10 1.04167e+10 1.04167e+10 
-0.02 0.00909091 -0.0154972 0.00994074 -0.0172404 0.0119165 0 0 0 0 0 0 1.04167e+10 1.04167e+10 1.04167e+10 
-0.02 0.00909091 -0.0178101 0.00524216 -0.0154972 0.00994074 0 0 0 0 0 0 1.04167e+10 1.04167e+10 1.04167e+10 
-0.00561383 0.0144761 -0.00265954 0.0163114 -0.00545455 0.02 0 0 0 0 0 0 1.04167e+10 1.04167e+10 1.04167e+10 
-0.00561383 0.0144761 -0.000810238 0.011882 -0.00265954 0.0163114 0 0 0 0 0 0 2.08333e+10 2.08333e+10 2.08333e+10 
0.0139931 0.00498193 0.0187596 0.00587755 0.0176545 0.00840994 0 0 0 0 0 0 1.04167e+10 1.04167e+10 1.04167e+10 
0.0139931 0.00498193 0.0178268 0.0026091 0.0187596 0.00587755 0 0 0 0 0 0 1.04167e+10 1.04167e+10 1.04167e+10 
0.0139931 0.00498193 0.0121366 0.00201962 0.0178268 0.0026091 0 0 0 0 0 0 1.04167e+10 1.04167e+10 1.04167e+10 
-0.0118919 0.00956315 -0.014055 0.00521575 -0.0118541 0.00451057 0 0 0 0 0 0 1.04167e+10 1.04167e+10 1.04167e+10 
-0.0118919 0.00956315 -0.0118541 0.00451057 -0.01 0.005 0 0 0 0 0 0 1.04167e+10 1.04167e+10 1.04167e+10 
-0.0118919 0.00956315 -0.0154972 0.00994074 -0.014055 0.00521575 0 0 0 0 0 0 1.04167e+10 1.04167e+10 1.04167e+10 
-0.00924822 0.0084271 -0.01 0.005 -0.0081459 0.00451057 0 0 0 0 0 0 1.04167e+10 1.04167e+10 1.04167e+10 
-0.00924822 0.0084271 -0.0118919 0.00956315 -0.01 0.005 0 0 0 0 0 0 1.04167e+10 1.04167e+10 1.04167e+10 
-0.00924822 0.0084271 -0.00728206 0.0116154 -0.0118919 0.00956315 0 0 0 0 0 0 1.04167e+10 1.04167e+10 1.04167e+10 
0.00318329 -0.00505281 0.00348807 -0.00124588 -7.35274e-05 -0.00104733 0 0 0 0 0 0 1.04167e+10 1.04167e+10 1.04167e+10 
-0.00400405 -0.0162655 -0.0081459 -0.0145106 -0.00545455 -0.02 0 0 0 0 0 0 1.04167e+10 1.04167e+10 1.04167e+10 
0.00700424 -0.0055314 0.00348807 -0.00124588 0.00318329 -0.00505281 0 0 0 0 0 0 1.04167e+10 1.04167e+10 1.04167e+10 
-0.0135267 0.00309017 -0.0178101 0.00524216 -0.0148541 0.000877853 0 0 0 0 0 0 1.04167e+10 1.04167e+10 1.04167e+10 
-0.0135267 0.00309017 -0.014055 0.00521575 -0.0178101 0.00524216 0 0 0 0 0 0 1.04167e+10 1.04167e+10 1.04167e+10 
-0.0135267 0.00309017 -0.00986798 0.000738326 -0.0118541 0.00451057 0 0 0 0 0 0 2.08333e+10 2.08333e+10 2.08333e+10 
-0.0135267 0.00309017 -0.0118541 0.00451057 -0.014055 0.00521575 0 0 0 0 0 0 1.04167e+10 1.04167e+10 1.04167e+10 
-0.0135267 0.00309017 -0.0148541 0.000877853 -0.0124736 -0.00104574 0 0 0 0 0 0 2.08333e+10 2.08333e+10 2.08333e+10 
-0.0135267 0.00309017 -0.0124736 -0.00104574 -0.00986798 0.000738326 0 0 0 0 0 0 2.08333e+10 2.08333e+10 2.08333e+10 
0.00628646 -0.0126831 0.0026048 -0.0130981 0.00342688 -0.0163393 0 0 0 0 0 0 1.04167e+10 1.04167e+10 1.04167e+10 
-0.00561383 0.00552392 -0.00265954 0.00368864 -0.000369951 0.00639485 0 0 0 0 0 0 2.08333e+10 2.08333e+10 2.08333e+10 
-0.00181818 -0.02 -0.00400405 -0.0162655 -0.00545455 -0.02 0 0 0 0 0 0 1.04167e+10 1.04167e+10 1.04167e+10 
-0.02 0.0127273 -0.02 0.00909091 -0.0172404 0.0119165 0 0 0 0 0 0 1.04167e+10 1.04167e+10 1.04167e+10 
-0.02 0.0127273 -0.0172404 0.0119165 -0.02 0.0163636 0 0 0 0 0 0 1.04167e+10 1.04167e+10 1.04167e+10 
0.0176526 0.0155945 0.02 0.0163636 0.0163636 0.02 0 0 0 0 0 0 1.04167e+10 1.04167e+10 1.04167e+10 
-0.0163636 -0.02 -0.0175269 -0.0165557 -0.02 -0.02 0 0 0 0 0 0 1.04167e+10 1.04167e+10 1.04167e+10 
0.00676976 0.0172429 0.00997615 0.0163587 0.00909091 0.02 0 0 0 0 0 0 1.04167e+10 1.04167e+10 1.04167e+10 
-0.00180449 0.00141134 -0.00265954 0.00368864 -0.0051459 0.000877853 0 0 0 0 0 0 1.04167e+10 1.04167e+10 1.04167e+10 
-0.00180449 0.00141134 -0.00429366 -0.00190983 -7.35274e-05 -0.00104733 0 0 0 0 0 0 1.04167e+10 1.04167e+10 1.04167e+10 
-0.00180449 0.00141134 -0.0051459 0.000877853 -0.00429366 -0.00190983 0 0 0 0 0 0 1.04167e+10 1.04167e+10 1.04167e+10 
-0.00181818 0.02 -0.00545455 0.02 -0.00265954 0.0163114 0 0 0 0 0 0 1.04167e+10 1.04167e+10 1.04167e+10 
-0.00935378 0.0168142 -0.00728206 0.0116154 -0.00561383 0.0144761 0 0 0 0 0 0 1.04167e+10 1.04167e+10 1.04167e+10 
-0.00935378 0.0168142 -0.00561383 0.0144761 -0.00545455 0.02 0 0 0 0 0 0 1.04167e+10 1.04167e+10 1.04167e+10 
-0.0164414 -0.0121742 -0.02 -0.0127273 -0.0175269 -0.0165557 0 0 0 0 0 0 1.04167e+10 1.04167e+10 1.04167e+10 
0.0173387 -0.0168311 0.0163636 -0.02 0.02 -0.02 0 0 0 0 0 0 1.04167e+10 1.04167e+10 1.04167e+10 
0.0129469 -0.00687381 0.0169941 -0.0122365 0.0189495 -0.00845287 0 0 0 0 0 0 1.04167e+10 1.04167e+10 1.04167e+10 
0.0129469 -0.00687381 0.0123481 -0.0112241 0.0169941 -0.0122365 0 0 0 0 0 0 1.04167e+10 1.04167e+10 1.04167e+10 
0.02 0.00909091 0.0187596 0.00587755 0.02 0.00545455 0 0 0 0 0 0 1.04167e+10 1.04167e+10 1.04167e+10 
0.02 0.00909091 0.0176545 0.00840994 0.0187596 0.00587755 0 0 0 0 0 0 1.04167e+10 1.04167e+10 1.04167e+10 
0.00543565 0.00255783 0.00816701 0.00291634 0.00664092 0.00686312 0 0 0 0 0 0 1.04167e+10 1.04167e+10 1.04167e+10 
0.000904025 0.00329922 -0.000369951 0.00639485 -0.00265954 0.00368864 0 0 0 0 0 0 2.08333e+10 2.08333e+10 2.08333e+10 
0.000904025 0.00329922 -0.00265954 0.00368864 -0.00180449 0.00141134 0 0 0 0 0 0 1.04167e+10 1.04167e+10 1.04167e+10 
-0.00699657 -0.00776741 -0.0051459 -0.0108779 -0.00429366 -0.00809017 0 0 0 0 0 0 2.08333e+10 2.08333e+10 2.08333e+10 
-0.00699657 -0.00776741 -0.00429366 -0.00809017 -0.00651055 -0.00543594 0 0 0 0 0 0 2.08333e+10 2.08333e+10 2.08333e+10 
-0.00121285 -0.0121107 -0.00429366 -0.00809017 -0.0051459 -0.0108779 0 0 0 0 0 0 1.04167e+10 1.04167e+10 1.04167e+10 
-0.00836139 -0.00630369 -0.00699657 -0.00776741 -0.00651055 -0.00543594 0 0 0 0 0 0 2.08333e+10 2.08333e+10 2.08333e+10 
0.00664092 0.0131369 0.00997615 0.0163587 0.00676976 0.0172429 0 0 0 0 0 0 1.04167e+10 1.04167e+10 1.04167e+10 
0.00664092 0.0131369 0.00676976 0.0172429 0.00426049 0.0155551 0 0 0 0 0 0 1.04167e+10 1.04167e+10 1.04167e+10 
0.0127273 0.02 0.00909091 0.02 0.00997615 0.0163587 0 0 0 0 0 0 1.04167e+10 1.04167e+10 1.04167e+10 
0.02 0.0127273 0.0176545 0.00840994 0.02 0.00909091 0 0 0 0 0 0 1.04167e+10 1.04167e+10 1.04167e+10 
-0.02 -0.0163636 -0.02 -0.02 -0.0175269 -0.0165557 0 0 0 0 0 0 1.04167e+10 1.04167e+10 1.04167e+10 
-0.02 -0.0163636 -0.0175269 -0.0165557 -0.02 -0.0127273 0 0 0 0 0 0 1.04167e+10 1.04167e+10 1.04167e+10 
-4.73263e-06 -0.0161293 -0.00400405 -0.0162655 -0.00181818 -0.02 0 0 0 0 0 0 1.04167e+10 1.04167e+10 1.04167e+10 
-4.73263e-06 -0.0161293 0.00342688 -0.0163393 0.0026048 -0.0130981 0 0 0 0 0 0 1.04167e+10 1.04167e+10 1.04167e+10 
-4.73263e-06 -0.0161293 0.0026048 -0.0130981 -0.00121285 -0.0121107 0 0 0 0 0 0 1.04167e+10 1.04167e+10 1.04167e+10 
0.02 -0.0163636 0.0173387 -0.0168311 0.02 -0.02 0 0 0 0 0 0 1.04167e+10 1.04167e+10 1.04167e+10 
-0.00739333 -0.001006 -0.00429366 -0.00190983 -0.0051459 0.000877853 0 0 0 0 0 0 2.08333e+10 2.08333e+10 2.08333e+10 
-0.0138354 0.0119497 -0.0172404 0.0119165 -0.0154972 0.00994074 0 0 0 0 0 0 1.04167e+10 1.04167e+10 1.04167e+10 
-0.0138354 0.0119497 -0.0154972 0.00994074 -0.0118919 0.00956315 0 0 0 0 0 0 1.04167e+10 1.04167e+10 1.04167e+10 
-0.00394869 0.0109641 -0.000810238 0.011882 -0.00561383 0.0144761 0 0 0 0 0 0 2.08333e+10 2.08333e+10 2.08333e+10 
-0.00394869 0.0109641 -0.00561383 0.0144761 -0.00728206 0.0116154 0 0 0 0 0 0 2.08333e+10 2.08333e+10 2.08333e+10 
-0.00394869 0.0109641 0 0.01 -0.000810238 0.011882 0 0 0 0 0 0 2.08333e+10 2.08333e+10 2.08333e+10 
-0.00394869 0.0109641 -0.00561383 0.00552392 -0.000369951 0.00639485 0 0 0 0 0 0 2.08333e+10 2.08333e+10 2.08333e+10 
-0.00394869 0.0109641 -0.000369951 0.00639485 0 0.01 0 0 0 0 0 0 2.08333e+10 2.08333e+10 2.08333e+10 
0.02 0.00181818 0.0178268 0.0026091 0.0175776 -0.00112534 0 0 0 0 0 0 1.04167e+10 1.04167e+10 1.04167e+10 
0.02 0.00181818 0.0175776 -0.00112534 0.02 -0.00181818 0 0 0 0 0 0 1.04167e+10 1.04167e+10 1.04167e+10 
0.02 0.00181818 0.02 0.00545455 0.0178268 0.0026091 0 0 0 0 0 0 1.04167e+10 1.04167e+10 1.04167e+10 
-0.00909091 0.02 -0.0116949 0.016598 -0.00935378 0.0168142 0 0 0 0 0 0 1.04167e+10 1.04167e+10 1.04167e+10 
-0.00909091 0.02 -0.0127273 0.02 -0.0116949 0.016598 0 0 0 0 0 0 1.04167e+10 1.04167e+10 1.04167e+10 
-0.00909091 0.02 -0.00935378 0.0168142 -0.00545455 0.02 0 0 0 0 0 0 1.04167e+10 1.04167e+10 1.04167e+10 
0.00426049 0.00444486 -0.000369951 0.00639485 0.000904025 0.00329922 0 0 0 0 0 0 2.08333e+10 2.08333e+10 2.08333e+10 
0.00426049 0.00444486 0.00543565 0.00255783 0.00664092 0.00686312 0 0 0 0 0 0 1.04167e+10 1.04167e+10 1.04167e+10 
-0.004 -0.005 -0.00651055 -0.00543594 -0.00429366 -0.00809017 0 0 0 0 0 0 2.08333e+10 2.08333e+10 2.08333e+10 
-0.0133638 -0.00546119 -0.0128898 -0.00780449 -0.0114146 -0.00639747 0 0 0 0 0 0 2.08333e+10 2.08333e+10 2.08333e+10 
0.0112862 0.0119993 0.00997615 0.0163587 0.00664092 0.0131369 0 0 0 0 0 0 1.04167e+10 1.04167e+10 1.04167e+10 
0.0112862 0.0119993 0.00664092 0.0131369 0.0075 0.01 0 0 0 0 0 0 1.04167e+10 1.04167e+10 1.04167e+10 
-0.00647329 -0.0130902 -0.0081459 -0.0145106 -0.00400405 -0.0162655 0 0 0 0 0 0 1.04167e+10 1.04167e+10 1.04167e+10 
0.0154005 -0.00105431 0.0178268 0.0026091 0.0121366 0.00201962 0 0 0 0 0 0 1.04167e+10 1.04167e+10 1.04167e+10 
0.0154005 -0.00105431 0.0175776 -0.00112534 0.0178268 0.0026091 0 0 0 0 0 0 1.04167e+10 1.04167e+10 1.04167e+10 
-0.00657701 -0.00313576 -0.00429366 -0.00190983 -0.00739333 -0.001006 0 0 0 0 0 0 2.08333e+10 2.08333e+10 2.08333e+10 
-0.00657701 -0.00313576 -0.00651055 -0.00543594 -0.004 -0.005 0 0 0 0 0 0 2.08333e+10 2.08333e+10 2.08333e+10 
-0.00657701 -0.00313576 -0.004 -0.005 -0.00429366 -0.00190983 0 0 0 0 0 0 2.08333e+10 2.08333e+10 2.08333e+10 
-0.0101243 -0.0169135 -0.00545455 -0.02 -0.0081459 -0.0145106 0 0 0 0 0 0 1.04167e+10 1.04167e+10 1.04167e+10 
-0.0101243 -0.0169135 -0.00909091 -0.02 -0.00545455 -0.02 0 0 0 0 0 0 1.04167e+10 1.04167e+10 1.04167e+10 
-0.0101243 -0.0169135 -0.0081459 -0.0145106 -0.01 -0.015 0 0 0 0 0 0 1.04167e+10 1.04167e+10 1.04167e+10 
-0.0101243 -0.0169135 -0.0127273 -0.02 -0.00909091 -0.02 0 0 0 0 0 0 1.04167e+10 1.04167e+10 1.04167e+10 
-0.0101243 -0.0169135 -0.01 -0.015 -0.0118541 -0.0145106 0 0 0 0 0 0 1.04167e+10 1.04167e+10 1.04167e+10 
0.01 0.005 0.00664092 0.00686312 0.00948064 0.00484901 0 0 0 0 0 0 1.04167e+10 1.04167e+10 1.04167e+10 
0.01 0.005 0.0075 0.01 0.00664092 0.00686312 0 0 0 0 0 0 1.04167e+10 1.04167e+10 1.04167e+10 
0.0142182 0.00855332 0.0139931 0.00498193 0.0176545 0.00840994 0 0 0 0 0 0 1.04167e+10 1.04167e+10 1.04167e+10 
0.0142182 0.00855332 0.0112862 0.0119993 0.0075 0.01 0 0 0 0 0 0 1.04167e+10 1.04167e+10 1.04167e+10 
0.0142182 0.00855332 0.0075 0.01 0.01 0.005 0 0 0 0 0 0 1.04167e+10 1.04167e+10 1.04167e+10 
0.0178624 0.0136222 0.0176545 0.00840994 0.02 0.0127273 0 0 0 0 0 0 1.04167e+10 1.04167e+10 1.04167e+10 
0.0178624 0.0136222 0.02 0.0163636 0.0176526 0.0155945 0 0 0 0 0 0 1.04167e+10 1.04167e+10 1.04167e+10 
0.0178624 0.0136222 0.02 0.0127273 0.02 0.0163636 0 0 0 0 0 0 1.04167e+10 1.04167e+10 1.04167e+10 
0.00181818 -0.02 -4.73263e-06 -0.0161293 -0.00181818 -0.02 0 0 0 0 0 0 1.04167e+10 1.04167e+10 1.04167e+10 
0.00181818 -0.02 0.00342688 -0.0163393 -4.73263e-06 -0.0161293 0 0 0 0 0 0 1.04167e+10 1.04167e+10 1.04167e+10 
-0.0139944 -0.015821 -0.0164414 -0.0121742 -0.0175269 -0.0165557 0 0 0 0 0 0 1.04167e+10 1.04167e+10 1.04167e+10 
-0.0139944 -0.015821 -0.0175269 -0.0165557 -0.0163636 -0.02 0 0 0 0 0 0 1.04167e+10 1.04167e+10 1.04167e+10 
-0.0139944 -0.015821 -0.0163636 -0.02 -0.0127273 -0.02 0 0 0 0 0 0 1.04167e+10 1.04167e+10 1.04167e+10 
-0.0139944 -0.015821 -0.0127273 -0.02 -0.0101243 -0.0169135 0 0 0 0 0 0 1.04167e+10 1.04167e+10 1.04167e+10 
-0.0139944 -0.015821 -0.0101243 -0.0169135 -0.0118541 -0.0145106 0 0 0 0 0 0 1.04167e+10 1.04167e+10 1.04167e+10 
0.000904025 0.0167008 0.00426049 0.0155551 0.00181818 0.02 0 0 0 0 0 0 1.04167e+10 1.04167e+10 1.04167e+10 
0.000904025 0.0167008 -0.00265954 0.0163114 -0.000810238 0.011882 0 0 0 0 0 0 2.08333e+10 2.08333e+10 2.08333e+10 
0.000904025 0.0167008 -0.000810238 0.011882 0.00426049 0.0155551 0 0 0 0 0 0 2.08333e+10 2.08333e+10 2.08333e+10 
0.000904025 0.0167008 -0.00181818 0.02 -0.00265954 0.0163114 0 0 0 0 0 0 1.04167e+10 1.04167e+10 1.04167e+10 
0.000904025 0.0167008 0.00181818 0.02 -0.00181818 0.02 0 0 0 0 0 0 1.04167e+10 1.04167e+10 1.04167e+10 
0.0072733 -0.000829869 0.0121366 0.00201962 0.00816701 0.00291634 0 0 0 0 0 0 2.08333e+10 2.08333e+10 2.08333e+10 
0.0072733 -0.000829869 0.00348807 -0.00124588 0.00700424 -0.0055314 0 0 0 0 0 0 1.04167e+10 1.04167e+10 1.04167e+10 
0.0072733 -0.000829869 0.00700424 -0.0055314 0.01 -0.005 0 0 0 0 0 0 2.08333e+10 2.08333e+10 2.08333e+10 
0.0072733 -0.000829869 0.00816701 0.00291634 0.00543565 0.00255783 0 0 0 0 0 0 1.04167e+10 1.04167e+10 1.04167e+10 
0.0072733 -0.000829869 0.00543565 0.00255783 0.00348807 -0.00124588 0 0 0 0 0 0 1.04167e+10 1.04167e+10 1.04167e+10 
0.00545455 -0.02 0.00979716 -0.0149771 0.00342688 -0.0163393 0 0 0 0 0 0 1.04167e+10 1.04167e+10 1.04167e+10 
0.00545455 -0.02 0.00342688 -0.0163393 0.00181818 -0.02 0 0 0 0 0 0 1.04167e+10 1.04167e+10 1.04167e+10 
0.00742147 -0.0101112 0.01 -0.005 0.00700424 -0.0055314 0 0 0 0 0 0 2.08333e+10 2.08333e+10 2.08333e+10 
0.00742147 -0.0101112 0.0123481 -0.0112241 0.0129469 -0.00687381 0 0 0 0 0 0 2.08333e+10 2.08333e+10 2.08333e+10 
0.00742147 -0.0101112 0.0129469 -0.00687381 0.01 -0.005 0 0 0 0 0 0 2.08333e+10 2.08333e+10 2.08333e+10 
0.0128706 -0.00209426 0.0154005 -0.00105431 0.0121366 0.00201962 0 0 0 0 0 0 1.04167e+10 1.04167e+10 1.04167e+10 
0.0128706 -0.00209426 0.0121366 0.00201962 0.0072733 -0.000829869 0 0 0 0 0 0 2.08333e+10 2.08333e+10 2.08333e+10 
0.0128706 -0.00209426 0.0072733 -0.000829869 0.01 -0.005 0 0 0 0 0 0 2.08333e+10 2.08333e+10 2.08333e+10 
0.0128706 -0.00209426 0.01 -0.005 0.0129469 -0.00687381 0 0 0 0 0 0 2.08333e+10 2.08333e+10 2.08333e+10 
-0.00728206 0.00838462 -0.00924822 0.0084271 -0.0081459 0.00451057 0 0 0 0 0 0 1.04167e+10 1.04167e+10 1.04167e+10 
-0.00728206 0.00838462 -0.0081459 0.00451057 -0.00561383 0.00552392 0 0 0 0 0 0 1.04167e+10 1.04167e+10 1.04167e+10 
-0.00728206 0.00838462 -0.00561383 0.00552392 -0.00394869 0.0109641 0 0 0 0 0 0 2.08333e+10 2.08333e+10 2.08333e+10 
-0.00728206 0.00838462 -0.00728206 0.0116154 -0.00924822 0.0084271 0 0 0 0 0 0 1.04167e+10 1.04167e+10 1.04167e+10 
-0.00728206 0.00838462 -0.00394869 0.0109641 -0.00728206 0.0116154 0 0 0 0 0 0 2.08333e+10 2.08333e+10 2.08333e+10 
0.00545455 0.02 0.00426049 0.0155551 0.00676976 0.0172429 0 0 0 0 0 0 1.04167e+10 1.04167e+10 1.04167e+10 
0.00545455 0.02 0.00181818 0.02 0.00426049 0.0155551 0 0 0 0 0 0 1.04167e+10 1.04167e+10 1.04167e+10 
0.00545455 0.02 0.00676976 0.0172429 0.00909091 0.02 0 0 0 0 0 0 1.04167e+10 1.04167e+10 1.04167e+10 
-0.02 0.00545455 -0.02 0.00181818 -0.0178101 0.00524216 0 0 0 0 0 0 1.04167e+10 1.04167e+10 1.04167e+10 
-0.02 0.00545455 -0.0178101 0.00524216 -0.02 0.00909091 0 0 0 0 0 0 1.04167e+10 1.04167e+10 1.04167e+10 
0.00438224 -0.00936565 0.0026048 -0.0130981 0.00628646 -0.0126831 0 0 0 0 0 0 1.04167e+10 1.04167e+10 1.04167e+10 
0.00438224 -0.00936565 0.00628646 -0.0126831 0.00742147 -0.0101112 0 0 0 0 0 0 1.04167e+10 1.04167e+10 1.04167e+10 
0.00438224 -0.00936565 0.00700424 -0.0055314 0.00318329 -0.00505281 0 0 0 0 0 0 1.04167e+10 1.04167e+10 1.04167e+10 
0.00438224 -0.00936565 0.00742147 -0.0101112 0.00700424 -0.0055314 0 0 0 0 0 0 1.04167e+10 1.04167e+10 1.04167e+10 
-0.00997159 -0.00195965 -0.00986798 0.000738326 -0.0124736 -0.00104574 0 0 0 0 0 0 2.08333e+10 2.08333e+10 2.08333e+10 
-0.00997159 -0.00195965 -0.00739333 -0.001006 -0.00986798 0.000738326 0 0 0 0 0 0 2.08333e+10 2.08333e+10 2.08333e+10 
-0.00997159 -0.00195965 -0.0124736 -0.00104574 -0.0131357 -0.0031733 0 0 0 0 0 0 2.08333e+10 2.08333e+10 2.08333e+10 
-0.00997159 -0.00195965 -0.00657701 -0.00313576 -0.00739333 -0.001006 0 0 0 0 0 0 2.08333e+10 2.08333e+10 2.08333e+10 
-0.00647329 0.00309017 -0.0081459 0.00451057 -0.00986798 0.000738326 0 0 0 0 0 0 2.08333e+10 2.08333e+10 2.08333e+10 
-0.00647329 0.00309017 -0.00561383 0.00552392 -0.0081459 0.00451057 0 0 0 0 0 0 1.04167e+10 1.04167e+10 1.04167e+10 
-0.00647329 0.00309017 -0.00739333 -0.001006 -0.0051459 0.000877853 0 0 0 0 0 0 2.08333e+10 2.08333e+10 2.08333e+10 
-0.00647329 0.00309017 -0.00986798 0.000738326 -0.00739333 -0.001006 0 0 0 0 0 0 2.08333e+10 2.08333e+10 2.08333e+10 
-0.00647329 0.00309017 -0.00265954 0.00368864 -0.00561383 0.00552392 0 0 0 0 0 0 1.04167e+10 1.04167e+10 1.04167e+10 
-0.00647329 0.00309017 -0.0051459 0.000877853 -0.00265954 0.00368864 0 0 0 0 0 0 1.04167e+10 1.04167e+10 1.04167e+10 
0.02 -0.0127273 0.0169941 -0.0122365 0.0173387 -0.0168311 0 0 0 0 0 0 1.04167e+10 1.04167e+10 1.04167e+10 
0.02 -0.0127273 0.0173387 -0.0168311 0.02 -0.0163636 0 0 0 0 0 0 1.04167e+10 1.04167e+10 1.04167e+10 
-0.02 -0.00181818 -0.0175469 -0.00212666 -0.02 0.00181818 0 0 0 0 0 0 1.04167e+10 1.04167e+10 1.04167e+10 
-0.02 -0.00181818 -0.02 -0.00545455 -0.0175469 -0.00212666 0 0 0 0 0 0 1.04167e+10 1.04167e+10 1.04167e+10 
0.00842941 -0.0135201 0.00628646 -0.0126831 0.00342688 -0.0163393 0 0 0 0 0 0 1.04167e+10 1.04167e+10 1.04167e+10 
0.00842941 -0.0135201 0.00342688 -0.0163393 0.00979716 -0.0149771 0 0 0 0 0 0 1.04167e+10 1.04167e+10 1.04167e+10 
0.00842941 -0.0135201 0.00979716 -0.0149771 0.0112114 -0.0141485 0 0 0 0 0 0 2.08333e+10 2.08333e+10 2.08333e+10 
0.00842941 -0.0135201 0.00742147 -0.0101112 0.00628646 -0.0126831 0 0 0 0 0 0 1.04167e+10 1.04167e+10 1.04167e+10 
0.00842941 -0.0135201 0.0112114 -0.0141485 0.0123481 -0.0112241 0 0 0 0 0 0 2.08333e+10 2.08333e+10 2.08333e+10 
0.00842941 -0.0135201 0.0123481 -0.0112241 0.00742147 -0.0101112 0 0 0 0 0 0 2.08333e+10 2.08333e+10 2.08333e+10 
-0.0105514 -0.0104186 -0.01 -0.015 -0.0081459 -0.0145106 0 0 0 0 0 0 2.08333e+10 2.08333e+10 2.08333e+10 
-0.0105514 -0.0104186 -0.0118541 -0.0145106 -0.01 -0.015 0 0 0 0 0 0 2.08333e+10 2.08333e+10 2.08333e+10 
-0.0105514 -0.0104186 -0.0128898 -0.00780449 -0.0148541 -0.0108779 0 0 0 0 0 0 2.08333e+10 2.08333e+10 2.08333e+10 
-0.0105514 -0.0104186 -0.0081459 -0.0145106 -0.00647329 -0.0130902 0 0 0 0 0 0 2.08333e+10 2.08333e+10 2.08333e+10 
-0.0117743 0.0134965 -0.00728206 0.0116154 -0.00935378 0.0168142 0 0 0 0 0 0 1.04167e+10 1.04167e+10 1.04167e+10 
-0.0117743 0.0134965 -0.00935378 0.0168142 -0.0116949 0.016598 0 0 0 0 0 0 1.04167e+10 1.04167e+10 1.04167e+10 
-0.0117743 0.0134965 -0.0118919 0.00956315 -0.00728206 0.0116154 0 0 0 0 0 0 1.04167e+10 1.04167e+10 1.04167e+10 
-0.0117743 0.0134965 -0.0138354 0.0119497 -0.0118919 0.00956315 0 0 0 0 0 0 1.04167e+10 1.04167e+10 1.04167e+10 
-0.00997277 -0.00768424 -0.0114146 -0.00639747 -0.0128898 -0.00780449 0 0 0 0 0 0 2.08333e+10 2.08333e+10 2.08333e+10 
-0.00997277 -0.00768424 -0.0128898 -0.00780449 -0.0105514 -0.0104186 0 0 0 0 0 0 2.08333e+10 2.08333e+10 2.08333e+10 
-0.00997277 -0.00768424 -0.00699657 -0.00776741 -0.00836139 -0.00630369 0 0 0 0 0 0 2.08333e+10 2.08333e+10 2.08333e+10 
0.0126981 0.0169637 0.0176526 0.0155945 0.0163636 0.02 0 0 0 0 0 0 1.04167e+10 1.04167e+10 1.04167e+10 
0.0126981 0.0169637 0.0163636 0.02 0.0127273 0.02 0 0 0 0 0 0 1.04167e+10 1.04167e+10 1.04167e+10 
0.0126981 0.0169637 0.0127273 0.02 0.00997615 0.0163587 0 0 0 0 0 0 1.04167e+10 1.04167e+10 1.04167e+10 
0.0126981 0.0169637 0.00997615 0.0163587 0.0112862 0.0119993 0 0 0 0 0 0 1.04167e+10 1.04167e+10 1.04167e+10 
0.0109133 0.00452539 0.00948064 0.00484901 0.00816701 0.00291634 0 0 0 0 0 0 2.08333e+10 2.08333e+10 2.08333e+10 
0.0109133 0.00452539 0.00816701 0.00291634 0.0121366 0.00201962 0 0 0 0 0 0 2.08333e+10 2.08333e+10 2.08333e+10 
0.0109133 0.00452539 0.01 0.005 0.00948064 0.00484901 0 0 0 0 0 0 2.08333e+10 2.08333e+10 2.08333e+10 
0.0109133 0.00452539 0.0121366 0.00201962 0.0139931 0.00498193 0 0 0 0 0 0 1.04167e+10 1.04167e+10 1.04167e+10 
0.0109133 0.00452539 0.0139931 0.00498193 0.0142182 0.00855332 0 0 0 0 0 0 1.04167e+10 1.04167e+10 1.04167e+10 
0.0109133 0.00452539 0.0142182 0.00855332 0.01 0.005 0 0 0 0 0 0 1.04167e+10 1.04167e+10 1.04167e+10 
-0.01 -0.005 -0.0131357 -0.0031733 -0.0133638 -0.00546119 0 0 0 0 0 0 2.08333e+10 2.08333e+10 2.08333e+10 
-0.01 -0.005 -0.0133638 -0.00546119 -0.0114146 -0.00639747 0 0 0 0 0 0 2.08333e+10 2.08333e+10 2.08333e+10 
-0.01 -0.005 -0.00997159 -0.00195965 -0.0131357 -0.0031733 0 0 0 0 0 0 2.08333e+10 2.08333e+10 2.08333e+10 
-0.01 -0.005 -0.00836139 -0.00630369 -0.00651055 -0.00543594 0 0 0 0 0 0 2.08333e+10 2.08333e+10 2.08333e+10 
-0.01 -0.005 -0.00651055 -0.00543594 -0.00657701 -0.00313576 0 0 0 0 0 0 2.08333e+10 2.08333e+10 2.08333e+10 
-0.01 -0.005 -0.00657701 -0.00313576 -0.00997159 -0.00195965 0 0 0 0 0 0 2.08333e+10 2.08333e+10 2.08333e+10 
-0.01 -0.005 -0.0114146 -0.00639747 -0.00997277 -0.00768424 0 0 0 0 0 0 2.08333e+10 2.08333e+10 2.08333e+10 
-0.01 -0.005 -0.00997277 -0.00768424 -0.00836139 -0.00630369 0 0 0 0 0 0 2.08333e+10 2.08333e+10 2.08333e+10 
-0.0156419 0.0170502 -0.02 0.0163636 -0.0172404 0.0119165 0 0 0 0 0 0 1.04167e+10 1.04167e+10 1.04167e+10 
-0.0156419 0.0170502 -0.0116949 0.016598 -0.0127273 0.02 0 0 0 0 0 0 1.04167e+10 1.04167e+10 1.04167e+10 
-0.0156419 0.0170502 -0.0172404 0.0119165 -0.0138354 0.0119497 0 0 0 0 0 0 1.04167e+10 1.04167e+10 1.04167e+10 
-0.0156419 0.0170502 -0.0117743 0.0134965 -0.0116949 0.016598 0 0 0 0 0 0 1.04167e+10 1.04167e+10 1.04167e+10 
-0.0156419 0.0170502 -0.0138354 0.0119497 -0.0117743 0.0134965 0 0 0 0 0 0 1.04167e+10 1.04167e+10 1.04167e+10 
0.0168366 -0.0047635 0.02 -0.00545455 0.02 -0.00181818 0 0 0 0 0 0 1.04167e+10 1.04167e+10 1.04167e+10 
0.0168366 -0.0047635 0.02 -0.00181818 0.0175776 -0.00112534 0 0 0 0 0 0 1.04167e+10 1.04167e+10 1.04167e+10 
0.0168366 -0.0047635 0.0129469 -0.00687381 0.0189495 -0.00845287 0 0 0 0 0 0 1.04167e+10 1.04167e+10 1.04167e+10 
0.0168366 -0.0047635 0.0189495 -0.00845287 0.02 -0.00545455 0 0 0 0 0 0 1.04167e+10 1.04167e+10 1.04167e+10 
0.0168366 -0.0047635 0.0175776 -0.00112534 0.0154005 -0.00105431 0 0 0 0 0 0 1.04167e+10 1.04167e+10 1.04167e+10 
0.0168366 -0.0047635 0.0154005 -0.00105431 0.0128706 -0.00209426 0 0 0 0 0 0 1.04167e+10 1.04167e+10 1.04167e+10 
0.0168366 -0.0047635 0.0128706 -0.00209426 0.0129469 -0.00687381 0 0 0 0 0 0 1.04167e+10 1.04167e+10 1.04167e+10 
-0.0163636 0.02 -0.02 0.02 -0.02 0.0163636 0 0 0 0 0 0 1.04167e+10 1.04167e+10 1.04167e+10 
-0.0163636 0.02 -0.02 0.0163636 -0.0156419 0.0170502 0 0 0 0 0 0 1.04167e+10 1.04167e+10 1.04167e+10 
-0.0163636 0.02 -0.0156419 0.0170502 -0.0127273 0.02 0 0 0 0 0 0 1.04167e+10 1.04167e+10 1.04167e+10 
-0.016 -0.005 -0.0131357 -0.0031733 -0.0157063 -0.00190983 0 0 0 0 0 0 2.08333e+10 2.08333e+10 2.08333e+10 
-0.016 -0.005 -0.0133638 -0.00546119 -0.0131357 -0.0031733 0 0 0 0 0 0 2.08333e+10 2.08333e+10 2.08333e+10 
-0.016 -0.005 -0.0157063 -0.00190983 -0.0175469 -0.00212666 0 0 0 0 0 0 1.04167e+10 1.04167e+10 1.04167e+10 
-0.016 -0.005 -0.0175469 -0.00212666 -0.02 -0.00545455 0 0 0 0 0 0 1.04167e+10 1.04167e+10 1.04167e+10 
0.0146378 0.0131951 0.0142182 0.00855332 0.0176545 0.00840994 0 0 0 0 0 0 1.04167e+10 1.04167e+10 1.04167e+10 
0.0146378 0.0131951 0.0176545 0.00840994 0.0178624 0.0136222 0 0 0 0 0 0 1.04167e+10 1.04167e+10 1.04167e+10 
0.0146378 0.0131951 0.0112862 0.0119993 0.0142182 0.00855332 0 0 0 0 0 0 1.04167e+10 1.04167e+10 1.04167e+10 
0.0146378 0.0131951 0.0178624 0.0136222 0.0176526 0.0155945 0 0 0 0 0 0 1.04167e+10 1.04167e+10 1.04167e+10 
0.0146378 0.0131951 0.0176526 0.0155945 0.0126981 0.0169637 0 0 0 0 0 0 1.04167e+10 1.04167e+10 1.04167e+10 
0.0146378 0.0131951 0.0126981 0.0169637 0.0112862 0.0119993 0 0 0 0 0 0 1.04167e+10 1.04167e+10 1.04167e+10 
-0.00396559 -0.0132395 -0.00400405 -0.0162655 -4.73263e-06 -0.0161293 0 0 0 0 0 0 1.04167e+10 1.04167e+10 1.04167e+10 
-0.00396559 -0.0132395 -4.73263e-06 -0.0161293 -0.00121285 -0.0121107 0 0 0 0 0 0 1.04167e+10 1.04167e+10 1.04167e+10 
-0.00396559 -0.0132395 -0.00121285 -0.0121107 -0.0051459 -0.0108779 0 0 0 0 0 0 1.04167e+10 1.04167e+10 1.04167e+10 
-0.00396559 -0.0132395 -0.0051459 -0.0108779 -0.00647329 -0.0130902 0 0 0 0 0 0 1.04167e+10 1.04167e+10 1.04167e+10 
-0.00396559 -0.0132395 -0.00647329 -0.0130902 -0.00400405 -0.0162655 0 0 0 0 0 0 1.04167e+10 1.04167e+10 1.04167e+10 
-0.0079784 -0.00951333 -0.0051459 -0.0108779 -0.00699657 -0.00776741 0 0 0 0 0 0 2.08333e+10 2.08333e+10 2.08333e+10 
-0.0079784 -0.00951333 -0.0105514 -0.0104186 -0.00647329 -0.0130902 0 0 0 0 0 0 2.08333e+10 2.08333e+10 2.08333e+10 
-0.0079784 -0.00951333 -0.00647329 -0.0130902 -0.0051459 -0.0108779 0 0 0 0 0 0 2.08333e+10 2.08333e+10 2.08333e+10 
-0.0079784 -0.00951333 -0.00997277 -0.00768424 -0.0105514 -0.0104186 0 0 0 0 0 0 2.08333e+10 2.08333e+10 2.08333e+10 
-0.0079784 -0.00951333 -0.00699657 -0.00776741 -0.00997277 -0.00768424 0 0 0 0 0 0 2.08333e+10 2.08333e+10 2.08333e+10 
-0.000523248 -0.00879413 -0.00429366 -0.00809017 -0.00121285 -0.0121107 0 0 0 0 0 0 1.04167e+10 1.04167e+10 1.04167e+10 
-0.000523248 -0.00879413 0.00438224 -0.00936565 0.00318329 -0.00505281 0 0 0 0 0 0 1.04167e+10 1.04167e+10 1.04167e+10 
-0.000523248 -0.00879413 -0.00121285 -0.0121107 0.0026048 -0.0130981 0 0 0 0 0 0 1.04167e+10 1.04167e+10 1.04167e+10 
-0.000523248 -0.00879413 0.0026048 -0.0130981 0.00438224 -0.00936565 0 0 0 0 0 0 1.04167e+10 1.04167e+10 1.04167e+10 
0.00219104 0.0103107 0.00664092 0.00686312 0.0075 0.01 0 0 0 0 0 0 2.08333e+10 2.08333e+10 2.08333e+10 
0.00219104 0.0103107 -0.000810238 0.011882 0 0.01 0 0 0 0 0 0 2.08333e+10 2.08333e+10 2.08333e+10 
0.00219104 0.0103107 0.00426049 0.0155551 -0.000810238 0.011882 0 0 0 0 0 0 2.08333e+10 2.08333e+10 2.08333e+10 
0.00219104 0.0103107 0.0075 0.01 0.00664092 0.0131369 0 0 0 0 0 0 2.08333e+10 2.08333e+10 2.08333e+10 
0.00219104 0.0103107 0.00426049 0.00444486 0.00664092 0.00686312 0 0 0 0 0 0 2.08333e+10 2.08333e+10 2.08333e+10 
0.00219104 0.0103107 0 0.01 -0.000369951 0.00639485 0 0 0 0 0 0 2.08333e+10 2.08333e+10 2.08333e+10 
0.00219104 0.0103107 -0.000369951 0.00639485 0.00426049 0.00444486 0 0 0 0 0 0 2.08333e+10 2.08333e+10 2.08333e+10 
0.00219104 0.0103107 0.00664092 0.0131369 0.00426049 0.0155551 0 0 0 0 0 0 2.08333e+10 2.08333e+10 2.08333e+10 
-0.0183269 -0.00837904 -0.0164414 -0.0121742 -0.0148541 -0.0108779 0 0 0 0 0 0 1.04167e+10 1.04167e+10 1.04167e+10 
-0.0183269 -0.00837904 -0.016 -0.005 -0.02 -0.00545455 0 0 0 0 0 0 1.04167e+10 1.04167e+10 1.04167e+10 
-0.0135267 -0.0130902 -0.0164414 -0.0121742 -0.0139944 -0.015821 0 0 0 0 0 0 1.04167e+10 1.04167e+10 1.04167e+10 
-0.0135267 -0.0130902 -0.0148541 -0.0108779 -0.0164414 -0.0121742 0 0 0 0 0 0 1.04167e+10 1.04167e+10 1.04167e+10 
-0.0135267 -0.0130902 -0.0139944 -0.015821 -0.0118541 -0.0145106 0 0 0 0 0 0 1.04167e+10 1.04167e+10 1.04167e+10 
-0.0135267 -0.0130902 -0.0118541 -0.0145106 -0.0105514 -0.0104186 0 0 0 0 0 0 2.08333e+10 2.08333e+10 2.08333e+10 
-0.0135267 -0.0130902 -0.0105514 -0.0104186 -0.0148541 -0.0108779 0 0 0 0 0 0 2.08333e+10 2.08333e+10 2.08333e+10 
-0.0157063 -0.00809017 -0.0128898 -0.00780449 -0.0133638 -0.00546119 0 0 0 0 0 0 2.08333e+10 2.08333e+10 2.08333e+10 
-0.0157063 -0.00809017 -0.0133638 -0.00546119 -0.016 -0.005 0 0 0 0 0 0 2.08333e+10 2.08333e+10 2.08333e+10 
-0.0157063 -0.00809017 -0.016 -0.005 -0.0183269 -0.00837904 0 0 0 0 0 0 1.04167e+10 1.04167e+10 1.04167e+10 
-0.0157063 -0.00809017 -0.0148541 -0.0108779 -0.0128898 -0.00780449 0 0 0 0 0 0 2.08333e+10 2.08333e+10 2.08333e+10 
-0.0157063 -0.00809017 -0.0183269 -0.00837904 -0.0148541 -0.0108779 0 0 0 0 0 0 1.04167e+10 1.04167e+10 1.04167e+10 
0.00909091 -0.02 0.00979716 -0.0149771 0.00545455 -0.02 0 0 0 0 0 0 1.04167e+10 1.04167e+10 1.04167e+10 
0.0139302 -0.0161691 0.0163636 -0.02 0.0173387 -0.0168311 0 0 0 0 0 0 1.04167e+10 1.04167e+10 1.04167e+10 
0.0139302 -0.0161691 0.0112114 -0.0141485 0.00979716 -0.0149771 0 0 0 0 0 0 1.04167e+10 1.04167e+10 1.04167e+10 
0.0139302 -0.0161691 0.0169941 -0.0122365 0.0123481 -0.0112241 0 0 0 0 0 0 1.04167e+10 1.04167e+10 1.04167e+10 
0.0139302 -0.0161691 0.0123481 -0.0112241 0.0112114 -0.0141485 0 0 0 0 0 0 1.04167e+10 1.04167e+10 1.04167e+10 
0.0139302 -0.0161691 0.0173387 -0.0168311 0.0169941 -0.0122365 0 0 0 0 0 0 1.04167e+10 1.04167e+10 1.04167e+10 
0.00250263 0.00166637 -7.35274e-05 -0.00104733 0.00348807 -0.00124588 0 0 0 0 0 0 1.04167e+10 1.04167e+10 1.04167e+10 
0.00250263 0.00166637 0.00348807 -0.00124588 0.00543565 0.00255783 0 0 0 0 0 0 1.04167e+10 1.04167e+10 1.04167e+10 
0.00250263 0.00166637 -0.00180449 0.00141134 -7.35274e-05 -0.00104733 0 0 0 0 0 0 1.04167e+10 1.04167e+10 1.04167e+10 
0.00250263 0.00166637 0.000904025 0.00329922 -0.00180449 0.00141134 0 0 0 0 0 0 1.04167e+10 1.04167e+10 1.04167e+10 
0.00250263 0.00166637 0.00426049 0.00444486 0.000904025 0.00329922 0 0 0 0 0 0 1.04167e+10 1.04167e+10 1.04167e+10 
0.00250263 0.00166637 0.00543565 0.00255783 0.00426049 0.00444486 0 0 0 0 0 0 1.04167e+10 1.04167e+10 1.04167e+10 
-0.02 -0.00909091 -0.02 -0.0127273 -0.0164414 -0.0121742 0 0 0 0 0 0 1.04167e+10 1.04167e+10 1.04167e+10 
-0.02 -0.00909091 -0.0164414 -0.0121742 -0.0183269 -0.00837904 0 0 0 0 0 0 1.04167e+10 1.04167e+10 1.04167e+10 
-0.02 -0.00909091 -0.0183269 -0.00837904 -0.02 -0.00545455 0 0 0 0 0 0 1.04167e+10 1.04167e+10 1.04167e+10 
-0.00134975 -0.00466939 0.00318329 -0.00505281 -7.35274e-05 -0.00104733 0 0 0 0 0 0 1.04167e+10 1.04167e+10 1.04167e+10 
-0.00134975 -0.00466939 -7.35274e-05 -0.00104733 -0.00429366 -0.00190983 0 0 0 0 0 0 1.04167e+10 1.04167e+10 1.04167e+10 
-0.00134975 -0.00466939 -0.00429366 -0.00190983 -0.004 -0.005 0 0 0 0 0 0 1.04167e+10 1.04167e+10 1.04167e+10 
-0.00134975 -0.00466939 -0.000523248 -0.00879413 0.00318329 -0.00505281 0 0 0 0 0 0 1.04167e+10 1.04167e+10 1.04167e+10 
-0.00134975 -0.00466939 -0.004 -0.005 -0.00429366 -0.00809017 0 0 0 0 0 0 1.04167e+10 1.04167e+10 1.04167e+10 
-0.00134975 -0.00466939 -0.00429366 -0.00809017 -0.000523248 -0.00879413 0 0 0 0 0 0 1.04167e+10 1.04167e+10 1.04167e+10 
0.02 -0.00909091 0.0189495 -0.00845287 0.0169941 -0.0122365 0 0 0 0 0 0 1.04167e+10 1.04167e+10 1.04167e+10 
0.02 -0.00909091 0.0169941 -0.0122365 0.02 -0.0127273 0 0 0 0 0 0 1.04167e+10 1.04167e+10 1.04167e+10 
0.02 -0.00909091 0.02 -0.00545455 0.0189495 -0.00845287 0 0 0 0 0 0 1.04167e+10 1.04167e+10 1.04167e+10 
0.0127273 -0.02 0.0163636 -0.02 0.0139302 -0.0161691 0 0 0 0 0 0 1.04167e+10 1.04167e+10 1.04167e+10 
0.0127273 -0.02 0.00979716 -0.0149771 0.00909091 -0.02 0 0 0 0 0 0 1.04167e+10 1.04167e+10 1.04167e+10 
0.0127273 -0.02 0.0139302 -0.0161691 0.00979716 -0.0149771 0 0 0 0 0 0 1.04167e+10 1.04167e+10 1.04167e+10 
