TRIANGLES
252
3
3
0.00188252 0.0108148 0.00718672 0.010992 0.00639811 0.0136252 0 0 0 0 0 0 2.08333e+10 2.08333e+10 2.08333e+10 
0.00188252 0.0108148 0.00639811 0.0136252 0.00215315 0.0137745 0 0 0 0 0 0 2.08333e+10 2.08333e+10 2.08333e+10 
0.00545455 0.02 0.00779315 0.0165453 0.00909091 0.02 0 0 0 0 0 0 2.08333e+10 2.08333e+10 2.08333e+10 
-0.00222222 -0.00722222 -0.00111111 -0.0111111 0.00138048 -0.00903044 0 0 0 0 0 0 2.08333e+10 2.08333e+10 2.08333e+10 
-0.00222222 -0.00722222 -0.00355274 -0.00984353 -0.00111111 -0.0111111 0 0 0 0 0 0 1.04167e+10 1.04167e+10 1.04167e+10 
-0.00222222 -0.00722222 0.00138048 -0.00903044 0.000139375 -0.00468659 0 0 0 0 0 0 2.08333e+10 2.08333e+10 2.08333e+10 
-0.00222222 -0.00722222 0.000139375 -0.00468659 -0.00333333 -0.00333333 0 0 0 0 0 0 2.08333e+10 2.08333e+10 2.08333e+10 
-0.00545455 -0.02 -0.00400405 -0.0162655 -0.00753596 -0.0158759 0 0 0 0 0 0 1.04167e+10 1.04167e+10 1.04167e+10 
-0.02 -0.0163636 -0.02 -0.02 -0.0175269 -0.0165557 0 0 0 0 0 0 1.04167e+10 1.04167e+10 1.04167e+10 
-0.00396559 -0.0132395 -0.00111111 -0.0111111 -0.00355274 -0.00984353 0 0 0 0 0 0 1.04167e+10 1.04167e+10 1.04167e+10 
-0.00396559 -0.0132395 -0.00753596 -0.0158759 -0.00400405 -0.0162655 0 0 0 0 0 0 1.04167e+10 1.04167e+10 1.04167e+10 
-0.00396559 -0.0132395 -0.00355274 -0.00984353 -0.00801863 -0.00827395 0 0 0 0 0 0 1.04167e+10 1.04167e+10 1.04167e+10 
-0.0091822 -0.0134385 -0.00753596 -0.0158759 -0.00396559 -0.0132395 0 0 0 0 0 0 1.04167e+10 1.04167e+10 1.04167e+10 
-0.0091822 -0.0134385 -0.00396559 -0.0132395 -0.00801863 -0.00827395 0 0 0 0 0 0 1.04167e+10 1.04167e+10 1.04167e+10 
-0.0091822 -0.0134385 -0.00801863 -0.00827395 -0.0103132 -0.00832904 0 0 0 0 0 0 1.04167e+10 1.04167e+10 1.04167e+10 
0.02 0.0163636 0.02 0.02 0.0170327 0.0162204 0 0 0 0 0 0 2.08333e+10 2.08333e+10 2.08333e+10 
0.00514286 -0.00928571 0.00628646 -0.0126831 0.00966106 -0.0118677 0 0 0 0 0 0 1.04167e+10 1.04167e+10 1.04167e+10 
-0.0172404 0.0119165 -0.0138354 0.0119497 -0.0156419 0.0170502 0 0 0 0 0 0 1.04167e+10 1.04167e+10 1.04167e+10 
-0.0172404 0.0119165 -0.0154972 0.00994074 -0.0138354 0.0119497 0 0 0 0 0 0 1.04167e+10 1.04167e+10 1.04167e+10 
0.00317339 0.0167078 0.00639811 0.0136252 0.00779315 0.0165453 0 0 0 0 0 0 2.08333e+10 2.08333e+10 2.08333e+10 
0.00317339 0.0167078 0.00215315 0.0137745 0.00639811 0.0136252 0 0 0 0 0 0 2.08333e+10 2.08333e+10 2.08333e+10 
0.00317339 0.0167078 0.00779315 0.0165453 0.00545455 0.02 0 0 0 0 0 0 2.08333e+10 2.08333e+10 2.08333e+10 
-0.02 0.0163636 -0.0172404 0.0119165 -0.0156419 0.0170502 0 0 0 0 0 0 1.04167e+10 1.04167e+10 1.04167e+10 
-0.0101243 -0.0169135 -0.00753596 -0.0158759 -0.0091822 -0.0134385 0 0 0 0 0 0 1.04167e+10 1.04167e+10 1.04167e+10 
-0.0150019 -0.00110296 -0.011928 0.00142011 -0.0155253 0.00169446 0 0 0 0 0 0 1.04167e+10 1.04167e+10 1.04167e+10 
-0.0150019 -0.00110296 -0.0111448 -0.00147878 -0.011928 0.00142011 0 0 0 0 0 0 1.04167e+10 1.04167e+10 1.04167e+10 
0.0128571 -0.000714286 0.0101823 0.000749407 0.0102857 -0.00357143 0 0 0 0 0 0 2.08333e+10 2.08333e+10 2.08333e+10 
0.0128571 -0.000714286 0.0131163 0.00400936 0.0101823 0.000749407 0 0 0 0 0 0 2.08333e+10 2.08333e+10 2.08333e+10 
0.00414143 0.00290867 0.00154776 0.00118528 0.00597355 0.000508665 0 0 0 0 0 0 2.08333e+10 2.08333e+10 2.08333e+10 
-0.0084863 -0.00514959 -0.0103132 -0.00832904 -0.00801863 -0.00827395 0 0 0 0 0 0 1.04167e+10 1.04167e+10 1.04167e+10 
-0.00481526 -0.00629222 -0.00355274 -0.00984353 -0.00222222 -0.00722222 0 0 0 0 0 0 1.04167e+10 1.04167e+10 1.04167e+10 
-0.00481526 -0.00629222 -0.00801863 -0.00827395 -0.00355274 -0.00984353 0 0 0 0 0 0 1.04167e+10 1.04167e+10 1.04167e+10 
-0.00481526 -0.00629222 -0.0084863 -0.00514959 -0.00801863 -0.00827395 0 0 0 0 0 0 1.04167e+10 1.04167e+10 1.04167e+10 
-0.00481526 -0.00629222 -0.00222222 -0.00722222 -0.00333333 -0.00333333 0 0 0 0 0 0 1.04167e+10 1.04167e+10 1.04167e+10 
-0.0163636 -0.02 -0.0175269 -0.0165557 -0.02 -0.02 0 0 0 0 0 0 1.04167e+10 1.04167e+10 1.04167e+10 
-0.0163636 0.02 -0.02 0.0163636 -0.0156419 0.0170502 0 0 0 0 0 0 1.04167e+10 1.04167e+10 1.04167e+10 
-0.0163636 0.02 -0.02 0.02 -0.02 0.0163636 0 0 0 0 0 0 1.04167e+10 1.04167e+10 1.04167e+10 
-0.00181818 -0.02 -0.00400405 -0.0162655 -0.00545455 -0.02 0 0 0 0 0 0 1.04167e+10 1.04167e+10 1.04167e+10 
0.00724839 -0.00251054 0.0101823 0.000749407 0.00597355 0.000508665 0 0 0 0 0 0 2.08333e+10 2.08333e+10 2.08333e+10 
0.00724839 -0.00251054 0.0102857 -0.00357143 0.0101823 0.000749407 0 0 0 0 0 0 2.08333e+10 2.08333e+10 2.08333e+10 
0.00257143 -0.0121429 0.00138048 -0.00903044 -0.00111111 -0.0111111 0 0 0 0 0 0 2.08333e+10 2.08333e+10 2.08333e+10 
0.00257143 -0.0121429 0.00514286 -0.00928571 0.00138048 -0.00903044 0 0 0 0 0 0 2.08333e+10 2.08333e+10 2.08333e+10 
0.00257143 -0.0121429 0.00628646 -0.0126831 0.00514286 -0.00928571 0 0 0 0 0 0 1.04167e+10 1.04167e+10 1.04167e+10 
0.0169941 -0.0122365 0.02 -0.00909091 0.0189495 -0.00845287 0 0 0 0 0 0 1.04167e+10 1.04167e+10 1.04167e+10 
0.0169941 -0.0122365 0.02 -0.0127273 0.02 -0.00909091 0 0 0 0 0 0 1.04167e+10 1.04167e+10 1.04167e+10 
0.0169941 -0.0122365 0.0189495 -0.00845287 0.014106 -0.00823521 0 0 0 0 0 0 1.04167e+10 1.04167e+10 1.04167e+10 
-0.00798909 0.00146811 -0.011928 0.00142011 -0.0111448 -0.00147878 0 0 0 0 0 0 1.04167e+10 1.04167e+10 1.04167e+10 
-0.011247 0.00496775 -0.011928 0.00142011 -0.00798909 0.00146811 0 0 0 0 0 0 1.04167e+10 1.04167e+10 1.04167e+10 
-0.011247 0.00496775 -0.00555556 0.00444444 -0.00924822 0.0084271 0 0 0 0 0 0 1.04167e+10 1.04167e+10 1.04167e+10 
-0.011247 0.00496775 -0.00798909 0.00146811 -0.00555556 0.00444444 0 0 0 0 0 0 1.04167e+10 1.04167e+10 1.04167e+10 
0.0124129 0.0163828 0.014888 0.0133266 0.0170327 0.0162204 0 0 0 0 0 0 2.08333e+10 2.08333e+10 2.08333e+10 
0.0124129 0.0163828 0.00909091 0.02 0.00779315 0.0165453 0 0 0 0 0 0 2.08333e+10 2.08333e+10 2.08333e+10 
0.0124129 0.0163828 0.0127273 0.02 0.00909091 0.02 0 0 0 0 0 0 2.08333e+10 2.08333e+10 2.08333e+10 
0.02 0.0127273 0.02 0.0163636 0.0170327 0.0162204 0 0 0 0 0 0 2.08333e+10 2.08333e+10 2.08333e+10 
0.02 0.0127273 0.0170327 0.0162204 0.014888 0.0133266 0 0 0 0 0 0 2.08333e+10 2.08333e+10 2.08333e+10 
0.00342688 -0.0163393 0.00628646 -0.0126831 0.00257143 -0.0121429 0 0 0 0 0 0 1.04167e+10 1.04167e+10 1.04167e+10 
-0.0175469 -0.00212666 -0.0150019 -0.00110296 -0.0155253 0.00169446 0 0 0 0 0 0 1.04167e+10 1.04167e+10 1.04167e+10 
-0.0175469 -0.00212666 -0.02 -0.00545455 -0.0162061 -0.00538225 0 0 0 0 0 0 1.04167e+10 1.04167e+10 1.04167e+10 
-0.0175469 -0.00212666 -0.0162061 -0.00538225 -0.0150019 -0.00110296 0 0 0 0 0 0 1.04167e+10 1.04167e+10 1.04167e+10 
-0.00110173 -0.000342736 -0.00333333 -0.00333333 0.000139375 -0.00468659 0 0 0 0 0 0 2.08333e+10 2.08333e+10 2.08333e+10 
-0.00110173 -0.000342736 0.00154776 0.00118528 -0.00234283 0.00400112 0 0 0 0 0 0 2.08333e+10 2.08333e+10 2.08333e+10 
0.0163636 -0.02 0.0139302 -0.0161691 0.0127273 -0.02 0 0 0 0 0 0 1.04167e+10 1.04167e+10 1.04167e+10 
0 -0.015 -0.00111111 -0.0111111 -0.00396559 -0.0132395 0 0 0 0 0 0 1.04167e+10 1.04167e+10 1.04167e+10 
0 -0.015 -0.00396559 -0.0132395 -0.00400405 -0.0162655 0 0 0 0 0 0 1.04167e+10 1.04167e+10 1.04167e+10 
0 -0.015 0.00257143 -0.0121429 -0.00111111 -0.0111111 0 0 0 0 0 0 2.08333e+10 2.08333e+10 2.08333e+10 
0 -0.015 0.00342688 -0.0163393 0.00257143 -0.0121429 0 0 0 0 0 0 1.04167e+10 1.04167e+10 1.04167e+10 
0 -0.015 -0.00400405 -0.0162655 -0.00181818 -0.02 0 0 0 0 0 0 1.04167e+10 1.04167e+10 1.04167e+10 
0.0163636 0.02 0.0170327 0.0162204 0.02 0.02 0 0 0 0 0 0 2.08333e+10 2.08333e+10 2.08333e+10 
0.0163636 0.02 0.0124129 0.0163828 0.0170327 0.0162204 0 0 0 0 0 0 2.08333e+10 2.08333e+10 2.08333e+10 
0.0163636 0.02 0.0127273 0.02 0.0124129 0.0163828 0 0 0 0 0 0 2.08333e+10 2.08333e+10 2.08333e+10 
0.0124909 0.0111691 0.00718672 0.010992 0.00831617 0.0070389 0 0 0 0 0 0 2.08333e+10 2.08333e+10 2.08333e+10 
-0.0118919 0.00956315 -0.011247 0.00496775 -0.00924822 0.0084271 0 0 0 0 0 0 1.04167e+10 1.04167e+10 1.04167e+10 
-0.0118919 0.00956315 -0.0138354 0.0119497 -0.0154972 0.00994074 0 0 0 0 0 0 1.04167e+10 1.04167e+10 1.04167e+10 
-0.0118919 0.00956315 -0.00924822 0.0084271 -0.00777778 0.0122222 0 0 0 0 0 0 1.04167e+10 1.04167e+10 1.04167e+10 
0.0106431 0.0134759 0.00639811 0.0136252 0.00718672 0.010992 0 0 0 0 0 0 2.08333e+10 2.08333e+10 2.08333e+10 
0.0106431 0.0134759 0.00718672 0.010992 0.0124909 0.0111691 0 0 0 0 0 0 2.08333e+10 2.08333e+10 2.08333e+10 
0.0106431 0.0134759 0.00779315 0.0165453 0.00639811 0.0136252 0 0 0 0 0 0 2.08333e+10 2.08333e+10 2.08333e+10 
0.0106431 0.0134759 0.0124129 0.0163828 0.00779315 0.0165453 0 0 0 0 0 0 2.08333e+10 2.08333e+10 2.08333e+10 
0.0106431 0.0134759 0.014888 0.0133266 0.0124129 0.0163828 0 0 0 0 0 0 2.08333e+10 2.08333e+10 2.08333e+10 
0.0106431 0.0134759 0.0124909 0.0111691 0.014888 0.0133266 0 0 0 0 0 0 2.08333e+10 2.08333e+10 2.08333e+10 
-0.0117743 0.0134965 -0.0156419 0.0170502 -0.0138354 0.0119497 0 0 0 0 0 0 1.04167e+10 1.04167e+10 1.04167e+10 
-0.0117743 0.0134965 -0.0116949 0.016598 -0.0156419 0.0170502 0 0 0 0 0 0 1.04167e+10 1.04167e+10 1.04167e+10 
-0.0117743 0.0134965 -0.0138354 0.0119497 -0.0118919 0.00956315 0 0 0 0 0 0 1.04167e+10 1.04167e+10 1.04167e+10 
-0.0117743 0.0134965 -0.0118919 0.00956315 -0.00777778 0.0122222 0 0 0 0 0 0 1.04167e+10 1.04167e+10 1.04167e+10 
0.0173387 -0.0168311 0.0169941 -0.0122365 0.0139302 -0.0161691 0 0 0 0 0 0 1.04167e+10 1.04167e+10 1.04167e+10 
0.0173387 -0.0168311 0.02 -0.02 0.02 -0.0163636 0 0 0 0 0 0 1.04167e+10 1.04167e+10 1.04167e+10 
0.0173387 -0.0168311 0.0163636 -0.02 0.02 -0.02 0 0 0 0 0 0 1.04167e+10 1.04167e+10 1.04167e+10 
0.0173387 -0.0168311 0.0139302 -0.0161691 0.0163636 -0.02 0 0 0 0 0 0 1.04167e+10 1.04167e+10 1.04167e+10 
0.0173387 -0.0168311 0.02 -0.0163636 0.02 -0.0127273 0 0 0 0 0 0 1.04167e+10 1.04167e+10 1.04167e+10 
0.0173387 -0.0168311 0.02 -0.0127273 0.0169941 -0.0122365 0 0 0 0 0 0 1.04167e+10 1.04167e+10 1.04167e+10 
0.00181818 0.02 0.00317339 0.0167078 0.00545455 0.02 0 0 0 0 0 0 2.08333e+10 2.08333e+10 2.08333e+10 
0.02 0.00181818 0.0175776 -0.00112534 0.02 -0.00181818 0 0 0 0 0 0 1.04167e+10 1.04167e+10 1.04167e+10 
0.0129318 -0.0122339 0.0169941 -0.0122365 0.014106 -0.00823521 0 0 0 0 0 0 1.04167e+10 1.04167e+10 1.04167e+10 
0.0129318 -0.0122339 0.0139302 -0.0161691 0.0169941 -0.0122365 0 0 0 0 0 0 1.04167e+10 1.04167e+10 1.04167e+10 
-0.02 0.00181818 -0.0178101 0.00524216 -0.02 0.00545455 0 0 0 0 0 0 1.04167e+10 1.04167e+10 1.04167e+10 
-0.02 0.00181818 -0.0155253 0.00169446 -0.0178101 0.00524216 0 0 0 0 0 0 1.04167e+10 1.04167e+10 1.04167e+10 
-0.02 0.00181818 -0.0175469 -0.00212666 -0.0155253 0.00169446 0 0 0 0 0 0 1.04167e+10 1.04167e+10 1.04167e+10 
0.0160502 0.00726931 0.0131163 0.00400936 0.018 0.005 0 0 0 0 0 0 2.08333e+10 2.08333e+10 2.08333e+10 
0.0160502 0.00726931 0.018 0.005 0.02 0.00909091 0 0 0 0 0 0 2.08333e+10 2.08333e+10 2.08333e+10 
-0.0127273 0.02 -0.0163636 0.02 -0.0156419 0.0170502 0 0 0 0 0 0 1.04167e+10 1.04167e+10 1.04167e+10 
-0.0127273 0.02 -0.0156419 0.0170502 -0.0116949 0.016598 0 0 0 0 0 0 1.04167e+10 1.04167e+10 1.04167e+10 
-0.0127273 0.02 -0.0116949 0.016598 -0.01 0.02 0 0 0 0 0 0 1.04167e+10 1.04167e+10 1.04167e+10 
-0.02 -0.00181818 -0.02 -0.00545455 -0.0175469 -0.00212666 0 0 0 0 0 0 1.04167e+10 1.04167e+10 1.04167e+10 
-0.02 -0.00181818 -0.0175469 -0.00212666 -0.02 0.00181818 0 0 0 0 0 0 1.04167e+10 1.04167e+10 1.04167e+10 
0.0154286 0.00214286 0.018 0.005 0.0131163 0.00400936 0 0 0 0 0 0 2.08333e+10 2.08333e+10 2.08333e+10 
0.0154286 0.00214286 0.0131163 0.00400936 0.0128571 -0.000714286 0 0 0 0 0 0 2.08333e+10 2.08333e+10 2.08333e+10 
0.0154286 0.00214286 0.02 0.00181818 0.018 0.005 0 0 0 0 0 0 1.04167e+10 1.04167e+10 1.04167e+10 
0.0154286 0.00214286 0.0175776 -0.00112534 0.02 0.00181818 0 0 0 0 0 0 1.04167e+10 1.04167e+10 1.04167e+10 
0.02 -0.00545455 0.0189495 -0.00845287 0.02 -0.00909091 0 0 0 0 0 0 1.04167e+10 1.04167e+10 1.04167e+10 
0.0156113 0.0112173 0.02 0.0127273 0.014888 0.0133266 0 0 0 0 0 0 2.08333e+10 2.08333e+10 2.08333e+10 
0.0156113 0.0112173 0.014888 0.0133266 0.0124909 0.0111691 0 0 0 0 0 0 2.08333e+10 2.08333e+10 2.08333e+10 
0.00181818 -0.02 0.00545455 -0.02 0.00342688 -0.0163393 0 0 0 0 0 0 1.04167e+10 1.04167e+10 1.04167e+10 
0.00181818 -0.02 0.00342688 -0.0163393 0 -0.015 0 0 0 0 0 0 1.04167e+10 1.04167e+10 1.04167e+10 
0.00181818 -0.02 0 -0.015 -0.00181818 -0.02 0 0 0 0 0 0 1.04167e+10 1.04167e+10 1.04167e+10 
-0.02 0.00909091 -0.0178101 0.00524216 -0.0154972 0.00994074 0 0 0 0 0 0 1.04167e+10 1.04167e+10 1.04167e+10 
-0.02 0.00909091 -0.02 0.00545455 -0.0178101 0.00524216 0 0 0 0 0 0 1.04167e+10 1.04167e+10 1.04167e+10 
-0.02 0.00909091 -0.0154972 0.00994074 -0.0172404 0.0119165 0 0 0 0 0 0 1.04167e+10 1.04167e+10 1.04167e+10 
0.0168366 -0.0047635 0.02 -0.00181818 0.0175776 -0.00112534 0 0 0 0 0 0 1.04167e+10 1.04167e+10 1.04167e+10 
0.0168366 -0.0047635 0.02 -0.00545455 0.02 -0.00181818 0 0 0 0 0 0 1.04167e+10 1.04167e+10 1.04167e+10 
0.0168366 -0.0047635 0.014106 -0.00823521 0.0189495 -0.00845287 0 0 0 0 0 0 1.04167e+10 1.04167e+10 1.04167e+10 
0.0168366 -0.0047635 0.0189495 -0.00845287 0.02 -0.00545455 0 0 0 0 0 0 1.04167e+10 1.04167e+10 1.04167e+10 
0.000334574 0.00543144 0.00154776 0.00118528 0.00414143 0.00290867 0 0 0 0 0 0 2.08333e+10 2.08333e+10 2.08333e+10 
0.000334574 0.00543144 -0.00234283 0.00400112 0.00154776 0.00118528 0 0 0 0 0 0 2.08333e+10 2.08333e+10 2.08333e+10 
-0.0020918 0.0139238 0.00188252 0.0108148 0.00215315 0.0137745 0 0 0 0 0 0 2.08333e+10 2.08333e+10 2.08333e+10 
-0.0183269 -0.00837904 -0.02 -0.00545455 -0.02 -0.00909091 0 0 0 0 0 0 1.04167e+10 1.04167e+10 1.04167e+10 
-0.0183269 -0.00837904 -0.0162061 -0.00538225 -0.02 -0.00545455 0 0 0 0 0 0 1.04167e+10 1.04167e+10 1.04167e+10 
-0.0183269 -0.00837904 -0.0149031 -0.00935917 -0.0162061 -0.00538225 0 0 0 0 0 0 1.04167e+10 1.04167e+10 1.04167e+10 
-0.0183269 -0.00837904 -0.0164414 -0.0121742 -0.0149031 -0.00935917 0 0 0 0 0 0 1.04167e+10 1.04167e+10 1.04167e+10 
-0.0183269 -0.00837904 -0.02 -0.00909091 -0.0164414 -0.0121742 0 0 0 0 0 0 1.04167e+10 1.04167e+10 1.04167e+10 
-0.02 0.0127273 -0.0172404 0.0119165 -0.02 0.0163636 0 0 0 0 0 0 1.04167e+10 1.04167e+10 1.04167e+10 
-0.02 0.0127273 -0.02 0.00909091 -0.0172404 0.0119165 0 0 0 0 0 0 1.04167e+10 1.04167e+10 1.04167e+10 
0.0136507 -0.00606187 0.014106 -0.00823521 0.0168366 -0.0047635 0 0 0 0 0 0 1.04167e+10 1.04167e+10 1.04167e+10 
0.0136507 -0.00606187 0.0128571 -0.000714286 0.0102857 -0.00357143 0 0 0 0 0 0 1.04167e+10 1.04167e+10 1.04167e+10 
0.0123987 0.00764776 0.0124909 0.0111691 0.00831617 0.0070389 0 0 0 0 0 0 2.08333e+10 2.08333e+10 2.08333e+10 
0.0123987 0.00764776 0.0131163 0.00400936 0.0160502 0.00726931 0 0 0 0 0 0 2.08333e+10 2.08333e+10 2.08333e+10 
0.0123987 0.00764776 0.0160502 0.00726931 0.0156113 0.0112173 0 0 0 0 0 0 2.08333e+10 2.08333e+10 2.08333e+10 
0.0123987 0.00764776 0.0156113 0.0112173 0.0124909 0.0111691 0 0 0 0 0 0 2.08333e+10 2.08333e+10 2.08333e+10 
0.0108685 -0.00988528 0.00514286 -0.00928571 0.00966106 -0.0118677 0 0 0 0 0 0 1.04167e+10 1.04167e+10 1.04167e+10 
0.0108685 -0.00988528 0.0129318 -0.0122339 0.014106 -0.00823521 0 0 0 0 0 0 1.04167e+10 1.04167e+10 1.04167e+10 
0.0108685 -0.00988528 0.00966106 -0.0118677 0.0129318 -0.0122339 0 0 0 0 0 0 1.04167e+10 1.04167e+10 1.04167e+10 
0.0108685 -0.00988528 0.014106 -0.00823521 0.0136507 -0.00606187 0 0 0 0 0 0 1.04167e+10 1.04167e+10 1.04167e+10 
0.02 0.00545455 0.02 0.00909091 0.018 0.005 0 0 0 0 0 0 2.08333e+10 2.08333e+10 2.08333e+10 
0.02 0.00545455 0.018 0.005 0.02 0.00181818 0 0 0 0 0 0 2.08333e+10 2.08333e+10 2.08333e+10 
0.00276095 -0.00306088 0.00597355 0.000508665 0.00154776 0.00118528 0 0 0 0 0 0 2.08333e+10 2.08333e+10 2.08333e+10 
0.00276095 -0.00306088 0.00724839 -0.00251054 0.00597355 0.000508665 0 0 0 0 0 0 2.08333e+10 2.08333e+10 2.08333e+10 
0.00276095 -0.00306088 -0.00110173 -0.000342736 0.000139375 -0.00468659 0 0 0 0 0 0 2.08333e+10 2.08333e+10 2.08333e+10 
0.00276095 -0.00306088 0.00154776 0.00118528 -0.00110173 -0.000342736 0 0 0 0 0 0 2.08333e+10 2.08333e+10 2.08333e+10 
0.00301198 0.00686175 0.00718672 0.010992 0.00188252 0.0108148 0 0 0 0 0 0 2.08333e+10 2.08333e+10 2.08333e+10 
0.00301198 0.00686175 0.00831617 0.0070389 0.00718672 0.010992 0 0 0 0 0 0 2.08333e+10 2.08333e+10 2.08333e+10 
0.00301198 0.00686175 0.00414143 0.00290867 0.00831617 0.0070389 0 0 0 0 0 0 2.08333e+10 2.08333e+10 2.08333e+10 
0.00301198 0.00686175 0.000334574 0.00543144 0.00414143 0.00290867 0 0 0 0 0 0 2.08333e+10 2.08333e+10 2.08333e+10 
-0.00666667 0.00833333 -0.00924822 0.0084271 -0.00555556 0.00444444 0 0 0 0 0 0 1.04167e+10 1.04167e+10 1.04167e+10 
-0.00666667 0.00833333 -0.00482503 0.0126888 -0.00777778 0.0122222 0 0 0 0 0 0 2.08333e+10 2.08333e+10 2.08333e+10 
-0.00666667 0.00833333 -0.00777778 0.0122222 -0.00924822 0.0084271 0 0 0 0 0 0 1.04167e+10 1.04167e+10 1.04167e+10 
-0.0139944 -0.015821 -0.0127273 -0.02 -0.0101243 -0.0169135 0 0 0 0 0 0 1.04167e+10 1.04167e+10 1.04167e+10 
-0.0139944 -0.015821 -0.0164414 -0.0121742 -0.0175269 -0.0165557 0 0 0 0 0 0 1.04167e+10 1.04167e+10 1.04167e+10 
-0.0139944 -0.015821 -0.0175269 -0.0165557 -0.0163636 -0.02 0 0 0 0 0 0 1.04167e+10 1.04167e+10 1.04167e+10 
-0.0139944 -0.015821 -0.0163636 -0.02 -0.0127273 -0.02 0 0 0 0 0 0 1.04167e+10 1.04167e+10 1.04167e+10 
-0.000878614 0.0096776 0.00188252 0.0108148 -0.0020918 0.0139238 0 0 0 0 0 0 2.08333e+10 2.08333e+10 2.08333e+10 
-0.000878614 0.0096776 -0.0020918 0.0139238 -0.00482503 0.0126888 0 0 0 0 0 0 2.08333e+10 2.08333e+10 2.08333e+10 
-0.000878614 0.0096776 0.00301198 0.00686175 0.00188252 0.0108148 0 0 0 0 0 0 2.08333e+10 2.08333e+10 2.08333e+10 
-0.000878614 0.0096776 0.000334574 0.00543144 0.00301198 0.00686175 0 0 0 0 0 0 2.08333e+10 2.08333e+10 2.08333e+10 
-0.00606613 0.0170327 -0.00777778 0.0122222 -0.00482503 0.0126888 0 0 0 0 0 0 2.08333e+10 2.08333e+10 2.08333e+10 
-0.00606613 0.0170327 -0.00545455 0.02 -0.01 0.02 0 0 0 0 0 0 2.08333e+10 2.08333e+10 2.08333e+10 
-0.00606613 0.0170327 -0.00482503 0.0126888 -0.0020918 0.0139238 0 0 0 0 0 0 2.08333e+10 2.08333e+10 2.08333e+10 
0.0189842 0.0105293 0.02 0.00909091 0.02 0.0127273 0 0 0 0 0 0 2.08333e+10 2.08333e+10 2.08333e+10 
0.0189842 0.0105293 0.02 0.0127273 0.0156113 0.0112173 0 0 0 0 0 0 2.08333e+10 2.08333e+10 2.08333e+10 
0.0189842 0.0105293 0.0160502 0.00726931 0.02 0.00909091 0 0 0 0 0 0 2.08333e+10 2.08333e+10 2.08333e+10 
0.0189842 0.0105293 0.0156113 0.0112173 0.0160502 0.00726931 0 0 0 0 0 0 2.08333e+10 2.08333e+10 2.08333e+10 
0.00431443 -0.00577049 0.000139375 -0.00468659 0.00138048 -0.00903044 0 0 0 0 0 0 2.08333e+10 2.08333e+10 2.08333e+10 
0.00431443 -0.00577049 0.00276095 -0.00306088 0.000139375 -0.00468659 0 0 0 0 0 0 2.08333e+10 2.08333e+10 2.08333e+10 
0.00431443 -0.00577049 0.00138048 -0.00903044 0.00514286 -0.00928571 0 0 0 0 0 0 2.08333e+10 2.08333e+10 2.08333e+10 
0.00431443 -0.00577049 0.00724839 -0.00251054 0.00276095 -0.00306088 0 0 0 0 0 0 2.08333e+10 2.08333e+10 2.08333e+10 
0.00813133 -0.0156069 0.00966106 -0.0118677 0.00628646 -0.0126831 0 0 0 0 0 0 1.04167e+10 1.04167e+10 1.04167e+10 
0.00813133 -0.0156069 0.00628646 -0.0126831 0.00342688 -0.0163393 0 0 0 0 0 0 1.04167e+10 1.04167e+10 1.04167e+10 
0.00813133 -0.0156069 0.00545455 -0.02 0.00909091 -0.02 0 0 0 0 0 0 1.04167e+10 1.04167e+10 1.04167e+10 
0.00813133 -0.0156069 0.00342688 -0.0163393 0.00545455 -0.02 0 0 0 0 0 0 1.04167e+10 1.04167e+10 1.04167e+10 
0.0154005 -0.00105431 0.0154286 0.00214286 0.0128571 -0.000714286 0 0 0 0 0 0 1.04167e+10 1.04167e+10 1.04167e+10 
0.0154005 -0.00105431 0.0175776 -0.00112534 0.0154286 0.00214286 0 0 0 0 0 0 1.04167e+10 1.04167e+10 1.04167e+10 
0.0154005 -0.00105431 0.0168366 -0.0047635 0.0175776 -0.00112534 0 0 0 0 0 0 1.04167e+10 1.04167e+10 1.04167e+10 
0.0154005 -0.00105431 0.0136507 -0.00606187 0.0168366 -0.0047635 0 0 0 0 0 0 1.04167e+10 1.04167e+10 1.04167e+10 
0.0154005 -0.00105431 0.0128571 -0.000714286 0.0136507 -0.00606187 0 0 0 0 0 0 1.04167e+10 1.04167e+10 1.04167e+10 
-0.0123724 -0.00498137 -0.0149031 -0.00935917 -0.0103132 -0.00832904 0 0 0 0 0 0 1.04167e+10 1.04167e+10 1.04167e+10 
-0.0123724 -0.00498137 -0.0162061 -0.00538225 -0.0149031 -0.00935917 0 0 0 0 0 0 1.04167e+10 1.04167e+10 1.04167e+10 
-0.0123724 -0.00498137 -0.0111448 -0.00147878 -0.0150019 -0.00110296 0 0 0 0 0 0 1.04167e+10 1.04167e+10 1.04167e+10 
-0.0123724 -0.00498137 -0.0150019 -0.00110296 -0.0162061 -0.00538225 0 0 0 0 0 0 1.04167e+10 1.04167e+10 1.04167e+10 
-0.0123724 -0.00498137 -0.0103132 -0.00832904 -0.0084863 -0.00514959 0 0 0 0 0 0 1.04167e+10 1.04167e+10 1.04167e+10 
-0.0123724 -0.00498137 -0.0084863 -0.00514959 -0.0111448 -0.00147878 0 0 0 0 0 0 1.04167e+10 1.04167e+10 1.04167e+10 
-0.00909091 -0.02 -0.00545455 -0.02 -0.00753596 -0.0158759 0 0 0 0 0 0 1.04167e+10 1.04167e+10 1.04167e+10 
-0.00909091 -0.02 -0.00753596 -0.0158759 -0.0101243 -0.0169135 0 0 0 0 0 0 1.04167e+10 1.04167e+10 1.04167e+10 
-0.00909091 -0.02 -0.0101243 -0.0169135 -0.0127273 -0.02 0 0 0 0 0 0 1.04167e+10 1.04167e+10 1.04167e+10 
-0.00888889 0.0161111 -0.01 0.02 -0.0116949 0.016598 0 0 0 0 0 0 1.04167e+10 1.04167e+10 1.04167e+10 
-0.00888889 0.0161111 -0.00606613 0.0170327 -0.01 0.02 0 0 0 0 0 0 2.08333e+10 2.08333e+10 2.08333e+10 
-0.00888889 0.0161111 -0.0116949 0.016598 -0.0117743 0.0134965 0 0 0 0 0 0 1.04167e+10 1.04167e+10 1.04167e+10 
-0.00888889 0.0161111 -0.0117743 0.0134965 -0.00777778 0.0122222 0 0 0 0 0 0 1.04167e+10 1.04167e+10 1.04167e+10 
-0.00888889 0.0161111 -0.00777778 0.0122222 -0.00606613 0.0170327 0 0 0 0 0 0 2.08333e+10 2.08333e+10 2.08333e+10 
-0.0127697 -0.0129074 -0.0091822 -0.0134385 -0.0103132 -0.00832904 0 0 0 0 0 0 1.04167e+10 1.04167e+10 1.04167e+10 
-0.0127697 -0.0129074 -0.0103132 -0.00832904 -0.0149031 -0.00935917 0 0 0 0 0 0 1.04167e+10 1.04167e+10 1.04167e+10 
-0.0127697 -0.0129074 -0.0149031 -0.00935917 -0.0164414 -0.0121742 0 0 0 0 0 0 1.04167e+10 1.04167e+10 1.04167e+10 
-0.0127697 -0.0129074 -0.0164414 -0.0121742 -0.0139944 -0.015821 0 0 0 0 0 0 1.04167e+10 1.04167e+10 1.04167e+10 
-0.0127697 -0.0129074 -0.0101243 -0.0169135 -0.0091822 -0.0134385 0 0 0 0 0 0 1.04167e+10 1.04167e+10 1.04167e+10 
-0.0127697 -0.0129074 -0.0139944 -0.015821 -0.0101243 -0.0169135 0 0 0 0 0 0 1.04167e+10 1.04167e+10 1.04167e+10 
0.0111922 -0.0159686 0.0127273 -0.02 0.0139302 -0.0161691 0 0 0 0 0 0 1.04167e+10 1.04167e+10 1.04167e+10 
0.0111922 -0.0159686 0.00909091 -0.02 0.0127273 -0.02 0 0 0 0 0 0 1.04167e+10 1.04167e+10 1.04167e+10 
0.0111922 -0.0159686 0.0139302 -0.0161691 0.0129318 -0.0122339 0 0 0 0 0 0 1.04167e+10 1.04167e+10 1.04167e+10 
0.0111922 -0.0159686 0.0129318 -0.0122339 0.00966106 -0.0118677 0 0 0 0 0 0 1.04167e+10 1.04167e+10 1.04167e+10 
0.0111922 -0.0159686 0.00966106 -0.0118677 0.00813133 -0.0156069 0 0 0 0 0 0 1.04167e+10 1.04167e+10 1.04167e+10 
0.0111922 -0.0159686 0.00813133 -0.0156069 0.00909091 -0.02 0 0 0 0 0 0 1.04167e+10 1.04167e+10 1.04167e+10 
0.00771429 -0.00642857 0.00514286 -0.00928571 0.0108685 -0.00988528 0 0 0 0 0 0 1.04167e+10 1.04167e+10 1.04167e+10 
0.00771429 -0.00642857 0.0102857 -0.00357143 0.00724839 -0.00251054 0 0 0 0 0 0 2.08333e+10 2.08333e+10 2.08333e+10 
0.00771429 -0.00642857 0.00724839 -0.00251054 0.00431443 -0.00577049 0 0 0 0 0 0 2.08333e+10 2.08333e+10 2.08333e+10 
0.00771429 -0.00642857 0.00431443 -0.00577049 0.00514286 -0.00928571 0 0 0 0 0 0 2.08333e+10 2.08333e+10 2.08333e+10 
0.00771429 -0.00642857 0.0136507 -0.00606187 0.0102857 -0.00357143 0 0 0 0 0 0 1.04167e+10 1.04167e+10 1.04167e+10 
0.00771429 -0.00642857 0.0108685 -0.00988528 0.0136507 -0.00606187 0 0 0 0 0 0 1.04167e+10 1.04167e+10 1.04167e+10 
-0.00640642 -0.00165702 -0.0084863 -0.00514959 -0.00481526 -0.00629222 0 0 0 0 0 0 1.04167e+10 1.04167e+10 1.04167e+10 
-0.00640642 -0.00165702 -0.00481526 -0.00629222 -0.00333333 -0.00333333 0 0 0 0 0 0 1.04167e+10 1.04167e+10 1.04167e+10 
-0.00640642 -0.00165702 -0.00798909 0.00146811 -0.0111448 -0.00147878 0 0 0 0 0 0 1.04167e+10 1.04167e+10 1.04167e+10 
-0.00640642 -0.00165702 -0.0111448 -0.00147878 -0.0084863 -0.00514959 0 0 0 0 0 0 1.04167e+10 1.04167e+10 1.04167e+10 
-0.00358393 0.00834497 -0.00666667 0.00833333 -0.00555556 0.00444444 0 0 0 0 0 0 2.08333e+10 2.08333e+10 2.08333e+10 
-0.00358393 0.00834497 -0.00555556 0.00444444 -0.00234283 0.00400112 0 0 0 0 0 0 2.08333e+10 2.08333e+10 2.08333e+10 
-0.00358393 0.00834497 -0.00482503 0.0126888 -0.00666667 0.00833333 0 0 0 0 0 0 2.08333e+10 2.08333e+10 2.08333e+10 
-0.00358393 0.00834497 -0.000878614 0.0096776 -0.00482503 0.0126888 0 0 0 0 0 0 2.08333e+10 2.08333e+10 2.08333e+10 
-0.00358393 0.00834497 -0.00234283 0.00400112 0.000334574 0.00543144 0 0 0 0 0 0 2.08333e+10 2.08333e+10 2.08333e+10 
-0.00358393 0.00834497 0.000334574 0.00543144 -0.000878614 0.0096776 0 0 0 0 0 0 2.08333e+10 2.08333e+10 2.08333e+10 
-0.00144637 0.0168702 0.00317339 0.0167078 0.00181818 0.02 0 0 0 0 0 0 2.08333e+10 2.08333e+10 2.08333e+10 
-0.00144637 0.0168702 0.00181818 0.02 -0.00181818 0.02 0 0 0 0 0 0 2.08333e+10 2.08333e+10 2.08333e+10 
-0.00144637 0.0168702 0.00215315 0.0137745 0.00317339 0.0167078 0 0 0 0 0 0 2.08333e+10 2.08333e+10 2.08333e+10 
-0.00144637 0.0168702 -0.0020918 0.0139238 0.00215315 0.0137745 0 0 0 0 0 0 2.08333e+10 2.08333e+10 2.08333e+10 
-0.00144637 0.0168702 -0.00181818 0.02 -0.00545455 0.02 0 0 0 0 0 0 2.08333e+10 2.08333e+10 2.08333e+10 
-0.00144637 0.0168702 -0.00545455 0.02 -0.00606613 0.0170327 0 0 0 0 0 0 2.08333e+10 2.08333e+10 2.08333e+10 
-0.00144637 0.0168702 -0.00606613 0.0170327 -0.0020918 0.0139238 0 0 0 0 0 0 2.08333e+10 2.08333e+10 2.08333e+10 
-0.00444444 0.000555556 -0.00333333 -0.00333333 -0.00110173 -0.000342736 0 0 0 0 0 0 2.08333e+10 2.08333e+10 2.08333e+10 
-0.00444444 0.000555556 -0.00640642 -0.00165702 -0.00333333 -0.00333333 0 0 0 0 0 0 1.04167e+10 1.04167e+10 1.04167e+10 
-0.00444444 0.000555556 -0.00555556 0.00444444 -0.00798909 0.00146811 0 0 0 0 0 0 1.04167e+10 1.04167e+10 1.04167e+10 
-0.00444444 0.000555556 -0.00798909 0.00146811 -0.00640642 -0.00165702 0 0 0 0 0 0 1.04167e+10 1.04167e+10 1.04167e+10 
-0.00444444 0.000555556 -0.00110173 -0.000342736 -0.00234283 0.00400112 0 0 0 0 0 0 2.08333e+10 2.08333e+10 2.08333e+10 
-0.00444444 0.000555556 -0.00234283 0.00400112 -0.00555556 0.00444444 0 0 0 0 0 0 2.08333e+10 2.08333e+10 2.08333e+10 
-0.014055 0.00521575 -0.0155253 0.00169446 -0.011928 0.00142011 0 0 0 0 0 0 1.04167e+10 1.04167e+10 1.04167e+10 
-0.014055 0.00521575 -0.011928 0.00142011 -0.011247 0.00496775 0 0 0 0 0 0 1.04167e+10 1.04167e+10 1.04167e+10 
-0.014055 0.00521575 -0.0178101 0.00524216 -0.0155253 0.00169446 0 0 0 0 0 0 1.04167e+10 1.04167e+10 1.04167e+10 
-0.014055 0.00521575 -0.0154972 0.00994074 -0.0178101 0.00524216 0 0 0 0 0 0 1.04167e+10 1.04167e+10 1.04167e+10 
-0.014055 0.00521575 -0.011247 0.00496775 -0.0118919 0.00956315 0 0 0 0 0 0 1.04167e+10 1.04167e+10 1.04167e+10 
-0.014055 0.00521575 -0.0118919 0.00956315 -0.0154972 0.00994074 0 0 0 0 0 0 1.04167e+10 1.04167e+10 1.04167e+10 
-0.02 -0.0127273 -0.02 -0.0163636 -0.0175269 -0.0165557 0 0 0 0 0 0 1.04167e+10 1.04167e+10 1.04167e+10 
-0.02 -0.0127273 -0.0175269 -0.0165557 -0.0164414 -0.0121742 0 0 0 0 0 0 1.04167e+10 1.04167e+10 1.04167e+10 
-0.02 -0.0127273 -0.0164414 -0.0121742 -0.02 -0.00909091 0 0 0 0 0 0 1.04167e+10 1.04167e+10 1.04167e+10 
0.00918614 0.00407821 0.00597355 0.000508665 0.0101823 0.000749407 0 0 0 0 0 0 2.08333e+10 2.08333e+10 2.08333e+10 
0.00918614 0.00407821 0.0101823 0.000749407 0.0131163 0.00400936 0 0 0 0 0 0 2.08333e+10 2.08333e+10 2.08333e+10 
0.00918614 0.00407821 0.00414143 0.00290867 0.00597355 0.000508665 0 0 0 0 0 0 2.08333e+10 2.08333e+10 2.08333e+10 
0.00918614 0.00407821 0.00831617 0.0070389 0.00414143 0.00290867 0 0 0 0 0 0 2.08333e+10 2.08333e+10 2.08333e+10 
0.00918614 0.00407821 0.0123987 0.00764776 0.00831617 0.0070389 0 0 0 0 0 0 2.08333e+10 2.08333e+10 2.08333e+10 
0.00918614 0.00407821 0.0131163 0.00400936 0.0123987 0.00764776 0 0 0 0 0 0 2.08333e+10 2.08333e+10 2.08333e+10 
