TRIANGLES
716
3
3
-0.00548639 -0.0188278 -0.00548639 -0.0166707 -0.0075166 -0.0179698 0 0 0 0 0 0 1.04167e+10 1.04167e+10 1.04167e+10 
0.00673423 0.0121298 0.00673423 0.0092089 0.00965512 0.0106897 0 0 0 0 0 0 1.04167e+10 1.04167e+10 1.04167e+10 
-0.01875 -0.00125 -0.01875 -0.00257812 -0.0174219 -0.00165527 0 0 0 0 0 0 1.04167e+10 1.04167e+10 1.04167e+10 
0.0127586 -0.0167026 0.00965512 -0.0172413 0.0124787 -0.02 0 0 0 0 0 0 1.04167e+10 1.04167e+10 1.04167e+10 
0.0127586 -0.000215536 0.0127586 0.00308187 0.00965512 0.00137933 0 0 0 0 0 0 1.04167e+10 1.04167e+10 1.04167e+10 
-0.00676992 -0.02 -0.00548639 -0.0188278 -0.0075166 -0.0179698 0 0 0 0 0 0 1.04167e+10 1.04167e+10 1.04167e+10 
0.016056 0.00248251 0.0127586 0.00308187 0.0127586 -0.000215536 0 0 0 0 0 0 1.04167e+10 1.04167e+10 1.04167e+10 
-0.0145114 0.0150468 -0.0160107 0.0140027 -0.0145114 0.0134538 0 0 0 0 0 0 1.04167e+10 1.04167e+10 1.04167e+10 
-0.0145114 -0.00088356 -0.0160107 -0.000990601 -0.0145114 -0.0024766 0 0 0 0 0 0 1.04167e+10 1.04167e+10 1.04167e+10 
-0.0129184 0.0149222 -0.0145114 0.0134538 -0.0129184 0.0132296 0 0 0 0 0 0 1.04167e+10 1.04167e+10 1.04167e+10 
-0.0129184 0.0149222 -0.0145114 0.0150468 -0.0145114 0.0134538 0 0 0 0 0 0 1.04167e+10 1.04167e+10 1.04167e+10 
0.00965512 -0.0141379 0.00965512 -0.0172413 0.0127586 -0.0167026 0 0 0 0 0 0 1.04167e+10 1.04167e+10 1.04167e+10 
-0.0160107 0.000508728 -0.0160107 -0.000990601 -0.0145114 -0.00088356 0 0 0 0 0 0 1.04167e+10 1.04167e+10 1.04167e+10 
-0.0160107 0.015502 -0.0174219 0.0166895 -0.0174219 0.0152783 0 0 0 0 0 0 1.04167e+10 1.04167e+10 1.04167e+10 
-0.0160107 0.015502 -0.0145114 0.0150468 -0.0145114 0.0166398 0 0 0 0 0 0 1.04167e+10 1.04167e+10 1.04167e+10 
-0.0160107 0.015502 -0.0174219 0.0152783 -0.0160107 0.0140027 0 0 0 0 0 0 1.04167e+10 1.04167e+10 1.04167e+10 
-0.0160107 0.015502 -0.0160107 0.0140027 -0.0145114 0.0150468 0 0 0 0 0 0 1.04167e+10 1.04167e+10 1.04167e+10 
-0.01875 -0.0132031 -0.0174219 -0.0143555 -0.0174219 -0.0129443 0 0 0 0 0 0 1.04167e+10 1.04167e+10 1.04167e+10 
-0.0112258 -0.00201611 -0.00942739 -0.00292946 -0.00942739 -0.00101867 0 0 0 0 0 0 1.04167e+10 1.04167e+10 1.04167e+10 
-0.0112258 -0.00201611 -0.00942739 -0.00101867 -0.0112258 -0.000217721 0 0 0 0 0 0 1.04167e+10 1.04167e+10 1.04167e+10 
-0.02 0.00541667 -0.02 0.004375 -0.01875 0.00539063 0 0 0 0 0 0 1.04167e+10 1.04167e+10 1.04167e+10 
-0.02 0.00541667 -0.01875 0.00539063 -0.02 0.00645833 0 0 0 0 0 0 1.04167e+10 1.04167e+10 1.04167e+10 
-0.0160107 -0.00248993 -0.0145114 -0.0024766 -0.0160107 -0.000990601 0 0 0 0 0 0 1.04167e+10 1.04167e+10 1.04167e+10 
-0.0160107 -0.00248993 -0.0160107 -0.000990601 -0.0174219 -0.00165527 0 0 0 0 0 0 1.04167e+10 1.04167e+10 1.04167e+10 
-0.00942739 0.00471369 -0.00942739 0.00662448 -0.0112258 0.00517745 0 0 0 0 0 0 1.04167e+10 1.04167e+10 1.04167e+10 
-0.00103736 -0.00678681 -0.00103736 -0.00435165 -0.00332928 -0.00624848 0 0 0 0 0 0 1.04167e+10 1.04167e+10 1.04167e+10 
0.00673423 -0.0141582 0.00398516 -0.0129889 0.00398516 -0.0157379 0 0 0 0 0 0 1.04167e+10 1.04167e+10 1.04167e+10 
0.00965512 0.00448277 0.00965512 0.00137933 0.0127586 0.00308187 0 0 0 0 0 0 1.04167e+10 1.04167e+10 1.04167e+10 
0.00965512 0.00448277 0.0127586 0.00308187 0.0127586 0.00637928 0 0 0 0 0 0 1.04167e+10 1.04167e+10 1.04167e+10 
-0.0129184 0.0166148 -0.0145114 0.0150468 -0.0129184 0.0149222 0 0 0 0 0 0 1.04167e+10 1.04167e+10 1.04167e+10 
-0.0129184 0.0166148 -0.0145114 0.0166398 -0.0145114 0.0150468 0 0 0 0 0 0 1.04167e+10 1.04167e+10 1.04167e+10 
-0.0145114 0.0182329 -0.0145114 0.0166398 -0.0129184 0.0166148 0 0 0 0 0 0 1.04167e+10 1.04167e+10 1.04167e+10 
-0.01875 0.00671875 -0.02 0.0075 -0.02 0.00645833 0 0 0 0 0 0 1.04167e+10 1.04167e+10 1.04167e+10 
-0.01875 0.00671875 -0.01875 0.00804688 -0.02 0.0075 0 0 0 0 0 0 1.04167e+10 1.04167e+10 1.04167e+10 
-0.01875 0.00671875 -0.02 0.00645833 -0.01875 0.00539063 0 0 0 0 0 0 1.04167e+10 1.04167e+10 1.04167e+10 
-0.01875 -0.00390625 -0.01875 -0.00257812 -0.02 -0.00291667 0 0 0 0 0 0 1.04167e+10 1.04167e+10 1.04167e+10 
-0.01875 -0.00390625 -0.02 -0.00291667 -0.02 -0.00395833 0 0 0 0 0 0 1.04167e+10 1.04167e+10 1.04167e+10 
-0.0160107 -0.0129852 -0.0174219 -0.0129443 -0.0174219 -0.0143555 0 0 0 0 0 0 1.04167e+10 1.04167e+10 1.04167e+10 
-0.0075166 -0.0159396 -0.0075166 -0.0179698 -0.00548639 -0.0166707 0 0 0 0 0 0 1.04167e+10 1.04167e+10 1.04167e+10 
-0.0075166 -0.0159396 -0.00942739 -0.016305 -0.0075166 -0.0179698 0 0 0 0 0 0 1.04167e+10 1.04167e+10 1.04167e+10 
-0.0075166 -0.0159396 -0.00942739 -0.0143942 -0.00942739 -0.016305 0 0 0 0 0 0 1.04167e+10 1.04167e+10 1.04167e+10 
-0.0145114 0.000709476 -0.0160107 0.000508728 -0.0145114 -0.00088356 0 0 0 0 0 0 1.04167e+10 1.04167e+10 1.04167e+10 
-0.00548639 -0.0145136 -0.0075166 -0.0159396 -0.00548639 -0.0166707 0 0 0 0 0 0 1.04167e+10 1.04167e+10 1.04167e+10 
-0.0160107 -0.00698792 -0.0145114 -0.00725571 -0.0145114 -0.00566267 0 0 0 0 0 0 1.04167e+10 1.04167e+10 1.04167e+10 
0.0127586 0.0162715 0.0111048 0.02 0.00965512 0.0168966 0 0 0 0 0 0 1.04167e+10 1.04167e+10 1.04167e+10 
0.00673423 0.00628801 0.00673423 0.0092089 0.00398516 0.00900371 0 0 0 0 0 0 1.04167e+10 1.04167e+10 1.04167e+10 
-0.02 -0.001875 -0.01875 -0.00257812 -0.01875 -0.00125 0 0 0 0 0 0 1.04167e+10 1.04167e+10 1.04167e+10 
-0.02 -0.001875 -0.02 -0.00291667 -0.01875 -0.00257812 0 0 0 0 0 0 1.04167e+10 1.04167e+10 1.04167e+10 
-0.02 -0.001875 -0.01875 -0.00125 -0.02 -0.000833333 0 0 0 0 0 0 1.04167e+10 1.04167e+10 1.04167e+10 
-0.0174219 0.0138672 -0.01875 0.0133594 -0.0174219 0.0124561 0 0 0 0 0 0 1.04167e+10 1.04167e+10 1.04167e+10 
-0.0174219 0.0138672 -0.0160107 0.0140027 -0.0174219 0.0152783 0 0 0 0 0 0 1.04167e+10 1.04167e+10 1.04167e+10 
-0.00942739 -0.0182158 -0.0075166 -0.0179698 -0.00942739 -0.016305 0 0 0 0 0 0 1.04167e+10 1.04167e+10 1.04167e+10 
-0.00942739 -0.0182158 -0.00942739 -0.016305 -0.0112258 -0.0164032 0 0 0 0 0 0 1.04167e+10 1.04167e+10 1.04167e+10 
-0.0145114 0.0118607 -0.0129184 0.0132296 -0.0145114 0.0134538 0 0 0 0 0 0 1.04167e+10 1.04167e+10 1.04167e+10 
-0.02 -0.0102083 -0.01875 -0.0105469 -0.01875 -0.00921875 0 0 0 0 0 0 1.04167e+10 1.04167e+10 1.04167e+10 
-0.02 -0.0102083 -0.02 -0.01125 -0.01875 -0.0105469 0 0 0 0 0 0 1.04167e+10 1.04167e+10 1.04167e+10 
-0.00841497 -0.02 -0.00676992 -0.02 -0.0075166 -0.0179698 0 0 0 0 0 0 1.04167e+10 1.04167e+10 1.04167e+10 
-0.00841497 -0.02 -0.0075166 -0.0179698 -0.00942739 -0.0182158 0 0 0 0 0 0 1.04167e+10 1.04167e+10 1.04167e+10 
-0.01875 7.8125e-05 -0.02 0.000208333 -0.02 -0.000833333 0 0 0 0 0 0 1.04167e+10 1.04167e+10 1.04167e+10 
-0.01875 7.8125e-05 -0.02 -0.000833333 -0.01875 -0.00125 0 0 0 0 0 0 1.04167e+10 1.04167e+10 1.04167e+10 
-0.01875 7.8125e-05 -0.0174219 0.00116699 -0.01875 0.00140625 0 0 0 0 0 0 1.04167e+10 1.04167e+10 1.04167e+10 
-0.0112258 -0.0182016 -0.0129184 -0.0189298 -0.0114648 -0.02 0 0 0 0 0 0 1.04167e+10 1.04167e+10 1.04167e+10 
-0.0112258 -0.0182016 -0.00942739 -0.0182158 -0.0112258 -0.0164032 0 0 0 0 0 0 1.04167e+10 1.04167e+10 1.04167e+10 
-0.0112258 0.0159678 -0.0129184 0.0166148 -0.0129184 0.0149222 0 0 0 0 0 0 1.04167e+10 1.04167e+10 1.04167e+10 
-0.0075166 0.0145136 -0.00548639 0.0156858 -0.0075166 0.0165438 0 0 0 0 0 0 1.04167e+10 1.04167e+10 1.04167e+10 
0.00398516 0.0117528 0.00673423 0.0092089 0.00673423 0.0121298 0 0 0 0 0 0 1.04167e+10 1.04167e+10 1.04167e+10 
0.00398516 0.0117528 0.00398516 0.00900371 0.00673423 0.0092089 0 0 0 0 0 0 1.04167e+10 1.04167e+10 1.04167e+10 
0.00398516 0.0117528 0.0013978 0.0110483 0.00398516 0.00900371 0 0 0 0 0 0 1.04167e+10 1.04167e+10 1.04167e+10 
-0.0160107 -0.0144846 -0.0160107 -0.0129852 -0.0174219 -0.0143555 0 0 0 0 0 0 1.04167e+10 1.04167e+10 1.04167e+10 
-0.0160107 -0.0144846 -0.0145114 -0.0136279 -0.0160107 -0.0129852 0 0 0 0 0 0 1.04167e+10 1.04167e+10 1.04167e+10 
0.0013978 0.0136357 0.0013978 0.0110483 0.00398516 0.0117528 0 0 0 0 0 0 1.04167e+10 1.04167e+10 1.04167e+10 
-0.0174219 0.0181006 -0.0160107 0.0185007 -0.0170906 0.02 0 0 0 0 0 0 1.04167e+10 1.04167e+10 1.04167e+10 
-0.0160107 -0.00548859 -0.0160107 -0.00698792 -0.0145114 -0.00566267 0 0 0 0 0 0 1.04167e+10 1.04167e+10 1.04167e+10 
-0.00503919 -0.02 -0.00548639 -0.0188278 -0.00676992 -0.02 0 0 0 0 0 0 1.04167e+10 1.04167e+10 1.04167e+10 
0.00673423 -0.00539555 0.00673423 -0.00831644 0.00965512 -0.00793101 0 0 0 0 0 0 1.04167e+10 1.04167e+10 1.04167e+10 
-0.02 -0.014375 -0.01875 -0.0132031 -0.02 -0.0133333 0 0 0 0 0 0 1.04167e+10 1.04167e+10 1.04167e+10 
-0.00942739 -0.0124834 -0.0112258 -0.0128064 -0.00942739 -0.0143942 0 0 0 0 0 0 1.04167e+10 1.04167e+10 1.04167e+10 
-0.00332928 0.00979496 -0.00332928 0.00750304 -0.00103736 0.00782418 0 0 0 0 0 0 1.04167e+10 1.04167e+10 1.04167e+10 
-0.00332928 0.00979496 -0.00332928 0.0120869 -0.00548639 0.0113716 0 0 0 0 0 0 1.04167e+10 1.04167e+10 1.04167e+10 
0.00673423 0.00336712 0.00965512 0.00137933 0.00965512 0.00448277 0 0 0 0 0 0 1.04167e+10 1.04167e+10 1.04167e+10 
0.00673423 0.00336712 0.00673423 0.000446228 0.00965512 0.00137933 0 0 0 0 0 0 1.04167e+10 1.04167e+10 1.04167e+10 
0.00673423 0.00336712 0.00965512 0.00448277 0.00673423 0.00628801 0 0 0 0 0 0 1.04167e+10 1.04167e+10 1.04167e+10 
0.00673423 0.00336712 0.00673423 0.00628801 0.00398516 0.00350556 0 0 0 0 0 0 1.04167e+10 1.04167e+10 1.04167e+10 
-0.02 -0.0122917 -0.02 -0.0133333 -0.01875 -0.0132031 0 0 0 0 0 0 1.04167e+10 1.04167e+10 1.04167e+10 
-0.02 -0.0175 -0.02 -0.0185417 -0.01875 -0.0185156 0 0 0 0 0 0 1.04167e+10 1.04167e+10 1.04167e+10 
-0.0075166 0.0104532 -0.00548639 0.0113716 -0.0075166 0.0124834 0 0 0 0 0 0 1.04167e+10 1.04167e+10 1.04167e+10 
-0.00548639 0.0092145 -0.00332928 0.00750304 -0.00332928 0.00979496 0 0 0 0 0 0 1.04167e+10 1.04167e+10 1.04167e+10 
-0.00548639 0.0092145 -0.00332928 0.00979496 -0.00548639 0.0113716 0 0 0 0 0 0 1.04167e+10 1.04167e+10 1.04167e+10 
-0.00548639 0.0092145 -0.00548639 0.0113716 -0.0075166 0.0104532 0 0 0 0 0 0 1.04167e+10 1.04167e+10 1.04167e+10 
-0.0160107 0.0125034 -0.0174219 0.0138672 -0.0174219 0.0124561 0 0 0 0 0 0 1.04167e+10 1.04167e+10 1.04167e+10 
-0.0160107 0.0125034 -0.0160107 0.0140027 -0.0174219 0.0138672 0 0 0 0 0 0 1.04167e+10 1.04167e+10 1.04167e+10 
-0.0160107 0.0125034 -0.0145114 0.0134538 -0.0160107 0.0140027 0 0 0 0 0 0 1.04167e+10 1.04167e+10 1.04167e+10 
-0.0160107 0.0125034 -0.0145114 0.0118607 -0.0145114 0.0134538 0 0 0 0 0 0 1.04167e+10 1.04167e+10 1.04167e+10 
-0.0129184 0.0183074 -0.013103 0.02 -0.0145114 0.0182329 0 0 0 0 0 0 1.04167e+10 1.04167e+10 1.04167e+10 
-0.0129184 0.0183074 -0.0145114 0.0182329 -0.0129184 0.0166148 0 0 0 0 0 0 1.04167e+10 1.04167e+10 1.04167e+10 
-0.01875 0.0120313 -0.0174219 0.0124561 -0.01875 0.0133594 0 0 0 0 0 0 1.04167e+10 1.04167e+10 1.04167e+10 
-0.01875 0.0120313 -0.01875 0.0133594 -0.02 0.0127083 0 0 0 0 0 0 1.04167e+10 1.04167e+10 1.04167e+10 
-0.01875 0.0120313 -0.0174219 0.0110449 -0.0174219 0.0124561 0 0 0 0 0 0 1.04167e+10 1.04167e+10 1.04167e+10 
-0.0075166 0.00842298 -0.00942739 0.00853527 -0.00942739 0.00662448 0 0 0 0 0 0 1.04167e+10 1.04167e+10 1.04167e+10 
-0.0075166 0.00842298 -0.0075166 0.0104532 -0.00942739 0.00853527 0 0 0 0 0 0 1.04167e+10 1.04167e+10 1.04167e+10 
-0.0075166 0.00842298 -0.00548639 0.0092145 -0.0075166 0.0104532 0 0 0 0 0 0 1.04167e+10 1.04167e+10 1.04167e+10 
-0.00548639 -0.00588521 -0.00548639 -0.00804231 -0.00332928 -0.00624848 0 0 0 0 0 0 1.04167e+10 1.04167e+10 1.04167e+10 
-0.01875 -0.0145312 -0.0174219 -0.0143555 -0.01875 -0.0132031 0 0 0 0 0 0 1.04167e+10 1.04167e+10 1.04167e+10 
-0.01875 -0.0145312 -0.01875 -0.0132031 -0.02 -0.014375 0 0 0 0 0 0 1.04167e+10 1.04167e+10 1.04167e+10 
-0.0075166 0.018574 -0.00842138 0.02 -0.00942739 0.0180892 0 0 0 0 0 0 1.04167e+10 1.04167e+10 1.04167e+10 
-0.0075166 0.018574 -0.00942739 0.0180892 -0.0075166 0.0165438 0 0 0 0 0 0 1.04167e+10 1.04167e+10 1.04167e+10 
-0.0075166 0.018574 -0.00668629 0.02 -0.00842138 0.02 0 0 0 0 0 0 1.04167e+10 1.04167e+10 1.04167e+10 
0.00398516 0.00625464 0.00673423 0.00628801 0.00398516 0.00900371 0 0 0 0 0 0 1.04167e+10 1.04167e+10 1.04167e+10 
0.00398516 0.00625464 0.00398516 0.00350556 0.00673423 0.00628801 0 0 0 0 0 0 1.04167e+10 1.04167e+10 1.04167e+10 
-0.0112258 -0.0110081 -0.0112258 -0.0128064 -0.00942739 -0.0124834 0 0 0 0 0 0 1.04167e+10 1.04167e+10 1.04167e+10 
-0.0112258 -0.0110081 -0.00942739 -0.0124834 -0.00942739 -0.0105726 0 0 0 0 0 0 1.04167e+10 1.04167e+10 1.04167e+10 
-0.0174219 -0.0115332 -0.0174219 -0.0129443 -0.0160107 -0.0129852 0 0 0 0 0 0 1.04167e+10 1.04167e+10 1.04167e+10 
0.00965512 -0.00482756 0.00673423 -0.00539555 0.00965512 -0.00793101 0 0 0 0 0 0 1.04167e+10 1.04167e+10 1.04167e+10 
0.00965512 -0.00482756 0.00673423 -0.00247466 0.00673423 -0.00539555 0 0 0 0 0 0 1.04167e+10 1.04167e+10 1.04167e+10 
-0.00548639 0.0135287 -0.00548639 0.0113716 -0.00332928 0.0120869 0 0 0 0 0 0 1.04167e+10 1.04167e+10 1.04167e+10 
-0.00548639 0.0135287 -0.00548639 0.0156858 -0.0075166 0.0145136 0 0 0 0 0 0 1.04167e+10 1.04167e+10 1.04167e+10 
-0.00548639 0.0135287 -0.0075166 0.0145136 -0.0075166 0.0124834 0 0 0 0 0 0 1.04167e+10 1.04167e+10 1.04167e+10 
-0.00548639 0.0135287 -0.0075166 0.0124834 -0.00548639 0.0113716 0 0 0 0 0 0 1.04167e+10 1.04167e+10 1.04167e+10 
0.0127586 0.0096767 0.0127586 0.0129741 0.00965512 0.0106897 0 0 0 0 0 0 1.04167e+10 1.04167e+10 1.04167e+10 
0.00965512 0.00758622 0.00965512 0.00448277 0.0127586 0.00637928 0 0 0 0 0 0 1.04167e+10 1.04167e+10 1.04167e+10 
0.00965512 0.00758622 0.00965512 0.0106897 0.00673423 0.0092089 0 0 0 0 0 0 1.04167e+10 1.04167e+10 1.04167e+10 
0.00965512 0.00758622 0.00673423 0.0092089 0.00673423 0.00628801 0 0 0 0 0 0 1.04167e+10 1.04167e+10 1.04167e+10 
0.00965512 0.00758622 0.00673423 0.00628801 0.00965512 0.00448277 0 0 0 0 0 0 1.04167e+10 1.04167e+10 1.04167e+10 
0.00965512 0.00758622 0.0127586 0.0096767 0.00965512 0.0106897 0 0 0 0 0 0 1.04167e+10 1.04167e+10 1.04167e+10 
0.00965512 0.00758622 0.0127586 0.00637928 0.0127586 0.0096767 0 0 0 0 0 0 1.04167e+10 1.04167e+10 1.04167e+10 
-0.0182838 0.02 -0.01875 0.0186719 -0.0174219 0.0181006 0 0 0 0 0 0 1.04167e+10 1.04167e+10 1.04167e+10 
-0.0182838 0.02 -0.0174219 0.0181006 -0.0170906 0.02 0 0 0 0 0 0 1.04167e+10 1.04167e+10 1.04167e+10 
0.0127586 -0.0134052 0.00965512 -0.0141379 0.0127586 -0.0167026 0 0 0 0 0 0 1.04167e+10 1.04167e+10 1.04167e+10 
0.0127586 -0.0134052 0.016056 -0.0115315 0.0127586 -0.0101078 0 0 0 0 0 0 1.04167e+10 1.04167e+10 1.04167e+10 
-0.0112258 0.0141694 -0.0129184 0.0149222 -0.0129184 0.0132296 0 0 0 0 0 0 1.04167e+10 1.04167e+10 1.04167e+10 
-0.0112258 0.0141694 -0.0129184 0.0132296 -0.0112258 0.012371 0 0 0 0 0 0 1.04167e+10 1.04167e+10 1.04167e+10 
-0.0112258 0.0141694 -0.0112258 0.0159678 -0.0129184 0.0149222 0 0 0 0 0 0 1.04167e+10 1.04167e+10 1.04167e+10 
0.016056 -0.00802799 0.0127586 -0.0101078 0.016056 -0.0115315 0 0 0 0 0 0 1.04167e+10 1.04167e+10 1.04167e+10 
-0.00103736 0.00538901 -0.00103736 0.00782418 -0.00332928 0.00750304 0 0 0 0 0 0 1.04167e+10 1.04167e+10 1.04167e+10 
-0.00103736 0.00538901 -0.00332928 0.00750304 -0.00332928 0.00521112 0 0 0 0 0 0 1.04167e+10 1.04167e+10 1.04167e+10 
-0.0129184 0.011537 -0.0129184 0.0132296 -0.0145114 0.0118607 0 0 0 0 0 0 1.04167e+10 1.04167e+10 1.04167e+10 
-0.0129184 0.011537 -0.0112258 0.012371 -0.0129184 0.0132296 0 0 0 0 0 0 1.04167e+10 1.04167e+10 1.04167e+10 
-0.0129184 0.011537 -0.0145114 0.0118607 -0.0145114 0.0102677 0 0 0 0 0 0 1.04167e+10 1.04167e+10 1.04167e+10 
-0.0194148 0.02 -0.01875 0.0186719 -0.0182838 0.02 0 0 0 0 0 0 1.04167e+10 1.04167e+10 1.04167e+10 
-0.00942739 0.0161784 -0.0075166 0.0165438 -0.00942739 0.0180892 0 0 0 0 0 0 1.04167e+10 1.04167e+10 1.04167e+10 
-0.00942739 0.0161784 -0.0075166 0.0145136 -0.0075166 0.0165438 0 0 0 0 0 0 1.04167e+10 1.04167e+10 1.04167e+10 
-0.0075166 -0.0118791 -0.00548639 -0.0123565 -0.00548639 -0.0101994 0 0 0 0 0 0 1.04167e+10 1.04167e+10 1.04167e+10 
-0.0075166 -0.0118791 -0.00942739 -0.0105726 -0.00942739 -0.0124834 0 0 0 0 0 0 1.04167e+10 1.04167e+10 1.04167e+10 
-0.0075166 -0.00172809 -0.00942739 -0.00101867 -0.00942739 -0.00292946 0 0 0 0 0 0 1.04167e+10 1.04167e+10 1.04167e+10 
-0.0075166 -0.00172809 -0.0075166 0.000302126 -0.00942739 -0.00101867 0 0 0 0 0 0 1.04167e+10 1.04167e+10 1.04167e+10 
-0.0075166 -0.00172809 -0.00548639 -0.00157101 -0.0075166 0.000302126 0 0 0 0 0 0 1.04167e+10 1.04167e+10 1.04167e+10 
-0.01875 -0.011875 -0.02 -0.0122917 -0.01875 -0.0132031 0 0 0 0 0 0 1.04167e+10 1.04167e+10 1.04167e+10 
-0.01875 -0.011875 -0.01875 -0.0132031 -0.0174219 -0.0129443 0 0 0 0 0 0 1.04167e+10 1.04167e+10 1.04167e+10 
-0.01875 -0.011875 -0.0174219 -0.0129443 -0.0174219 -0.0115332 0 0 0 0 0 0 1.04167e+10 1.04167e+10 1.04167e+10 
-0.01875 -0.011875 -0.0174219 -0.0115332 -0.01875 -0.0105469 0 0 0 0 0 0 1.04167e+10 1.04167e+10 1.04167e+10 
-0.01875 -0.011875 -0.01875 -0.0105469 -0.02 -0.01125 0 0 0 0 0 0 1.04167e+10 1.04167e+10 1.04167e+10 
-0.01875 -0.011875 -0.02 -0.01125 -0.02 -0.0122917 0 0 0 0 0 0 1.04167e+10 1.04167e+10 1.04167e+10 
-0.00332928 0.0143788 -0.00332928 0.0166707 -0.00548639 0.0156858 0 0 0 0 0 0 1.04167e+10 1.04167e+10 1.04167e+10 
-0.00332928 0.0143788 -0.00548639 0.0156858 -0.00548639 0.0135287 0 0 0 0 0 0 1.04167e+10 1.04167e+10 1.04167e+10 
-0.00332928 0.0143788 -0.00548639 0.0135287 -0.00332928 0.0120869 0 0 0 0 0 0 1.04167e+10 1.04167e+10 1.04167e+10 
0.00398516 0.000756491 0.00398516 0.00350556 0.0013978 0.00328626 0 0 0 0 0 0 1.04167e+10 1.04167e+10 1.04167e+10 
0.00398516 0.000756491 0.00673423 0.000446228 0.00673423 0.00336712 0 0 0 0 0 0 1.04167e+10 1.04167e+10 1.04167e+10 
0.00398516 0.000756491 0.00673423 0.00336712 0.00398516 0.00350556 0 0 0 0 0 0 1.04167e+10 1.04167e+10 1.04167e+10 
0.02 -0.010625 0.016056 -0.00802799 0.016056 -0.0115315 0 0 0 0 0 0 1.04167e+10 1.04167e+10 1.04167e+10 
0.02 -0.010625 0.02 -0.0075 0.016056 -0.00802799 0 0 0 0 0 0 1.04167e+10 1.04167e+10 1.04167e+10 
-0.0174219 -0.0157666 -0.0160107 -0.0144846 -0.0174219 -0.0143555 0 0 0 0 0 0 1.04167e+10 1.04167e+10 1.04167e+10 
-0.0174219 -0.0157666 -0.0160107 -0.0159839 -0.0160107 -0.0144846 0 0 0 0 0 0 1.04167e+10 1.04167e+10 1.04167e+10 
-0.0174219 -0.0157666 -0.0174219 -0.0143555 -0.01875 -0.0145312 0 0 0 0 0 0 1.04167e+10 1.04167e+10 1.04167e+10 
-0.0174219 -0.0157666 -0.01875 -0.0145312 -0.01875 -0.0158594 0 0 0 0 0 0 1.04167e+10 1.04167e+10 1.04167e+10 
0.0013978 -0.0148253 0.0013978 -0.0174126 0.00398516 -0.0157379 0 0 0 0 0 0 1.04167e+10 1.04167e+10 1.04167e+10 
0.0013978 -0.0148253 0.00398516 -0.0157379 0.00398516 -0.0129889 0 0 0 0 0 0 1.04167e+10 1.04167e+10 1.04167e+10 
0.0013978 -0.0148253 -0.00103736 -0.0140923 -0.00103736 -0.0165275 0 0 0 0 0 0 1.04167e+10 1.04167e+10 1.04167e+10 
0.0013978 -0.0148253 -0.00103736 -0.0165275 0.0013978 -0.0174126 0 0 0 0 0 0 1.04167e+10 1.04167e+10 1.04167e+10 
0.00398516 0.0172509 0.00592002 0.02 0.00352835 0.02 0 0 0 0 0 0 1.04167e+10 1.04167e+10 1.04167e+10 
0.00398516 0.0172509 0.00673423 0.0179716 0.00592002 0.02 0 0 0 0 0 0 1.04167e+10 1.04167e+10 1.04167e+10 
0.00398516 0.0172509 0.00352835 0.02 0.00126125 0.02 0 0 0 0 0 0 1.04167e+10 1.04167e+10 1.04167e+10 
0.016056 -0.00102099 0.016056 0.00248251 0.0127586 -0.000215536 0 0 0 0 0 0 1.04167e+10 1.04167e+10 1.04167e+10 
0.016056 -0.00102099 0.0127586 -0.000215536 0.0127586 -0.00351295 0 0 0 0 0 0 1.04167e+10 1.04167e+10 1.04167e+10 
0.016056 -0.00102099 0.02 0.001875 0.016056 0.00248251 0 0 0 0 0 0 1.04167e+10 1.04167e+10 1.04167e+10 
-0.00548639 0.0178429 -0.00292487 0.02 -0.00485587 0.02 0 0 0 0 0 0 1.04167e+10 1.04167e+10 1.04167e+10 
-0.00548639 0.0178429 -0.00332928 0.0166707 -0.00292487 0.02 0 0 0 0 0 0 1.04167e+10 1.04167e+10 1.04167e+10 
-0.00548639 0.0178429 -0.00548639 0.0156858 -0.00332928 0.0166707 0 0 0 0 0 0 1.04167e+10 1.04167e+10 1.04167e+10 
-0.00548639 0.0178429 -0.0075166 0.0165438 -0.00548639 0.0156858 0 0 0 0 0 0 1.04167e+10 1.04167e+10 1.04167e+10 
-0.00548639 0.0178429 -0.0075166 0.018574 -0.0075166 0.0165438 0 0 0 0 0 0 1.04167e+10 1.04167e+10 1.04167e+10 
-0.00548639 0.0178429 -0.00485587 0.02 -0.00668629 0.02 0 0 0 0 0 0 1.04167e+10 1.04167e+10 1.04167e+10 
-0.00548639 0.0178429 -0.00668629 0.02 -0.0075166 0.018574 0 0 0 0 0 0 1.04167e+10 1.04167e+10 1.04167e+10 
0.00398516 -0.00474165 0.00673423 -0.00539555 0.00673423 -0.00247466 0 0 0 0 0 0 1.04167e+10 1.04167e+10 1.04167e+10 
-0.0145039 0.02 -0.0160107 0.0185007 -0.0145114 0.0182329 0 0 0 0 0 0 1.04167e+10 1.04167e+10 1.04167e+10 
-0.0145039 0.02 -0.0145114 0.0182329 -0.013103 0.02 0 0 0 0 0 0 1.04167e+10 1.04167e+10 1.04167e+10 
0.0084431 0.02 0.00592002 0.02 0.00673423 0.0179716 0 0 0 0 0 0 1.04167e+10 1.04167e+10 1.04167e+10 
0.0084431 0.02 0.00673423 0.0179716 0.00965512 0.0168966 0 0 0 0 0 0 1.04167e+10 1.04167e+10 1.04167e+10 
0.0084431 0.02 0.00965512 0.0168966 0.0111048 0.02 0 0 0 0 0 0 1.04167e+10 1.04167e+10 1.04167e+10 
-0.0075166 0.00233234 -0.00548639 0.00274319 -0.0075166 0.00436255 0 0 0 0 0 0 1.04167e+10 1.04167e+10 1.04167e+10 
-0.0174219 -0.00447754 -0.01875 -0.00390625 -0.01875 -0.00523437 0 0 0 0 0 0 1.04167e+10 1.04167e+10 1.04167e+10 
-0.02 0.0189583 -0.02 0.0179167 -0.01875 0.0186719 0 0 0 0 0 0 1.04167e+10 1.04167e+10 1.04167e+10 
-0.02 0.0189583 -0.01875 0.0186719 -0.0194148 0.02 0 0 0 0 0 0 1.04167e+10 1.04167e+10 1.04167e+10 
-0.02 0.0189583 -0.0194148 0.02 -0.02 0.02 0 0 0 0 0 0 1.04167e+10 1.04167e+10 1.04167e+10 
-0.00332928 0.000627277 -0.00548639 -0.00157101 -0.00332928 -0.00166464 0 0 0 0 0 0 1.04167e+10 1.04167e+10 1.04167e+10 
-0.01875 -0.0171875 -0.02 -0.0175 -0.01875 -0.0185156 0 0 0 0 0 0 1.04167e+10 1.04167e+10 1.04167e+10 
-0.01875 -0.0171875 -0.01875 -0.0158594 -0.02 -0.0164583 0 0 0 0 0 0 1.04167e+10 1.04167e+10 1.04167e+10 
-0.01875 -0.0171875 -0.02 -0.0164583 -0.02 -0.0175 0 0 0 0 0 0 1.04167e+10 1.04167e+10 1.04167e+10 
-0.0129184 -0.0121594 -0.0145114 -0.0136279 -0.0129184 -0.013852 0 0 0 0 0 0 1.04167e+10 1.04167e+10 1.04167e+10 
-0.0129184 -0.0121594 -0.0129184 -0.013852 -0.0112258 -0.0128064 0 0 0 0 0 0 1.04167e+10 1.04167e+10 1.04167e+10 
-0.0129184 -0.0121594 -0.0112258 -0.0128064 -0.0112258 -0.0110081 0 0 0 0 0 0 1.04167e+10 1.04167e+10 1.04167e+10 
-0.0160107 -0.00848724 -0.0145114 -0.00725571 -0.0160107 -0.00698792 0 0 0 0 0 0 1.04167e+10 1.04167e+10 1.04167e+10 
-0.00942739 0.000892117 -0.0112258 -0.000217721 -0.00942739 -0.00101867 0 0 0 0 0 0 1.04167e+10 1.04167e+10 1.04167e+10 
-0.00942739 0.000892117 -0.0112258 0.00158067 -0.0112258 -0.000217721 0 0 0 0 0 0 1.04167e+10 1.04167e+10 1.04167e+10 
-0.00942739 0.000892117 -0.00942739 -0.00101867 -0.0075166 0.000302126 0 0 0 0 0 0 1.04167e+10 1.04167e+10 1.04167e+10 
-0.00942739 0.000892117 -0.0075166 0.000302126 -0.0075166 0.00233234 0 0 0 0 0 0 1.04167e+10 1.04167e+10 1.04167e+10 
-0.02 0.00854167 -0.02 0.0075 -0.01875 0.00804688 0 0 0 0 0 0 1.04167e+10 1.04167e+10 1.04167e+10 
0.0013978 0.00846099 0.00398516 0.00900371 0.0013978 0.0110483 0 0 0 0 0 0 1.04167e+10 1.04167e+10 1.04167e+10 
0.0013978 0.00846099 0.00398516 0.00625464 0.00398516 0.00900371 0 0 0 0 0 0 1.04167e+10 1.04167e+10 1.04167e+10 
0.016056 0.0094895 0.0127586 0.0096767 0.0127586 0.00637928 0 0 0 0 0 0 1.04167e+10 1.04167e+10 1.04167e+10 
-0.00103736 0.000518682 -0.00332928 -0.00166464 -0.00103736 -0.00191648 0 0 0 0 0 0 1.04167e+10 1.04167e+10 1.04167e+10 
-0.00103736 0.000518682 -0.00332928 0.000627277 -0.00332928 -0.00166464 0 0 0 0 0 0 1.04167e+10 1.04167e+10 1.04167e+10 
-0.0129184 -0.00200382 -0.0145114 -0.00088356 -0.0145114 -0.0024766 0 0 0 0 0 0 1.04167e+10 1.04167e+10 1.04167e+10 
-0.0145114 0.00708162 -0.0145114 0.00867466 -0.0160107 0.00800537 0 0 0 0 0 0 1.04167e+10 1.04167e+10 1.04167e+10 
-0.0145114 0.00708162 -0.0145114 0.00548859 -0.0129184 0.00645919 0 0 0 0 0 0 1.04167e+10 1.04167e+10 1.04167e+10 
-0.0145114 0.00708162 -0.0129184 0.00815179 -0.0145114 0.00867466 0 0 0 0 0 0 1.04167e+10 1.04167e+10 1.04167e+10 
-0.0145114 0.00708162 -0.0129184 0.00645919 -0.0129184 0.00815179 0 0 0 0 0 0 1.04167e+10 1.04167e+10 1.04167e+10 
-0.0145114 -0.00884874 -0.0129184 -0.00877422 -0.0145114 -0.00725571 0 0 0 0 0 0 1.04167e+10 1.04167e+10 1.04167e+10 
-0.0145114 -0.00884874 -0.0145114 -0.00725571 -0.0160107 -0.00848724 0 0 0 0 0 0 1.04167e+10 1.04167e+10 1.04167e+10 
-0.0145114 -0.00884874 -0.0160107 -0.00848724 -0.0160107 -0.00998657 0 0 0 0 0 0 1.04167e+10 1.04167e+10 1.04167e+10 
0.00398516 -0.00749073 0.00673423 -0.00831644 0.00673423 -0.00539555 0 0 0 0 0 0 1.04167e+10 1.04167e+10 1.04167e+10 
0.00398516 -0.00749073 0.00673423 -0.00539555 0.00398516 -0.00474165 0 0 0 0 0 0 1.04167e+10 1.04167e+10 1.04167e+10 
0.00398516 -0.00749073 0.0013978 -0.00965055 0.00398516 -0.0102398 0 0 0 0 0 0 1.04167e+10 1.04167e+10 1.04167e+10 
0.00398516 -0.00749073 0.0013978 -0.00706319 0.0013978 -0.00965055 0 0 0 0 0 0 1.04167e+10 1.04167e+10 1.04167e+10 
0.00398516 -0.00749073 0.00398516 -0.00474165 0.0013978 -0.00706319 0 0 0 0 0 0 1.04167e+10 1.04167e+10 1.04167e+10 
0.00398516 -0.00749073 0.00398516 -0.0102398 0.00673423 -0.00831644 0 0 0 0 0 0 1.04167e+10 1.04167e+10 1.04167e+10 
-0.0075166 -0.00984894 -0.00548639 -0.0101994 -0.00548639 -0.00804231 0 0 0 0 0 0 1.04167e+10 1.04167e+10 1.04167e+10 
-0.0075166 -0.00984894 -0.00942739 -0.00866183 -0.00942739 -0.0105726 0 0 0 0 0 0 1.04167e+10 1.04167e+10 1.04167e+10 
-0.0075166 -0.00984894 -0.0075166 -0.0118791 -0.00548639 -0.0101994 0 0 0 0 0 0 1.04167e+10 1.04167e+10 1.04167e+10 
-0.0075166 -0.00984894 -0.00942739 -0.0105726 -0.0075166 -0.0118791 0 0 0 0 0 0 1.04167e+10 1.04167e+10 1.04167e+10 
-0.00332928 0.0029192 -0.00548639 0.00274319 -0.00332928 0.000627277 0 0 0 0 0 0 1.04167e+10 1.04167e+10 1.04167e+10 
0.0013978 -0.00188846 -0.00103736 0.000518682 -0.00103736 -0.00191648 0 0 0 0 0 0 1.04167e+10 1.04167e+10 1.04167e+10 
0.0013978 -0.00188846 -0.00103736 -0.00191648 -0.00103736 -0.00435165 0 0 0 0 0 0 1.04167e+10 1.04167e+10 1.04167e+10 
-0.01875 0.0146875 -0.02 0.0158333 -0.02 0.0147917 0 0 0 0 0 0 1.04167e+10 1.04167e+10 1.04167e+10 
-0.01875 0.0146875 -0.01875 0.0133594 -0.0174219 0.0138672 0 0 0 0 0 0 1.04167e+10 1.04167e+10 1.04167e+10 
-0.01875 0.0146875 -0.0174219 0.0138672 -0.0174219 0.0152783 0 0 0 0 0 0 1.04167e+10 1.04167e+10 1.04167e+10 
-0.0112258 -0.00920967 -0.0112258 -0.0110081 -0.00942739 -0.0105726 0 0 0 0 0 0 1.04167e+10 1.04167e+10 1.04167e+10 
-0.0112258 -0.00920967 -0.00942739 -0.0105726 -0.00942739 -0.00866183 0 0 0 0 0 0 1.04167e+10 1.04167e+10 1.04167e+10 
0.02 0.01125 0.016056 0.0094895 0.02 0.008125 0 0 0 0 0 0 1.04167e+10 1.04167e+10 1.04167e+10 
0.00965512 -0.0110345 0.0127586 -0.0101078 0.00965512 -0.00793101 0 0 0 0 0 0 1.04167e+10 1.04167e+10 1.04167e+10 
0.00965512 -0.0110345 0.00965512 -0.00793101 0.00673423 -0.00831644 0 0 0 0 0 0 1.04167e+10 1.04167e+10 1.04167e+10 
0.00965512 -0.0110345 0.00965512 -0.0141379 0.0127586 -0.0134052 0 0 0 0 0 0 1.04167e+10 1.04167e+10 1.04167e+10 
0.00965512 -0.0110345 0.0127586 -0.0134052 0.0127586 -0.0101078 0 0 0 0 0 0 1.04167e+10 1.04167e+10 1.04167e+10 
-0.00321831 -0.02 -0.00548639 -0.0188278 -0.00503919 -0.02 0 0 0 0 0 0 1.04167e+10 1.04167e+10 1.04167e+10 
-0.0129184 -0.0172372 -0.0112258 -0.0164032 -0.0129184 -0.0155446 0 0 0 0 0 0 1.04167e+10 1.04167e+10 1.04167e+10 
-0.0129184 -0.0172372 -0.0129184 -0.0189298 -0.0112258 -0.0182016 0 0 0 0 0 0 1.04167e+10 1.04167e+10 1.04167e+10 
-0.0129184 -0.0172372 -0.0112258 -0.0182016 -0.0112258 -0.0164032 0 0 0 0 0 0 1.04167e+10 1.04167e+10 1.04167e+10 
-0.0129184 -0.0172372 -0.0129184 -0.0155446 -0.0145114 -0.0168139 0 0 0 0 0 0 1.04167e+10 1.04167e+10 1.04167e+10 
-0.0129184 -0.0172372 -0.0145114 -0.0168139 -0.0145114 -0.018407 0 0 0 0 0 0 1.04167e+10 1.04167e+10 1.04167e+10 
-0.0129184 -0.0172372 -0.0145114 -0.018407 -0.0129184 -0.0189298 0 0 0 0 0 0 1.04167e+10 1.04167e+10 1.04167e+10 
-0.01875 0.0173438 -0.02 0.0179167 -0.02 0.016875 0 0 0 0 0 0 1.04167e+10 1.04167e+10 1.04167e+10 
-0.01875 0.0173438 -0.01875 0.0186719 -0.02 0.0179167 0 0 0 0 0 0 1.04167e+10 1.04167e+10 1.04167e+10 
-0.01875 0.0173438 -0.0174219 0.0166895 -0.0174219 0.0181006 0 0 0 0 0 0 1.04167e+10 1.04167e+10 1.04167e+10 
-0.01875 0.0173438 -0.0174219 0.0181006 -0.01875 0.0186719 0 0 0 0 0 0 1.04167e+10 1.04167e+10 1.04167e+10 
0.0152119 -0.02 0.0127586 -0.0167026 0.0124787 -0.02 0 0 0 0 0 0 1.04167e+10 1.04167e+10 1.04167e+10 
-0.00548639 0.000586092 -0.00548639 0.00274319 -0.0075166 0.00233234 0 0 0 0 0 0 1.04167e+10 1.04167e+10 1.04167e+10 
-0.00548639 0.000586092 -0.0075166 0.00233234 -0.0075166 0.000302126 0 0 0 0 0 0 1.04167e+10 1.04167e+10 1.04167e+10 
-0.00548639 0.000586092 -0.0075166 0.000302126 -0.00548639 -0.00157101 0 0 0 0 0 0 1.04167e+10 1.04167e+10 1.04167e+10 
-0.00548639 0.000586092 -0.00548639 -0.00157101 -0.00332928 0.000627277 0 0 0 0 0 0 1.04167e+10 1.04167e+10 1.04167e+10 
-0.00548639 0.000586092 -0.00332928 0.000627277 -0.00548639 0.00274319 0 0 0 0 0 0 1.04167e+10 1.04167e+10 1.04167e+10 
0.016056 -0.00452449 0.016056 -0.00102099 0.0127586 -0.00351295 0 0 0 0 0 0 1.04167e+10 1.04167e+10 1.04167e+10 
0.016056 -0.00452449 0.016056 -0.00802799 0.02 -0.0075 0 0 0 0 0 0 1.04167e+10 1.04167e+10 1.04167e+10 
-0.0145114 -0.00406963 -0.0145114 -0.00566267 -0.0129184 -0.00538902 0 0 0 0 0 0 1.04167e+10 1.04167e+10 1.04167e+10 
-0.0145114 -0.00406963 -0.0160107 -0.00548859 -0.0145114 -0.00566267 0 0 0 0 0 0 1.04167e+10 1.04167e+10 1.04167e+10 
-0.01875 0.0160156 -0.0174219 0.0152783 -0.0174219 0.0166895 0 0 0 0 0 0 1.04167e+10 1.04167e+10 1.04167e+10 
-0.01875 0.0160156 -0.01875 0.0146875 -0.0174219 0.0152783 0 0 0 0 0 0 1.04167e+10 1.04167e+10 1.04167e+10 
-0.01875 0.0160156 -0.02 0.016875 -0.02 0.0158333 0 0 0 0 0 0 1.04167e+10 1.04167e+10 1.04167e+10 
-0.01875 0.0160156 -0.01875 0.0173438 -0.02 0.016875 0 0 0 0 0 0 1.04167e+10 1.04167e+10 1.04167e+10 
-0.01875 0.0160156 -0.0174219 0.0166895 -0.01875 0.0173438 0 0 0 0 0 0 1.04167e+10 1.04167e+10 1.04167e+10 
-0.01875 0.0160156 -0.02 0.0158333 -0.01875 0.0146875 0 0 0 0 0 0 1.04167e+10 1.04167e+10 1.04167e+10 
-0.0160107 0.00200806 -0.0174219 0.00116699 -0.0160107 0.000508728 0 0 0 0 0 0 1.04167e+10 1.04167e+10 1.04167e+10 
-0.0160107 0.00200806 -0.0160107 0.000508728 -0.0145114 0.000709476 0 0 0 0 0 0 1.04167e+10 1.04167e+10 1.04167e+10 
-0.0112258 -0.0146048 -0.00942739 -0.0143942 -0.0112258 -0.0128064 0 0 0 0 0 0 1.04167e+10 1.04167e+10 1.04167e+10 
-0.0112258 -0.0146048 -0.0112258 -0.0128064 -0.0129184 -0.013852 0 0 0 0 0 0 1.04167e+10 1.04167e+10 1.04167e+10 
-0.0112258 -0.0146048 -0.0129184 -0.013852 -0.0129184 -0.0155446 0 0 0 0 0 0 1.04167e+10 1.04167e+10 1.04167e+10 
-0.0112258 -0.0146048 -0.0129184 -0.0155446 -0.0112258 -0.0164032 0 0 0 0 0 0 1.04167e+10 1.04167e+10 1.04167e+10 
-0.0112258 -0.0146048 -0.00942739 -0.016305 -0.00942739 -0.0143942 0 0 0 0 0 0 1.04167e+10 1.04167e+10 1.04167e+10 
-0.0112258 -0.0146048 -0.0112258 -0.0164032 -0.00942739 -0.016305 0 0 0 0 0 0 1.04167e+10 1.04167e+10 1.04167e+10 
-0.0160107 -0.00398926 -0.0145114 -0.0024766 -0.0160107 -0.00248993 0 0 0 0 0 0 1.04167e+10 1.04167e+10 1.04167e+10 
-0.0160107 -0.00398926 -0.0145114 -0.00406963 -0.0145114 -0.0024766 0 0 0 0 0 0 1.04167e+10 1.04167e+10 1.04167e+10 
-0.0160107 -0.00398926 -0.0174219 -0.00447754 -0.0160107 -0.00548859 0 0 0 0 0 0 1.04167e+10 1.04167e+10 1.04167e+10 
-0.0160107 -0.00398926 -0.0160107 -0.00548859 -0.0145114 -0.00406963 0 0 0 0 0 0 1.04167e+10 1.04167e+10 1.04167e+10 
-0.02 0.0116667 -0.01875 0.0120313 -0.02 0.0127083 0 0 0 0 0 0 1.04167e+10 1.04167e+10 1.04167e+10 
-0.0174219 -0.0101221 -0.01875 -0.00921875 -0.01875 -0.0105469 0 0 0 0 0 0 1.04167e+10 1.04167e+10 1.04167e+10 
-0.0174219 -0.0101221 -0.01875 -0.0105469 -0.0174219 -0.0115332 0 0 0 0 0 0 1.04167e+10 1.04167e+10 1.04167e+10 
-0.00103736 0.0151297 -0.00332928 0.0166707 -0.00332928 0.0143788 0 0 0 0 0 0 1.04167e+10 1.04167e+10 1.04167e+10 
0.0139128 0.02 0.016056 0.0164965 0.016875 0.02 0 0 0 0 0 0 1.04167e+10 1.04167e+10 1.04167e+10 
0.0139128 0.02 0.0127586 0.0162715 0.016056 0.0164965 0 0 0 0 0 0 1.04167e+10 1.04167e+10 1.04167e+10 
0.0139128 0.02 0.0111048 0.02 0.0127586 0.0162715 0 0 0 0 0 0 1.04167e+10 1.04167e+10 1.04167e+10 
0.016056 -0.015035 0.0127586 -0.0167026 0.0152119 -0.02 0 0 0 0 0 0 1.04167e+10 1.04167e+10 1.04167e+10 
0.016056 -0.015035 0.0127586 -0.0134052 0.0127586 -0.0167026 0 0 0 0 0 0 1.04167e+10 1.04167e+10 1.04167e+10 
0.016056 -0.015035 0.016056 -0.0115315 0.0127586 -0.0134052 0 0 0 0 0 0 1.04167e+10 1.04167e+10 1.04167e+10 
-0.0116252 0.02 -0.013103 0.02 -0.0129184 0.0183074 0 0 0 0 0 0 1.04167e+10 1.04167e+10 1.04167e+10 
0.0127586 -0.00681036 0.00965512 -0.00793101 0.0127586 -0.0101078 0 0 0 0 0 0 1.04167e+10 1.04167e+10 1.04167e+10 
0.0127586 -0.00681036 0.0127586 -0.00351295 0.00965512 -0.00482756 0 0 0 0 0 0 1.04167e+10 1.04167e+10 1.04167e+10 
0.0127586 -0.00681036 0.00965512 -0.00482756 0.00965512 -0.00793101 0 0 0 0 0 0 1.04167e+10 1.04167e+10 1.04167e+10 
0.0127586 -0.00681036 0.0127586 -0.0101078 0.016056 -0.00802799 0 0 0 0 0 0 1.04167e+10 1.04167e+10 1.04167e+10 
0.0127586 -0.00681036 0.016056 -0.00452449 0.0127586 -0.00351295 0 0 0 0 0 0 1.04167e+10 1.04167e+10 1.04167e+10 
0.0127586 -0.00681036 0.016056 -0.00802799 0.016056 -0.00452449 0 0 0 0 0 0 1.04167e+10 1.04167e+10 1.04167e+10 
-0.0129184 0.00984439 -0.0145114 0.0102677 -0.0145114 0.00867466 0 0 0 0 0 0 1.04167e+10 1.04167e+10 1.04167e+10 
-0.0129184 0.00984439 -0.0145114 0.00867466 -0.0129184 0.00815179 0 0 0 0 0 0 1.04167e+10 1.04167e+10 1.04167e+10 
-0.0129184 0.00984439 -0.0129184 0.011537 -0.0145114 0.0102677 0 0 0 0 0 0 1.04167e+10 1.04167e+10 1.04167e+10 
-0.0174219 -0.0072998 -0.0160107 -0.00848724 -0.0160107 -0.00698792 0 0 0 0 0 0 1.04167e+10 1.04167e+10 1.04167e+10 
-0.00942739 0.0028029 -0.0112258 0.00158067 -0.00942739 0.000892117 0 0 0 0 0 0 1.04167e+10 1.04167e+10 1.04167e+10 
-0.00942739 0.0028029 -0.00942739 0.000892117 -0.0075166 0.00233234 0 0 0 0 0 0 1.04167e+10 1.04167e+10 1.04167e+10 
-0.00942739 0.0028029 -0.0075166 0.00436255 -0.00942739 0.00471369 0 0 0 0 0 0 1.04167e+10 1.04167e+10 1.04167e+10 
-0.00942739 0.0028029 -0.0075166 0.00233234 -0.0075166 0.00436255 0 0 0 0 0 0 1.04167e+10 1.04167e+10 1.04167e+10 
-0.00942739 0.0123568 -0.0075166 0.0104532 -0.0075166 0.0124834 0 0 0 0 0 0 1.04167e+10 1.04167e+10 1.04167e+10 
-0.00942739 0.0123568 -0.0112258 0.0141694 -0.0112258 0.012371 0 0 0 0 0 0 1.04167e+10 1.04167e+10 1.04167e+10 
-0.00942739 0.0104461 -0.00942739 0.00853527 -0.0075166 0.0104532 0 0 0 0 0 0 1.04167e+10 1.04167e+10 1.04167e+10 
-0.00942739 0.0104461 -0.0075166 0.0104532 -0.00942739 0.0123568 0 0 0 0 0 0 1.04167e+10 1.04167e+10 1.04167e+10 
0.0180875 -0.02 0.02 -0.02 0.02 -0.016875 0 0 0 0 0 0 1.04167e+10 1.04167e+10 1.04167e+10 
0.0180875 -0.02 0.016056 -0.015035 0.0152119 -0.02 0 0 0 0 0 0 1.04167e+10 1.04167e+10 1.04167e+10 
0.0180875 -0.02 0.02 -0.016875 0.016056 -0.015035 0 0 0 0 0 0 1.04167e+10 1.04167e+10 1.04167e+10 
-0.0013026 -0.02 0.0013978 -0.0174126 -0.00103736 -0.0165275 0 0 0 0 0 0 1.04167e+10 1.04167e+10 1.04167e+10 
-0.02 -0.0154167 -0.02 -0.0164583 -0.01875 -0.0158594 0 0 0 0 0 0 1.04167e+10 1.04167e+10 1.04167e+10 
-0.02 -0.0154167 -0.01875 -0.0145312 -0.02 -0.014375 0 0 0 0 0 0 1.04167e+10 1.04167e+10 1.04167e+10 
-0.02 -0.0154167 -0.01875 -0.0158594 -0.01875 -0.0145312 0 0 0 0 0 0 1.04167e+10 1.04167e+10 1.04167e+10 
0.00398516 0.0145019 0.00398516 0.0117528 0.00673423 0.0121298 0 0 0 0 0 0 1.04167e+10 1.04167e+10 1.04167e+10 
0.00398516 0.0145019 0.0013978 0.0136357 0.00398516 0.0117528 0 0 0 0 0 0 1.04167e+10 1.04167e+10 1.04167e+10 
-0.0112258 0.00697584 -0.00942739 0.00662448 -0.00942739 0.00853527 0 0 0 0 0 0 1.04167e+10 1.04167e+10 1.04167e+10 
-0.0112258 0.00697584 -0.0112258 0.00517745 -0.00942739 0.00662448 0 0 0 0 0 0 1.04167e+10 1.04167e+10 1.04167e+10 
-0.0112258 0.00697584 -0.0129184 0.00645919 -0.0112258 0.00517745 0 0 0 0 0 0 1.04167e+10 1.04167e+10 1.04167e+10 
-0.0112258 0.00697584 -0.0129184 0.00815179 -0.0129184 0.00645919 0 0 0 0 0 0 1.04167e+10 1.04167e+10 1.04167e+10 
-0.02 -0.008125 -0.01875 -0.00921875 -0.01875 -0.00789062 0 0 0 0 0 0 1.04167e+10 1.04167e+10 1.04167e+10 
0.0013978 0.00587362 -0.00103736 0.00538901 0.0013978 0.00328626 0 0 0 0 0 0 1.04167e+10 1.04167e+10 1.04167e+10 
0.0013978 0.00587362 0.00398516 0.00350556 0.00398516 0.00625464 0 0 0 0 0 0 1.04167e+10 1.04167e+10 1.04167e+10 
0.0013978 0.00587362 0.0013978 0.00328626 0.00398516 0.00350556 0 0 0 0 0 0 1.04167e+10 1.04167e+10 1.04167e+10 
0.0013978 0.00587362 -0.00103736 0.00782418 -0.00103736 0.00538901 0 0 0 0 0 0 1.04167e+10 1.04167e+10 1.04167e+10 
0.0013978 0.00587362 0.0013978 0.00846099 -0.00103736 0.00782418 0 0 0 0 0 0 1.04167e+10 1.04167e+10 1.04167e+10 
0.0013978 0.00587362 0.00398516 0.00625464 0.0013978 0.00846099 0 0 0 0 0 0 1.04167e+10 1.04167e+10 1.04167e+10 
-0.00548639 0.00705739 -0.00332928 0.00521112 -0.00332928 0.00750304 0 0 0 0 0 0 1.04167e+10 1.04167e+10 1.04167e+10 
-0.00548639 0.00705739 -0.00332928 0.00750304 -0.00548639 0.0092145 0 0 0 0 0 0 1.04167e+10 1.04167e+10 1.04167e+10 
-0.00548639 0.00705739 -0.00548639 0.0092145 -0.0075166 0.00842298 0 0 0 0 0 0 1.04167e+10 1.04167e+10 1.04167e+10 
-0.02 0.01375 -0.02 0.0127083 -0.01875 0.0133594 0 0 0 0 0 0 1.04167e+10 1.04167e+10 1.04167e+10 
-0.02 0.01375 -0.01875 0.0146875 -0.02 0.0147917 0 0 0 0 0 0 1.04167e+10 1.04167e+10 1.04167e+10 
-0.02 0.01375 -0.01875 0.0133594 -0.01875 0.0146875 0 0 0 0 0 0 1.04167e+10 1.04167e+10 1.04167e+10 
-0.0160107 0.0170013 -0.0174219 0.0166895 -0.0160107 0.015502 0 0 0 0 0 0 1.04167e+10 1.04167e+10 1.04167e+10 
-0.0160107 0.0170013 -0.0160107 0.015502 -0.0145114 0.0166398 0 0 0 0 0 0 1.04167e+10 1.04167e+10 1.04167e+10 
-0.0160107 0.0170013 -0.0145114 0.0166398 -0.0145114 0.0182329 0 0 0 0 0 0 1.04167e+10 1.04167e+10 1.04167e+10 
-0.0160107 0.0170013 -0.0145114 0.0182329 -0.0160107 0.0185007 0 0 0 0 0 0 1.04167e+10 1.04167e+10 1.04167e+10 
-0.0160107 0.0170013 -0.0160107 0.0185007 -0.0174219 0.0181006 0 0 0 0 0 0 1.04167e+10 1.04167e+10 1.04167e+10 
-0.0160107 0.0170013 -0.0174219 0.0181006 -0.0174219 0.0166895 0 0 0 0 0 0 1.04167e+10 1.04167e+10 1.04167e+10 
-0.0158318 0.02 -0.0170906 0.02 -0.0160107 0.0185007 0 0 0 0 0 0 1.04167e+10 1.04167e+10 1.04167e+10 
-0.0158318 0.02 -0.0160107 0.0185007 -0.0145039 0.02 0 0 0 0 0 0 1.04167e+10 1.04167e+10 1.04167e+10 
-0.0129184 0.00476659 -0.0112258 0.00517745 -0.0129184 0.00645919 0 0 0 0 0 0 1.04167e+10 1.04167e+10 1.04167e+10 
-0.0129184 0.00476659 -0.0145114 0.00548859 -0.0145114 0.00389555 0 0 0 0 0 0 1.04167e+10 1.04167e+10 1.04167e+10 
-0.0129184 0.00476659 -0.0129184 0.00645919 -0.0145114 0.00548859 0 0 0 0 0 0 1.04167e+10 1.04167e+10 1.04167e+10 
-0.0145114 0.00230251 -0.0160107 0.00200806 -0.0145114 0.000709476 0 0 0 0 0 0 1.04167e+10 1.04167e+10 1.04167e+10 
-0.0145114 0.00230251 -0.0145114 0.00389555 -0.0160107 0.00350739 0 0 0 0 0 0 1.04167e+10 1.04167e+10 1.04167e+10 
-0.0145114 0.00230251 -0.0160107 0.00350739 -0.0160107 0.00200806 0 0 0 0 0 0 1.04167e+10 1.04167e+10 1.04167e+10 
-0.0100661 0.02 -0.00942739 0.0180892 -0.00842138 0.02 0 0 0 0 0 0 1.04167e+10 1.04167e+10 1.04167e+10 
-0.0075166 -0.0139094 -0.00942739 -0.0143942 -0.0075166 -0.0159396 0 0 0 0 0 0 1.04167e+10 1.04167e+10 1.04167e+10 
-0.0075166 -0.0139094 -0.0075166 -0.0159396 -0.00548639 -0.0145136 0 0 0 0 0 0 1.04167e+10 1.04167e+10 1.04167e+10 
-0.0075166 -0.0139094 -0.00942739 -0.0124834 -0.00942739 -0.0143942 0 0 0 0 0 0 1.04167e+10 1.04167e+10 1.04167e+10 
-0.0075166 -0.0139094 -0.0075166 -0.0118791 -0.00942739 -0.0124834 0 0 0 0 0 0 1.04167e+10 1.04167e+10 1.04167e+10 
-0.0075166 -0.0139094 -0.00548639 -0.0145136 -0.00548639 -0.0123565 0 0 0 0 0 0 1.04167e+10 1.04167e+10 1.04167e+10 
-0.0075166 -0.0139094 -0.00548639 -0.0123565 -0.0075166 -0.0118791 0 0 0 0 0 0 1.04167e+10 1.04167e+10 1.04167e+10 
-0.0112258 -0.00741128 -0.0129184 -0.00877422 -0.0112258 -0.00920967 0 0 0 0 0 0 1.04167e+10 1.04167e+10 1.04167e+10 
-0.0112258 -0.00741128 -0.00942739 -0.00866183 -0.00942739 -0.00675104 0 0 0 0 0 0 1.04167e+10 1.04167e+10 1.04167e+10 
-0.0112258 -0.00741128 -0.0112258 -0.00920967 -0.00942739 -0.00866183 0 0 0 0 0 0 1.04167e+10 1.04167e+10 1.04167e+10 
-0.00332928 -0.00395656 -0.00332928 -0.00624848 -0.00103736 -0.00435165 0 0 0 0 0 0 1.04167e+10 1.04167e+10 1.04167e+10 
-0.00332928 -0.00395656 -0.00103736 -0.00191648 -0.00332928 -0.00166464 0 0 0 0 0 0 1.04167e+10 1.04167e+10 1.04167e+10 
-0.00332928 -0.00395656 -0.00103736 -0.00435165 -0.00103736 -0.00191648 0 0 0 0 0 0 1.04167e+10 1.04167e+10 1.04167e+10 
-0.00332928 -0.00395656 -0.00548639 -0.00588521 -0.00332928 -0.00624848 0 0 0 0 0 0 1.04167e+10 1.04167e+10 1.04167e+10 
-0.0145114 -0.0104418 -0.0145114 -0.00884874 -0.0160107 -0.00998657 0 0 0 0 0 0 1.04167e+10 1.04167e+10 1.04167e+10 
-0.0145114 -0.0152209 -0.0129184 -0.013852 -0.0145114 -0.0136279 0 0 0 0 0 0 1.04167e+10 1.04167e+10 1.04167e+10 
-0.0145114 -0.0152209 -0.0129184 -0.0155446 -0.0129184 -0.013852 0 0 0 0 0 0 1.04167e+10 1.04167e+10 1.04167e+10 
-0.0145114 -0.0152209 -0.0145114 -0.0168139 -0.0129184 -0.0155446 0 0 0 0 0 0 1.04167e+10 1.04167e+10 1.04167e+10 
-0.0145114 -0.0152209 -0.0145114 -0.0136279 -0.0160107 -0.0144846 0 0 0 0 0 0 1.04167e+10 1.04167e+10 1.04167e+10 
-0.0145114 -0.0152209 -0.0160107 -0.0144846 -0.0160107 -0.0159839 0 0 0 0 0 0 1.04167e+10 1.04167e+10 1.04167e+10 
-0.0145114 -0.0152209 -0.0160107 -0.0159839 -0.0145114 -0.0168139 0 0 0 0 0 0 1.04167e+10 1.04167e+10 1.04167e+10 
-0.0075166 -0.0037583 -0.0075166 -0.00172809 -0.00942739 -0.00292946 0 0 0 0 0 0 1.04167e+10 1.04167e+10 1.04167e+10 
-0.0174219 0.00681152 -0.0160107 0.00800537 -0.0174219 0.00822266 0 0 0 0 0 0 1.04167e+10 1.04167e+10 1.04167e+10 
-0.0174219 0.00681152 -0.01875 0.00804688 -0.01875 0.00671875 0 0 0 0 0 0 1.04167e+10 1.04167e+10 1.04167e+10 
-0.0174219 0.00681152 -0.0174219 0.00822266 -0.01875 0.00804688 0 0 0 0 0 0 1.04167e+10 1.04167e+10 1.04167e+10 
-0.01875 -0.0065625 -0.01875 -0.00789062 -0.0174219 -0.0072998 0 0 0 0 0 0 1.04167e+10 1.04167e+10 1.04167e+10 
-0.0160107 0.00500671 -0.0145114 0.00389555 -0.0145114 0.00548859 0 0 0 0 0 0 1.04167e+10 1.04167e+10 1.04167e+10 
-0.0160107 0.00500671 -0.0160107 0.00350739 -0.0145114 0.00389555 0 0 0 0 0 0 1.04167e+10 1.04167e+10 1.04167e+10 
-0.0189583 -0.02 -0.02 -0.0185417 -0.02 -0.02 0 0 0 0 0 0 1.04167e+10 1.04167e+10 1.04167e+10 
-0.0189583 -0.02 -0.01875 -0.0185156 -0.02 -0.0185417 0 0 0 0 0 0 1.04167e+10 1.04167e+10 1.04167e+10 
-0.0189583 -0.02 -0.0178624 -0.02 -0.01875 -0.0185156 0 0 0 0 0 0 1.04167e+10 1.04167e+10 1.04167e+10 
0.0013978 0.0162231 0.00398516 0.0172509 0.00126125 0.02 0 0 0 0 0 0 1.04167e+10 1.04167e+10 1.04167e+10 
0.0013978 0.0162231 -0.00103736 0.0151297 0.0013978 0.0136357 0 0 0 0 0 0 1.04167e+10 1.04167e+10 1.04167e+10 
0.0013978 0.0162231 0.00398516 0.0145019 0.00398516 0.0172509 0 0 0 0 0 0 1.04167e+10 1.04167e+10 1.04167e+10 
0.0013978 0.0162231 0.0013978 0.0136357 0.00398516 0.0145019 0 0 0 0 0 0 1.04167e+10 1.04167e+10 1.04167e+10 
-0.0112258 0.0105726 -0.0112258 0.012371 -0.0129184 0.011537 0 0 0 0 0 0 1.04167e+10 1.04167e+10 1.04167e+10 
-0.0112258 0.0105726 -0.0129184 0.011537 -0.0129184 0.00984439 0 0 0 0 0 0 1.04167e+10 1.04167e+10 1.04167e+10 
-0.0112258 0.0105726 -0.00942739 0.0123568 -0.0112258 0.012371 0 0 0 0 0 0 1.04167e+10 1.04167e+10 1.04167e+10 
-0.0112258 0.0105726 -0.00942739 0.0104461 -0.00942739 0.0123568 0 0 0 0 0 0 1.04167e+10 1.04167e+10 1.04167e+10 
-0.0112258 0.00877422 -0.0129184 0.00984439 -0.0129184 0.00815179 0 0 0 0 0 0 1.04167e+10 1.04167e+10 1.04167e+10 
-0.0112258 0.00877422 -0.0112258 0.0105726 -0.0129184 0.00984439 0 0 0 0 0 0 1.04167e+10 1.04167e+10 1.04167e+10 
-0.0112258 0.00877422 -0.0112258 0.00697584 -0.00942739 0.00853527 0 0 0 0 0 0 1.04167e+10 1.04167e+10 1.04167e+10 
-0.0112258 0.00877422 -0.0129184 0.00815179 -0.0112258 0.00697584 0 0 0 0 0 0 1.04167e+10 1.04167e+10 1.04167e+10 
-0.0112258 0.00877422 -0.00942739 0.00853527 -0.00942739 0.0104461 0 0 0 0 0 0 1.04167e+10 1.04167e+10 1.04167e+10 
-0.0112258 0.00877422 -0.00942739 0.0104461 -0.0112258 0.0105726 0 0 0 0 0 0 1.04167e+10 1.04167e+10 1.04167e+10 
-0.0174219 -0.00871094 -0.0160107 -0.00998657 -0.0160107 -0.00848724 0 0 0 0 0 0 1.04167e+10 1.04167e+10 1.04167e+10 
-0.0174219 -0.00871094 -0.0174219 -0.0101221 -0.0160107 -0.00998657 0 0 0 0 0 0 1.04167e+10 1.04167e+10 1.04167e+10 
-0.0174219 -0.00871094 -0.01875 -0.00789062 -0.01875 -0.00921875 0 0 0 0 0 0 1.04167e+10 1.04167e+10 1.04167e+10 
-0.0174219 -0.00871094 -0.0174219 -0.0072998 -0.01875 -0.00789062 0 0 0 0 0 0 1.04167e+10 1.04167e+10 1.04167e+10 
-0.0174219 -0.00871094 -0.01875 -0.00921875 -0.0174219 -0.0101221 0 0 0 0 0 0 1.04167e+10 1.04167e+10 1.04167e+10 
-0.0174219 -0.00871094 -0.0160107 -0.00848724 -0.0174219 -0.0072998 0 0 0 0 0 0 1.04167e+10 1.04167e+10 1.04167e+10 
-0.0174219 0.00398926 -0.0160107 0.00350739 -0.0160107 0.00500671 0 0 0 0 0 0 1.04167e+10 1.04167e+10 1.04167e+10 
0.02 0.0175 0.02 0.02 0.016875 0.02 0 0 0 0 0 0 1.04167e+10 1.04167e+10 1.04167e+10 
0.02 0.0175 0.016875 0.02 0.016056 0.0164965 0 0 0 0 0 0 1.04167e+10 1.04167e+10 1.04167e+10 
0.0098807 -0.02 0.0124787 -0.02 0.00965512 -0.0172413 0 0 0 0 0 0 1.04167e+10 1.04167e+10 1.04167e+10 
0.0098807 -0.02 0.00965512 -0.0172413 0.00741136 -0.02 0 0 0 0 0 0 1.04167e+10 1.04167e+10 1.04167e+10 
-0.0174219 -0.000244141 -0.0174219 -0.00165527 -0.0160107 -0.000990601 0 0 0 0 0 0 1.04167e+10 1.04167e+10 1.04167e+10 
-0.0174219 -0.000244141 -0.01875 -0.00125 -0.0174219 -0.00165527 0 0 0 0 0 0 1.04167e+10 1.04167e+10 1.04167e+10 
-0.0174219 -0.000244141 -0.01875 7.8125e-05 -0.01875 -0.00125 0 0 0 0 0 0 1.04167e+10 1.04167e+10 1.04167e+10 
-0.0174219 -0.000244141 -0.0174219 0.00116699 -0.01875 7.8125e-05 0 0 0 0 0 0 1.04167e+10 1.04167e+10 1.04167e+10 
-0.0174219 -0.000244141 -0.0160107 -0.000990601 -0.0160107 0.000508728 0 0 0 0 0 0 1.04167e+10 1.04167e+10 1.04167e+10 
-0.0174219 -0.000244141 -0.0160107 0.000508728 -0.0174219 0.00116699 0 0 0 0 0 0 1.04167e+10 1.04167e+10 1.04167e+10 
-0.0128774 -0.02 -0.0114648 -0.02 -0.0129184 -0.0189298 0 0 0 0 0 0 1.04167e+10 1.04167e+10 1.04167e+10 
-0.00332928 -0.0108323 -0.00548639 -0.0101994 -0.00548639 -0.0123565 0 0 0 0 0 0 1.04167e+10 1.04167e+10 1.04167e+10 
-0.0160107 -0.0189825 -0.0167094 -0.02 -0.0154964 -0.02 0 0 0 0 0 0 1.04167e+10 1.04167e+10 1.04167e+10 
-0.0160107 -0.0189825 -0.0154964 -0.02 -0.0145114 -0.018407 0 0 0 0 0 0 1.04167e+10 1.04167e+10 1.04167e+10 
-0.00103736 0.00295385 -0.00332928 0.000627277 -0.00103736 0.000518682 0 0 0 0 0 0 1.04167e+10 1.04167e+10 1.04167e+10 
-0.00103736 0.00295385 -0.00332928 0.0029192 -0.00332928 0.000627277 0 0 0 0 0 0 1.04167e+10 1.04167e+10 1.04167e+10 
-0.00103736 0.00295385 -0.00103736 0.00538901 -0.00332928 0.00521112 0 0 0 0 0 0 1.04167e+10 1.04167e+10 1.04167e+10 
-0.00103736 0.00295385 -0.00332928 0.00521112 -0.00332928 0.0029192 0 0 0 0 0 0 1.04167e+10 1.04167e+10 1.04167e+10 
-0.00103736 0.00295385 0.0013978 0.00328626 -0.00103736 0.00538901 0 0 0 0 0 0 1.04167e+10 1.04167e+10 1.04167e+10 
0.00398516 -0.018487 0.00398516 -0.0157379 0.0013978 -0.0174126 0 0 0 0 0 0 1.04167e+10 1.04167e+10 1.04167e+10 
0.00398516 -0.018487 0.0013978 -0.0174126 0.00283336 -0.02 0 0 0 0 0 0 1.04167e+10 1.04167e+10 1.04167e+10 
0.00398516 -0.00199258 0.00673423 -0.00247466 0.00673423 0.000446228 0 0 0 0 0 0 1.04167e+10 1.04167e+10 1.04167e+10 
0.00398516 -0.00199258 0.00673423 0.000446228 0.00398516 0.000756491 0 0 0 0 0 0 1.04167e+10 1.04167e+10 1.04167e+10 
0.00398516 -0.00199258 0.00398516 0.000756491 0.0013978 -0.00188846 0 0 0 0 0 0 1.04167e+10 1.04167e+10 1.04167e+10 
0.00398516 -0.00199258 0.00398516 -0.00474165 0.00673423 -0.00247466 0 0 0 0 0 0 1.04167e+10 1.04167e+10 1.04167e+10 
-0.00103736 0.0102593 -0.00332928 0.00979496 -0.00103736 0.00782418 0 0 0 0 0 0 1.04167e+10 1.04167e+10 1.04167e+10 
-0.00103736 0.0102593 -0.00332928 0.0120869 -0.00332928 0.00979496 0 0 0 0 0 0 1.04167e+10 1.04167e+10 1.04167e+10 
-0.00103736 0.0102593 0.0013978 0.00846099 0.0013978 0.0110483 0 0 0 0 0 0 1.04167e+10 1.04167e+10 1.04167e+10 
-0.00103736 0.0102593 -0.00103736 0.00782418 0.0013978 0.00846099 0 0 0 0 0 0 1.04167e+10 1.04167e+10 1.04167e+10 
-0.01875 0.0040625 -0.01875 0.00539063 -0.02 0.004375 0 0 0 0 0 0 1.04167e+10 1.04167e+10 1.04167e+10 
-0.01875 0.0040625 -0.02 0.004375 -0.02 0.00333333 0 0 0 0 0 0 1.04167e+10 1.04167e+10 1.04167e+10 
-0.0160107 -0.0174832 -0.0145114 -0.018407 -0.0145114 -0.0168139 0 0 0 0 0 0 1.04167e+10 1.04167e+10 1.04167e+10 
-0.0160107 -0.0174832 -0.0160107 -0.0189825 -0.0145114 -0.018407 0 0 0 0 0 0 1.04167e+10 1.04167e+10 1.04167e+10 
-0.0160107 -0.0174832 -0.0145114 -0.0168139 -0.0160107 -0.0159839 0 0 0 0 0 0 1.04167e+10 1.04167e+10 1.04167e+10 
-0.0075166 0.00639276 -0.00942739 0.00662448 -0.00942739 0.00471369 0 0 0 0 0 0 1.04167e+10 1.04167e+10 1.04167e+10 
-0.0075166 0.00639276 -0.00942739 0.00471369 -0.0075166 0.00436255 0 0 0 0 0 0 1.04167e+10 1.04167e+10 1.04167e+10 
-0.0075166 0.00639276 -0.0075166 0.00842298 -0.00942739 0.00662448 0 0 0 0 0 0 1.04167e+10 1.04167e+10 1.04167e+10 
-0.0075166 0.00639276 -0.00548639 0.00705739 -0.0075166 0.00842298 0 0 0 0 0 0 1.04167e+10 1.04167e+10 1.04167e+10 
-0.0160107 0.011004 -0.0160107 0.0125034 -0.0174219 0.0124561 0 0 0 0 0 0 1.04167e+10 1.04167e+10 1.04167e+10 
-0.0160107 0.011004 -0.0174219 0.0124561 -0.0174219 0.0110449 0 0 0 0 0 0 1.04167e+10 1.04167e+10 1.04167e+10 
-0.0160107 0.011004 -0.0174219 0.0110449 -0.0174219 0.00963379 0 0 0 0 0 0 1.04167e+10 1.04167e+10 1.04167e+10 
-0.0160107 0.011004 -0.0145114 0.0118607 -0.0160107 0.0125034 0 0 0 0 0 0 1.04167e+10 1.04167e+10 1.04167e+10 
-0.0160107 0.011004 -0.0145114 0.0102677 -0.0145114 0.0118607 0 0 0 0 0 0 1.04167e+10 1.04167e+10 1.04167e+10 
0.000712893 -0.02 0.0013978 -0.0174126 -0.0013026 -0.02 0 0 0 0 0 0 1.04167e+10 1.04167e+10 1.04167e+10 
0.000712893 -0.02 0.00283336 -0.02 0.0013978 -0.0174126 0 0 0 0 0 0 1.04167e+10 1.04167e+10 1.04167e+10 
-0.00332928 -0.0177081 -0.00548639 -0.0166707 -0.00548639 -0.0188278 0 0 0 0 0 0 1.04167e+10 1.04167e+10 1.04167e+10 
-0.00332928 -0.0177081 -0.00548639 -0.0188278 -0.00321831 -0.02 0 0 0 0 0 0 1.04167e+10 1.04167e+10 1.04167e+10 
-0.00332928 -0.0177081 -0.0013026 -0.02 -0.00103736 -0.0165275 0 0 0 0 0 0 1.04167e+10 1.04167e+10 1.04167e+10 
-0.00332928 -0.0177081 -0.00321831 -0.02 -0.0013026 -0.02 0 0 0 0 0 0 1.04167e+10 1.04167e+10 1.04167e+10 
-0.0129184 0.00138138 -0.0145114 0.00230251 -0.0145114 0.000709476 0 0 0 0 0 0 1.04167e+10 1.04167e+10 1.04167e+10 
-0.0129184 0.00138138 -0.0112258 -0.000217721 -0.0112258 0.00158067 0 0 0 0 0 0 1.04167e+10 1.04167e+10 1.04167e+10 
-0.0160107 0.0095047 -0.0174219 0.00963379 -0.0174219 0.00822266 0 0 0 0 0 0 1.04167e+10 1.04167e+10 1.04167e+10 
-0.0160107 0.0095047 -0.0174219 0.00822266 -0.0160107 0.00800537 0 0 0 0 0 0 1.04167e+10 1.04167e+10 1.04167e+10 
-0.0160107 0.0095047 -0.0160107 0.00800537 -0.0145114 0.00867466 0 0 0 0 0 0 1.04167e+10 1.04167e+10 1.04167e+10 
-0.0160107 0.0095047 -0.0145114 0.00867466 -0.0145114 0.0102677 0 0 0 0 0 0 1.04167e+10 1.04167e+10 1.04167e+10 
-0.0160107 0.0095047 -0.0160107 0.011004 -0.0174219 0.00963379 0 0 0 0 0 0 1.04167e+10 1.04167e+10 1.04167e+10 
-0.0160107 0.0095047 -0.0145114 0.0102677 -0.0160107 0.011004 0 0 0 0 0 0 1.04167e+10 1.04167e+10 1.04167e+10 
0.00673423 -0.0112373 0.00673423 -0.00831644 0.00398516 -0.0102398 0 0 0 0 0 0 1.04167e+10 1.04167e+10 1.04167e+10 
0.00673423 -0.0112373 0.00673423 -0.0141582 0.00965512 -0.0141379 0 0 0 0 0 0 1.04167e+10 1.04167e+10 1.04167e+10 
0.00673423 -0.0112373 0.00965512 -0.0141379 0.00965512 -0.0110345 0 0 0 0 0 0 1.04167e+10 1.04167e+10 1.04167e+10 
0.00673423 -0.0112373 0.00965512 -0.0110345 0.00673423 -0.00831644 0 0 0 0 0 0 1.04167e+10 1.04167e+10 1.04167e+10 
0.00673423 -0.0112373 0.00398516 -0.0129889 0.00673423 -0.0141582 0 0 0 0 0 0 1.04167e+10 1.04167e+10 1.04167e+10 
0.00673423 -0.0112373 0.00398516 -0.0102398 0.00398516 -0.0129889 0 0 0 0 0 0 1.04167e+10 1.04167e+10 1.04167e+10 
-0.00103736 -0.00922198 0.0013978 -0.00706319 -0.00103736 -0.00678681 0 0 0 0 0 0 1.04167e+10 1.04167e+10 1.04167e+10 
-0.00103736 -0.00922198 0.0013978 -0.00965055 0.0013978 -0.00706319 0 0 0 0 0 0 1.04167e+10 1.04167e+10 1.04167e+10 
-0.00103736 -0.00922198 -0.00103736 -0.0116571 0.0013978 -0.00965055 0 0 0 0 0 0 1.04167e+10 1.04167e+10 1.04167e+10 
-0.00103736 -0.00922198 -0.00332928 -0.0108323 -0.00103736 -0.0116571 0 0 0 0 0 0 1.04167e+10 1.04167e+10 1.04167e+10 
-0.0174219 -0.0171777 -0.0174219 -0.0157666 -0.01875 -0.0158594 0 0 0 0 0 0 1.04167e+10 1.04167e+10 1.04167e+10 
-0.0174219 -0.0171777 -0.01875 -0.0158594 -0.01875 -0.0171875 0 0 0 0 0 0 1.04167e+10 1.04167e+10 1.04167e+10 
-0.0174219 -0.0171777 -0.01875 -0.0171875 -0.01875 -0.0185156 0 0 0 0 0 0 1.04167e+10 1.04167e+10 1.04167e+10 
-0.0174219 -0.0171777 -0.0160107 -0.0159839 -0.0174219 -0.0157666 0 0 0 0 0 0 1.04167e+10 1.04167e+10 1.04167e+10 
-0.0174219 -0.0171777 -0.0160107 -0.0174832 -0.0160107 -0.0159839 0 0 0 0 0 0 1.04167e+10 1.04167e+10 1.04167e+10 
-0.0112258 -0.0038145 -0.00942739 -0.00292946 -0.0112258 -0.00201611 0 0 0 0 0 0 1.04167e+10 1.04167e+10 1.04167e+10 
-0.00332928 -0.0131242 -0.00548639 -0.0123565 -0.00548639 -0.0145136 0 0 0 0 0 0 1.04167e+10 1.04167e+10 1.04167e+10 
-0.00332928 -0.0131242 -0.00332928 -0.0108323 -0.00548639 -0.0123565 0 0 0 0 0 0 1.04167e+10 1.04167e+10 1.04167e+10 
-0.00332928 -0.0131242 -0.00103736 -0.0140923 -0.00103736 -0.0116571 0 0 0 0 0 0 1.04167e+10 1.04167e+10 1.04167e+10 
-0.00332928 -0.0131242 -0.00103736 -0.0116571 -0.00332928 -0.0108323 0 0 0 0 0 0 1.04167e+10 1.04167e+10 1.04167e+10 
0.016056 0.012993 0.0127586 0.0162715 0.0127586 0.0129741 0 0 0 0 0 0 1.04167e+10 1.04167e+10 1.04167e+10 
0.016056 0.012993 0.016056 0.0164965 0.0127586 0.0162715 0 0 0 0 0 0 1.04167e+10 1.04167e+10 1.04167e+10 
0.016056 0.012993 0.016056 0.0094895 0.02 0.01125 0 0 0 0 0 0 1.04167e+10 1.04167e+10 1.04167e+10 
0.016056 0.012993 0.0127586 0.0129741 0.0127586 0.0096767 0 0 0 0 0 0 1.04167e+10 1.04167e+10 1.04167e+10 
0.016056 0.012993 0.0127586 0.0096767 0.016056 0.0094895 0 0 0 0 0 0 1.04167e+10 1.04167e+10 1.04167e+10 
-0.0174219 0.00540039 -0.01875 0.00671875 -0.01875 0.00539063 0 0 0 0 0 0 1.04167e+10 1.04167e+10 1.04167e+10 
-0.0174219 0.00540039 -0.0174219 0.00681152 -0.01875 0.00671875 0 0 0 0 0 0 1.04167e+10 1.04167e+10 1.04167e+10 
-0.0174219 0.00540039 -0.0174219 0.00398926 -0.0160107 0.00500671 0 0 0 0 0 0 1.04167e+10 1.04167e+10 1.04167e+10 
-0.0174219 0.00540039 -0.01875 0.0040625 -0.0174219 0.00398926 0 0 0 0 0 0 1.04167e+10 1.04167e+10 1.04167e+10 
-0.0174219 0.00540039 -0.01875 0.00539063 -0.01875 0.0040625 0 0 0 0 0 0 1.04167e+10 1.04167e+10 1.04167e+10 
-0.02 -0.005 -0.01875 -0.00390625 -0.02 -0.00395833 0 0 0 0 0 0 1.04167e+10 1.04167e+10 1.04167e+10 
-0.02 -0.005 -0.01875 -0.00523437 -0.01875 -0.00390625 0 0 0 0 0 0 1.04167e+10 1.04167e+10 1.04167e+10 
0.016056 0.005986 0.0127586 0.00308187 0.016056 0.00248251 0 0 0 0 0 0 1.04167e+10 1.04167e+10 1.04167e+10 
0.016056 0.005986 0.0127586 0.00637928 0.0127586 0.00308187 0 0 0 0 0 0 1.04167e+10 1.04167e+10 1.04167e+10 
0.016056 0.005986 0.016056 0.0094895 0.0127586 0.00637928 0 0 0 0 0 0 1.04167e+10 1.04167e+10 1.04167e+10 
0.016056 0.005986 0.02 0.008125 0.016056 0.0094895 0 0 0 0 0 0 1.04167e+10 1.04167e+10 1.04167e+10 
0.0013978 -0.0122379 0.00398516 -0.0102398 0.0013978 -0.00965055 0 0 0 0 0 0 1.04167e+10 1.04167e+10 1.04167e+10 
0.0013978 -0.0122379 0.00398516 -0.0129889 0.00398516 -0.0102398 0 0 0 0 0 0 1.04167e+10 1.04167e+10 1.04167e+10 
0.0013978 -0.0122379 0.0013978 -0.0148253 0.00398516 -0.0129889 0 0 0 0 0 0 1.04167e+10 1.04167e+10 1.04167e+10 
0.0013978 -0.0122379 -0.00103736 -0.0140923 0.0013978 -0.0148253 0 0 0 0 0 0 1.04167e+10 1.04167e+10 1.04167e+10 
0.0013978 -0.0122379 -0.00103736 -0.0116571 -0.00103736 -0.0140923 0 0 0 0 0 0 1.04167e+10 1.04167e+10 1.04167e+10 
0.0013978 -0.0122379 0.0013978 -0.00965055 -0.00103736 -0.0116571 0 0 0 0 0 0 1.04167e+10 1.04167e+10 1.04167e+10 
-0.00997859 -0.02 -0.00841497 -0.02 -0.00942739 -0.0182158 0 0 0 0 0 0 1.04167e+10 1.04167e+10 1.04167e+10 
-0.00997859 -0.02 -0.0112258 -0.0182016 -0.0114648 -0.02 0 0 0 0 0 0 1.04167e+10 1.04167e+10 1.04167e+10 
-0.00997859 -0.02 -0.00942739 -0.0182158 -0.0112258 -0.0182016 0 0 0 0 0 0 1.04167e+10 1.04167e+10 1.04167e+10 
-0.02 -0.00916667 -0.02 -0.0102083 -0.01875 -0.00921875 0 0 0 0 0 0 1.04167e+10 1.04167e+10 1.04167e+10 
-0.02 -0.00916667 -0.01875 -0.00921875 -0.02 -0.008125 0 0 0 0 0 0 1.04167e+10 1.04167e+10 1.04167e+10 
-0.0129184 -0.0104668 -0.0112258 -0.0110081 -0.0112258 -0.00920967 0 0 0 0 0 0 1.04167e+10 1.04167e+10 1.04167e+10 
-0.0129184 -0.0104668 -0.0112258 -0.00920967 -0.0129184 -0.00877422 0 0 0 0 0 0 1.04167e+10 1.04167e+10 1.04167e+10 
-0.0129184 -0.0104668 -0.0129184 -0.0121594 -0.0112258 -0.0110081 0 0 0 0 0 0 1.04167e+10 1.04167e+10 1.04167e+10 
-0.0129184 -0.0104668 -0.0129184 -0.00877422 -0.0145114 -0.00884874 0 0 0 0 0 0 1.04167e+10 1.04167e+10 1.04167e+10 
-0.0129184 -0.0104668 -0.0145114 -0.00884874 -0.0145114 -0.0104418 0 0 0 0 0 0 1.04167e+10 1.04167e+10 1.04167e+10 
-0.00942739 -0.00484025 -0.00942739 -0.00675104 -0.0075166 -0.00578851 0 0 0 0 0 0 1.04167e+10 1.04167e+10 1.04167e+10 
-0.00942739 -0.00484025 -0.00942739 -0.00292946 -0.0112258 -0.0038145 0 0 0 0 0 0 1.04167e+10 1.04167e+10 1.04167e+10 
-0.00942739 -0.00484025 -0.0075166 -0.0037583 -0.00942739 -0.00292946 0 0 0 0 0 0 1.04167e+10 1.04167e+10 1.04167e+10 
-0.00942739 -0.00484025 -0.0075166 -0.00578851 -0.0075166 -0.0037583 0 0 0 0 0 0 1.04167e+10 1.04167e+10 1.04167e+10 
0.00965512 -0.00172412 0.0127586 -0.000215536 0.00965512 0.00137933 0 0 0 0 0 0 1.04167e+10 1.04167e+10 1.04167e+10 
0.00965512 -0.00172412 0.0127586 -0.00351295 0.0127586 -0.000215536 0 0 0 0 0 0 1.04167e+10 1.04167e+10 1.04167e+10 
0.00965512 -0.00172412 0.00965512 -0.00482756 0.0127586 -0.00351295 0 0 0 0 0 0 1.04167e+10 1.04167e+10 1.04167e+10 
0.00965512 -0.00172412 0.00965512 0.00137933 0.00673423 0.000446228 0 0 0 0 0 0 1.04167e+10 1.04167e+10 1.04167e+10 
0.00965512 -0.00172412 0.00673423 0.000446228 0.00673423 -0.00247466 0 0 0 0 0 0 1.04167e+10 1.04167e+10 1.04167e+10 
0.00965512 -0.00172412 0.00673423 -0.00247466 0.00965512 -0.00482756 0 0 0 0 0 0 1.04167e+10 1.04167e+10 1.04167e+10 
0.00673423 0.0150507 0.00965512 0.0168966 0.00673423 0.0179716 0 0 0 0 0 0 1.04167e+10 1.04167e+10 1.04167e+10 
0.00673423 0.0150507 0.00398516 0.0145019 0.00673423 0.0121298 0 0 0 0 0 0 1.04167e+10 1.04167e+10 1.04167e+10 
0.00673423 0.0150507 0.00673423 0.0179716 0.00398516 0.0172509 0 0 0 0 0 0 1.04167e+10 1.04167e+10 1.04167e+10 
0.00673423 0.0150507 0.00398516 0.0172509 0.00398516 0.0145019 0 0 0 0 0 0 1.04167e+10 1.04167e+10 1.04167e+10 
0.02 0.005 0.016056 0.00248251 0.02 0.001875 0 0 0 0 0 0 1.04167e+10 1.04167e+10 1.04167e+10 
0.02 0.005 0.016056 0.005986 0.016056 0.00248251 0 0 0 0 0 0 1.04167e+10 1.04167e+10 1.04167e+10 
0.02 0.005 0.02 0.008125 0.016056 0.005986 0 0 0 0 0 0 1.04167e+10 1.04167e+10 1.04167e+10 
-0.0174219 -0.0185889 -0.0178624 -0.02 -0.0167094 -0.02 0 0 0 0 0 0 1.04167e+10 1.04167e+10 1.04167e+10 
-0.0174219 -0.0185889 -0.0167094 -0.02 -0.0160107 -0.0189825 0 0 0 0 0 0 1.04167e+10 1.04167e+10 1.04167e+10 
-0.0174219 -0.0185889 -0.01875 -0.0185156 -0.0178624 -0.02 0 0 0 0 0 0 1.04167e+10 1.04167e+10 1.04167e+10 
-0.0174219 -0.0185889 -0.0174219 -0.0171777 -0.01875 -0.0185156 0 0 0 0 0 0 1.04167e+10 1.04167e+10 1.04167e+10 
-0.0174219 -0.0185889 -0.0160107 -0.0189825 -0.0160107 -0.0174832 0 0 0 0 0 0 1.04167e+10 1.04167e+10 1.04167e+10 
-0.0174219 -0.0185889 -0.0160107 -0.0174832 -0.0174219 -0.0171777 0 0 0 0 0 0 1.04167e+10 1.04167e+10 1.04167e+10 
-0.02 0.00125 -0.02 0.000208333 -0.01875 7.8125e-05 0 0 0 0 0 0 1.04167e+10 1.04167e+10 1.04167e+10 
-0.02 0.00125 -0.01875 7.8125e-05 -0.01875 0.00140625 0 0 0 0 0 0 1.04167e+10 1.04167e+10 1.04167e+10 
-0.02 0.00125 -0.01875 0.00140625 -0.02 0.00229167 0 0 0 0 0 0 1.04167e+10 1.04167e+10 1.04167e+10 
-0.00548639 -0.00372811 -0.00332928 -0.00166464 -0.00548639 -0.00157101 0 0 0 0 0 0 1.04167e+10 1.04167e+10 1.04167e+10 
-0.00548639 -0.00372811 -0.00332928 -0.00395656 -0.00332928 -0.00166464 0 0 0 0 0 0 1.04167e+10 1.04167e+10 1.04167e+10 
-0.00548639 -0.00372811 -0.0075166 -0.00578851 -0.00548639 -0.00588521 0 0 0 0 0 0 1.04167e+10 1.04167e+10 1.04167e+10 
-0.00548639 -0.00372811 -0.0075166 -0.0037583 -0.0075166 -0.00578851 0 0 0 0 0 0 1.04167e+10 1.04167e+10 1.04167e+10 
-0.00548639 -0.00372811 -0.00548639 -0.00157101 -0.0075166 -0.00172809 0 0 0 0 0 0 1.04167e+10 1.04167e+10 1.04167e+10 
-0.00548639 -0.00372811 -0.0075166 -0.00172809 -0.0075166 -0.0037583 0 0 0 0 0 0 1.04167e+10 1.04167e+10 1.04167e+10 
-0.00548639 -0.00372811 -0.00548639 -0.00588521 -0.00332928 -0.00395656 0 0 0 0 0 0 1.04167e+10 1.04167e+10 1.04167e+10 
0.02 -0.01375 0.02 -0.010625 0.016056 -0.0115315 0 0 0 0 0 0 1.04167e+10 1.04167e+10 1.04167e+10 
0.02 -0.01375 0.016056 -0.0115315 0.016056 -0.015035 0 0 0 0 0 0 1.04167e+10 1.04167e+10 1.04167e+10 
0.02 -0.01375 0.016056 -0.015035 0.02 -0.016875 0 0 0 0 0 0 1.04167e+10 1.04167e+10 1.04167e+10 
-0.0160107 -0.0114859 -0.0174219 -0.0115332 -0.0160107 -0.0129852 0 0 0 0 0 0 1.04167e+10 1.04167e+10 1.04167e+10 
-0.0160107 -0.0114859 -0.0174219 -0.0101221 -0.0174219 -0.0115332 0 0 0 0 0 0 1.04167e+10 1.04167e+10 1.04167e+10 
-0.0160107 -0.0114859 -0.0160107 -0.00998657 -0.0174219 -0.0101221 0 0 0 0 0 0 1.04167e+10 1.04167e+10 1.04167e+10 
-0.0160107 -0.0114859 -0.0145114 -0.0104418 -0.0160107 -0.00998657 0 0 0 0 0 0 1.04167e+10 1.04167e+10 1.04167e+10 
-0.00103736 0.0175648 -0.000887775 0.02 -0.00292487 0.02 0 0 0 0 0 0 1.04167e+10 1.04167e+10 1.04167e+10 
-0.00103736 0.0175648 -0.00292487 0.02 -0.00332928 0.0166707 0 0 0 0 0 0 1.04167e+10 1.04167e+10 1.04167e+10 
-0.00103736 0.0175648 -0.00332928 0.0166707 -0.00103736 0.0151297 0 0 0 0 0 0 1.04167e+10 1.04167e+10 1.04167e+10 
-0.00103736 0.0175648 -0.00103736 0.0151297 0.0013978 0.0162231 0 0 0 0 0 0 1.04167e+10 1.04167e+10 1.04167e+10 
-0.00103736 0.0175648 0.00126125 0.02 -0.000887775 0.02 0 0 0 0 0 0 1.04167e+10 1.04167e+10 1.04167e+10 
-0.00103736 0.0175648 0.0013978 0.0162231 0.00126125 0.02 0 0 0 0 0 0 1.04167e+10 1.04167e+10 1.04167e+10 
-0.0129184 -0.00708162 -0.0145114 -0.00566267 -0.0145114 -0.00725571 0 0 0 0 0 0 1.04167e+10 1.04167e+10 1.04167e+10 
-0.0129184 -0.00708162 -0.0129184 -0.00538902 -0.0145114 -0.00566267 0 0 0 0 0 0 1.04167e+10 1.04167e+10 1.04167e+10 
-0.0129184 -0.00708162 -0.0145114 -0.00725571 -0.0129184 -0.00877422 0 0 0 0 0 0 1.04167e+10 1.04167e+10 1.04167e+10 
-0.0129184 -0.00708162 -0.0129184 -0.00877422 -0.0112258 -0.00741128 0 0 0 0 0 0 1.04167e+10 1.04167e+10 1.04167e+10 
-0.0112258 0.00337906 -0.0112258 0.00158067 -0.00942739 0.0028029 0 0 0 0 0 0 1.04167e+10 1.04167e+10 1.04167e+10 
-0.0112258 0.00337906 -0.0112258 0.00517745 -0.0129184 0.00476659 0 0 0 0 0 0 1.04167e+10 1.04167e+10 1.04167e+10 
-0.0112258 0.00337906 -0.00942739 0.00471369 -0.0112258 0.00517745 0 0 0 0 0 0 1.04167e+10 1.04167e+10 1.04167e+10 
-0.0112258 0.00337906 -0.00942739 0.0028029 -0.00942739 0.00471369 0 0 0 0 0 0 1.04167e+10 1.04167e+10 1.04167e+10 
-0.00548639 0.00490029 -0.0075166 0.00436255 -0.00548639 0.00274319 0 0 0 0 0 0 1.04167e+10 1.04167e+10 1.04167e+10 
-0.00548639 0.00490029 -0.00548639 0.00274319 -0.00332928 0.0029192 0 0 0 0 0 0 1.04167e+10 1.04167e+10 1.04167e+10 
-0.00548639 0.00490029 -0.00332928 0.0029192 -0.00332928 0.00521112 0 0 0 0 0 0 1.04167e+10 1.04167e+10 1.04167e+10 
-0.00548639 0.00490029 -0.00332928 0.00521112 -0.00548639 0.00705739 0 0 0 0 0 0 1.04167e+10 1.04167e+10 1.04167e+10 
-0.00548639 0.00490029 -0.0075166 0.00639276 -0.0075166 0.00436255 0 0 0 0 0 0 1.04167e+10 1.04167e+10 1.04167e+10 
-0.00548639 0.00490029 -0.00548639 0.00705739 -0.0075166 0.00639276 0 0 0 0 0 0 1.04167e+10 1.04167e+10 1.04167e+10 
-0.00332928 -0.0154162 -0.00548639 -0.0145136 -0.00548639 -0.0166707 0 0 0 0 0 0 1.04167e+10 1.04167e+10 1.04167e+10 
-0.00332928 -0.0154162 -0.00548639 -0.0166707 -0.00332928 -0.0177081 0 0 0 0 0 0 1.04167e+10 1.04167e+10 1.04167e+10 
-0.00332928 -0.0154162 -0.00332928 -0.0131242 -0.00548639 -0.0145136 0 0 0 0 0 0 1.04167e+10 1.04167e+10 1.04167e+10 
-0.00332928 -0.0154162 -0.00103736 -0.0165275 -0.00103736 -0.0140923 0 0 0 0 0 0 1.04167e+10 1.04167e+10 1.04167e+10 
-0.00332928 -0.0154162 -0.00103736 -0.0140923 -0.00332928 -0.0131242 0 0 0 0 0 0 1.04167e+10 1.04167e+10 1.04167e+10 
-0.00332928 -0.0154162 -0.00332928 -0.0177081 -0.00103736 -0.0165275 0 0 0 0 0 0 1.04167e+10 1.04167e+10 1.04167e+10 
-0.0112258 -0.00561289 -0.0112258 -0.0038145 -0.0129184 -0.00538902 0 0 0 0 0 0 1.04167e+10 1.04167e+10 1.04167e+10 
-0.0112258 -0.00561289 -0.00942739 -0.00484025 -0.0112258 -0.0038145 0 0 0 0 0 0 1.04167e+10 1.04167e+10 1.04167e+10 
-0.0112258 -0.00561289 -0.0129184 -0.00538902 -0.0129184 -0.00708162 0 0 0 0 0 0 1.04167e+10 1.04167e+10 1.04167e+10 
-0.0112258 -0.00561289 -0.0129184 -0.00708162 -0.0112258 -0.00741128 0 0 0 0 0 0 1.04167e+10 1.04167e+10 1.04167e+10 
-0.0112258 -0.00561289 -0.0112258 -0.00741128 -0.00942739 -0.00675104 0 0 0 0 0 0 1.04167e+10 1.04167e+10 1.04167e+10 
-0.0112258 -0.00561289 -0.00942739 -0.00675104 -0.00942739 -0.00484025 0 0 0 0 0 0 1.04167e+10 1.04167e+10 1.04167e+10 
0.02 -0.00125 0.02 0.001875 0.016056 -0.00102099 0 0 0 0 0 0 1.04167e+10 1.04167e+10 1.04167e+10 
0.02 -0.00125 0.016056 -0.00102099 0.016056 -0.00452449 0 0 0 0 0 0 1.04167e+10 1.04167e+10 1.04167e+10 
0.00965512 0.0137931 0.00965512 0.0106897 0.0127586 0.0129741 0 0 0 0 0 0 1.04167e+10 1.04167e+10 1.04167e+10 
0.00965512 0.0137931 0.00673423 0.0121298 0.00965512 0.0106897 0 0 0 0 0 0 1.04167e+10 1.04167e+10 1.04167e+10 
0.00965512 0.0137931 0.00673423 0.0150507 0.00673423 0.0121298 0 0 0 0 0 0 1.04167e+10 1.04167e+10 1.04167e+10 
0.00965512 0.0137931 0.00965512 0.0168966 0.00673423 0.0150507 0 0 0 0 0 0 1.04167e+10 1.04167e+10 1.04167e+10 
0.00965512 0.0137931 0.0127586 0.0162715 0.00965512 0.0168966 0 0 0 0 0 0 1.04167e+10 1.04167e+10 1.04167e+10 
0.00965512 0.0137931 0.0127586 0.0129741 0.0127586 0.0162715 0 0 0 0 0 0 1.04167e+10 1.04167e+10 1.04167e+10 
0.02 -0.004375 0.016056 -0.00452449 0.02 -0.0075 0 0 0 0 0 0 1.04167e+10 1.04167e+10 1.04167e+10 
0.02 -0.004375 0.02 -0.00125 0.016056 -0.00452449 0 0 0 0 0 0 1.04167e+10 1.04167e+10 1.04167e+10 
-0.01875 0.009375 -0.01875 0.00804688 -0.0174219 0.00822266 0 0 0 0 0 0 1.04167e+10 1.04167e+10 1.04167e+10 
-0.01875 0.009375 -0.0174219 0.00822266 -0.0174219 0.00963379 0 0 0 0 0 0 1.04167e+10 1.04167e+10 1.04167e+10 
-0.01875 0.009375 -0.02 0.00854167 -0.01875 0.00804688 0 0 0 0 0 0 1.04167e+10 1.04167e+10 1.04167e+10 
-0.01875 0.009375 -0.02 0.00958333 -0.02 0.00854167 0 0 0 0 0 0 1.04167e+10 1.04167e+10 1.04167e+10 
-0.0129184 -0.00369642 -0.0112258 -0.00201611 -0.0129184 -0.00200382 0 0 0 0 0 0 1.04167e+10 1.04167e+10 1.04167e+10 
-0.0129184 -0.00369642 -0.0112258 -0.0038145 -0.0112258 -0.00201611 0 0 0 0 0 0 1.04167e+10 1.04167e+10 1.04167e+10 
-0.0129184 -0.00369642 -0.0129184 -0.00200382 -0.0145114 -0.0024766 0 0 0 0 0 0 1.04167e+10 1.04167e+10 1.04167e+10 
-0.0129184 -0.00369642 -0.0145114 -0.0024766 -0.0145114 -0.00406963 0 0 0 0 0 0 1.04167e+10 1.04167e+10 1.04167e+10 
-0.0129184 -0.00369642 -0.0145114 -0.00406963 -0.0129184 -0.00538902 0 0 0 0 0 0 1.04167e+10 1.04167e+10 1.04167e+10 
-0.0129184 -0.00369642 -0.0129184 -0.00538902 -0.0112258 -0.0038145 0 0 0 0 0 0 1.04167e+10 1.04167e+10 1.04167e+10 
-0.00942739 0.0142676 -0.0075166 0.0145136 -0.00942739 0.0161784 0 0 0 0 0 0 1.04167e+10 1.04167e+10 1.04167e+10 
-0.00942739 0.0142676 -0.0075166 0.0124834 -0.0075166 0.0145136 0 0 0 0 0 0 1.04167e+10 1.04167e+10 1.04167e+10 
-0.00942739 0.0142676 -0.00942739 0.0123568 -0.0075166 0.0124834 0 0 0 0 0 0 1.04167e+10 1.04167e+10 1.04167e+10 
-0.00942739 0.0142676 -0.0112258 0.0141694 -0.00942739 0.0123568 0 0 0 0 0 0 1.04167e+10 1.04167e+10 1.04167e+10 
-0.00942739 0.0142676 -0.0112258 0.0159678 -0.0112258 0.0141694 0 0 0 0 0 0 1.04167e+10 1.04167e+10 1.04167e+10 
-0.00942739 0.0142676 -0.00942739 0.0161784 -0.0112258 0.0159678 0 0 0 0 0 0 1.04167e+10 1.04167e+10 1.04167e+10 
0.02 0.014375 0.02 0.0175 0.016056 0.0164965 0 0 0 0 0 0 1.04167e+10 1.04167e+10 1.04167e+10 
0.02 0.014375 0.016056 0.0164965 0.016056 0.012993 0 0 0 0 0 0 1.04167e+10 1.04167e+10 1.04167e+10 
0.02 0.014375 0.016056 0.012993 0.02 0.01125 0 0 0 0 0 0 1.04167e+10 1.04167e+10 1.04167e+10 
-0.0142201 -0.02 -0.0145114 -0.018407 -0.0154964 -0.02 0 0 0 0 0 0 1.04167e+10 1.04167e+10 1.04167e+10 
-0.0142201 -0.02 -0.0129184 -0.0189298 -0.0145114 -0.018407 0 0 0 0 0 0 1.04167e+10 1.04167e+10 1.04167e+10 
-0.0142201 -0.02 -0.0128774 -0.02 -0.0129184 -0.0189298 0 0 0 0 0 0 1.04167e+10 1.04167e+10 1.04167e+10 
0.00506426 -0.02 0.00398516 -0.018487 0.00283336 -0.02 0 0 0 0 0 0 1.04167e+10 1.04167e+10 1.04167e+10 
-0.00103736 0.0126945 0.0013978 0.0110483 0.0013978 0.0136357 0 0 0 0 0 0 1.04167e+10 1.04167e+10 1.04167e+10 
-0.00103736 0.0126945 -0.00103736 0.0102593 0.0013978 0.0110483 0 0 0 0 0 0 1.04167e+10 1.04167e+10 1.04167e+10 
-0.00103736 0.0126945 -0.00332928 0.0143788 -0.00332928 0.0120869 0 0 0 0 0 0 1.04167e+10 1.04167e+10 1.04167e+10 
-0.00103736 0.0126945 -0.00103736 0.0151297 -0.00332928 0.0143788 0 0 0 0 0 0 1.04167e+10 1.04167e+10 1.04167e+10 
-0.00103736 0.0126945 -0.00332928 0.0120869 -0.00103736 0.0102593 0 0 0 0 0 0 1.04167e+10 1.04167e+10 1.04167e+10 
-0.00103736 0.0126945 0.0013978 0.0136357 -0.00103736 0.0151297 0 0 0 0 0 0 1.04167e+10 1.04167e+10 1.04167e+10 
-0.0075166 -0.00781872 -0.00548639 -0.00804231 -0.00548639 -0.00588521 0 0 0 0 0 0 1.04167e+10 1.04167e+10 1.04167e+10 
-0.0075166 -0.00781872 -0.00548639 -0.00588521 -0.0075166 -0.00578851 0 0 0 0 0 0 1.04167e+10 1.04167e+10 1.04167e+10 
-0.0075166 -0.00781872 -0.00942739 -0.00675104 -0.00942739 -0.00866183 0 0 0 0 0 0 1.04167e+10 1.04167e+10 1.04167e+10 
-0.0075166 -0.00781872 -0.0075166 -0.00578851 -0.00942739 -0.00675104 0 0 0 0 0 0 1.04167e+10 1.04167e+10 1.04167e+10 
-0.0075166 -0.00781872 -0.0075166 -0.00984894 -0.00548639 -0.00804231 0 0 0 0 0 0 1.04167e+10 1.04167e+10 1.04167e+10 
-0.0075166 -0.00781872 -0.00942739 -0.00866183 -0.0075166 -0.00984894 0 0 0 0 0 0 1.04167e+10 1.04167e+10 1.04167e+10 
-0.0174219 0.00257813 -0.01875 0.00140625 -0.0174219 0.00116699 0 0 0 0 0 0 1.04167e+10 1.04167e+10 1.04167e+10 
-0.0174219 0.00257813 -0.0174219 0.00116699 -0.0160107 0.00200806 0 0 0 0 0 0 1.04167e+10 1.04167e+10 1.04167e+10 
-0.0174219 0.00257813 -0.0160107 0.00200806 -0.0160107 0.00350739 0 0 0 0 0 0 1.04167e+10 1.04167e+10 1.04167e+10 
-0.0174219 0.00257813 -0.0160107 0.00350739 -0.0174219 0.00398926 0 0 0 0 0 0 1.04167e+10 1.04167e+10 1.04167e+10 
-0.0129184 0.00307399 -0.0129184 0.00476659 -0.0145114 0.00389555 0 0 0 0 0 0 1.04167e+10 1.04167e+10 1.04167e+10 
-0.0129184 0.00307399 -0.0145114 0.00389555 -0.0145114 0.00230251 0 0 0 0 0 0 1.04167e+10 1.04167e+10 1.04167e+10 
-0.0129184 0.00307399 -0.0145114 0.00230251 -0.0129184 0.00138138 0 0 0 0 0 0 1.04167e+10 1.04167e+10 1.04167e+10 
-0.0129184 0.00307399 -0.0129184 0.00138138 -0.0112258 0.00158067 0 0 0 0 0 0 1.04167e+10 1.04167e+10 1.04167e+10 
-0.0129184 0.00307399 -0.0112258 0.00158067 -0.0112258 0.00337906 0 0 0 0 0 0 1.04167e+10 1.04167e+10 1.04167e+10 
-0.0129184 0.00307399 -0.0112258 0.00337906 -0.0129184 0.00476659 0 0 0 0 0 0 1.04167e+10 1.04167e+10 1.04167e+10 
-0.02 -0.00604167 -0.01875 -0.0065625 -0.01875 -0.00523437 0 0 0 0 0 0 1.04167e+10 1.04167e+10 1.04167e+10 
-0.02 -0.00604167 -0.01875 -0.00523437 -0.02 -0.005 0 0 0 0 0 0 1.04167e+10 1.04167e+10 1.04167e+10 
-0.0112258 0.0177662 -0.0116252 0.02 -0.0129184 0.0183074 0 0 0 0 0 0 1.04167e+10 1.04167e+10 1.04167e+10 
-0.0112258 0.0177662 -0.0129184 0.0166148 -0.0112258 0.0159678 0 0 0 0 0 0 1.04167e+10 1.04167e+10 1.04167e+10 
-0.0112258 0.0177662 -0.0129184 0.0183074 -0.0129184 0.0166148 0 0 0 0 0 0 1.04167e+10 1.04167e+10 1.04167e+10 
-0.0112258 0.0177662 -0.00942739 0.0180892 -0.0100661 0.02 0 0 0 0 0 0 1.04167e+10 1.04167e+10 1.04167e+10 
-0.0112258 0.0177662 -0.0100661 0.02 -0.0116252 0.02 0 0 0 0 0 0 1.04167e+10 1.04167e+10 1.04167e+10 
-0.0112258 0.0177662 -0.00942739 0.0161784 -0.00942739 0.0180892 0 0 0 0 0 0 1.04167e+10 1.04167e+10 1.04167e+10 
-0.0112258 0.0177662 -0.0112258 0.0159678 -0.00942739 0.0161784 0 0 0 0 0 0 1.04167e+10 1.04167e+10 1.04167e+10 
-0.02 -0.00708333 -0.02 -0.008125 -0.01875 -0.00789062 0 0 0 0 0 0 1.04167e+10 1.04167e+10 1.04167e+10 
-0.02 -0.00708333 -0.01875 -0.00789062 -0.01875 -0.0065625 0 0 0 0 0 0 1.04167e+10 1.04167e+10 1.04167e+10 
-0.02 -0.00708333 -0.01875 -0.0065625 -0.02 -0.00604167 0 0 0 0 0 0 1.04167e+10 1.04167e+10 1.04167e+10 
-0.0174219 -0.00306641 -0.0174219 -0.00165527 -0.01875 -0.00257812 0 0 0 0 0 0 1.04167e+10 1.04167e+10 1.04167e+10 
-0.0174219 -0.00306641 -0.0160107 -0.00248993 -0.0174219 -0.00165527 0 0 0 0 0 0 1.04167e+10 1.04167e+10 1.04167e+10 
-0.0174219 -0.00306641 -0.01875 -0.00257812 -0.01875 -0.00390625 0 0 0 0 0 0 1.04167e+10 1.04167e+10 1.04167e+10 
-0.0174219 -0.00306641 -0.01875 -0.00390625 -0.0174219 -0.00447754 0 0 0 0 0 0 1.04167e+10 1.04167e+10 1.04167e+10 
-0.0174219 -0.00306641 -0.0160107 -0.00398926 -0.0160107 -0.00248993 0 0 0 0 0 0 1.04167e+10 1.04167e+10 1.04167e+10 
-0.0174219 -0.00306641 -0.0174219 -0.00447754 -0.0160107 -0.00398926 0 0 0 0 0 0 1.04167e+10 1.04167e+10 1.04167e+10 
0.00673423 -0.0170791 0.00741136 -0.02 0.00965512 -0.0172413 0 0 0 0 0 0 1.04167e+10 1.04167e+10 1.04167e+10 
0.00673423 -0.0170791 0.00965512 -0.0172413 0.00965512 -0.0141379 0 0 0 0 0 0 1.04167e+10 1.04167e+10 1.04167e+10 
0.00673423 -0.0170791 0.00965512 -0.0141379 0.00673423 -0.0141582 0 0 0 0 0 0 1.04167e+10 1.04167e+10 1.04167e+10 
0.00673423 -0.0170791 0.00673423 -0.0141582 0.00398516 -0.0157379 0 0 0 0 0 0 1.04167e+10 1.04167e+10 1.04167e+10 
0.00673423 -0.0170791 0.00398516 -0.0157379 0.00398516 -0.018487 0 0 0 0 0 0 1.04167e+10 1.04167e+10 1.04167e+10 
0.00673423 -0.0170791 0.00398516 -0.018487 0.00506426 -0.02 0 0 0 0 0 0 1.04167e+10 1.04167e+10 1.04167e+10 
0.00673423 -0.0170791 0.00506426 -0.02 0.00741136 -0.02 0 0 0 0 0 0 1.04167e+10 1.04167e+10 1.04167e+10 
-0.0145114 -0.0120348 -0.0145114 -0.0136279 -0.0129184 -0.0121594 0 0 0 0 0 0 1.04167e+10 1.04167e+10 1.04167e+10 
-0.0145114 -0.0120348 -0.0160107 -0.0129852 -0.0145114 -0.0136279 0 0 0 0 0 0 1.04167e+10 1.04167e+10 1.04167e+10 
-0.0145114 -0.0120348 -0.0160107 -0.0114859 -0.0160107 -0.0129852 0 0 0 0 0 0 1.04167e+10 1.04167e+10 1.04167e+10 
-0.0145114 -0.0120348 -0.0145114 -0.0104418 -0.0160107 -0.0114859 0 0 0 0 0 0 1.04167e+10 1.04167e+10 1.04167e+10 
-0.0145114 -0.0120348 -0.0129184 -0.0121594 -0.0129184 -0.0104668 0 0 0 0 0 0 1.04167e+10 1.04167e+10 1.04167e+10 
-0.0145114 -0.0120348 -0.0129184 -0.0104668 -0.0145114 -0.0104418 0 0 0 0 0 0 1.04167e+10 1.04167e+10 1.04167e+10 
-0.01875 0.00273438 -0.02 0.00229167 -0.01875 0.00140625 0 0 0 0 0 0 1.04167e+10 1.04167e+10 1.04167e+10 
-0.01875 0.00273438 -0.02 0.00333333 -0.02 0.00229167 0 0 0 0 0 0 1.04167e+10 1.04167e+10 1.04167e+10 
-0.01875 0.00273438 -0.01875 0.0040625 -0.02 0.00333333 0 0 0 0 0 0 1.04167e+10 1.04167e+10 1.04167e+10 
-0.01875 0.00273438 -0.01875 0.00140625 -0.0174219 0.00257813 0 0 0 0 0 0 1.04167e+10 1.04167e+10 1.04167e+10 
-0.01875 0.00273438 -0.0174219 0.00398926 -0.01875 0.0040625 0 0 0 0 0 0 1.04167e+10 1.04167e+10 1.04167e+10 
-0.01875 0.00273438 -0.0174219 0.00257813 -0.0174219 0.00398926 0 0 0 0 0 0 1.04167e+10 1.04167e+10 1.04167e+10 
-0.0160107 0.00650604 -0.0145114 0.00708162 -0.0160107 0.00800537 0 0 0 0 0 0 1.04167e+10 1.04167e+10 1.04167e+10 
-0.0160107 0.00650604 -0.0160107 0.00800537 -0.0174219 0.00681152 0 0 0 0 0 0 1.04167e+10 1.04167e+10 1.04167e+10 
-0.0160107 0.00650604 -0.0145114 0.00548859 -0.0145114 0.00708162 0 0 0 0 0 0 1.04167e+10 1.04167e+10 1.04167e+10 
-0.0160107 0.00650604 -0.0160107 0.00500671 -0.0145114 0.00548859 0 0 0 0 0 0 1.04167e+10 1.04167e+10 1.04167e+10 
-0.0160107 0.00650604 -0.0174219 0.00681152 -0.0174219 0.00540039 0 0 0 0 0 0 1.04167e+10 1.04167e+10 1.04167e+10 
-0.0160107 0.00650604 -0.0174219 0.00540039 -0.0160107 0.00500671 0 0 0 0 0 0 1.04167e+10 1.04167e+10 1.04167e+10 
-0.00332928 -0.0085404 -0.00548639 -0.00804231 -0.00548639 -0.0101994 0 0 0 0 0 0 1.04167e+10 1.04167e+10 1.04167e+10 
-0.00332928 -0.0085404 -0.00548639 -0.0101994 -0.00332928 -0.0108323 0 0 0 0 0 0 1.04167e+10 1.04167e+10 1.04167e+10 
-0.00332928 -0.0085404 -0.00332928 -0.00624848 -0.00548639 -0.00804231 0 0 0 0 0 0 1.04167e+10 1.04167e+10 1.04167e+10 
-0.00332928 -0.0085404 -0.00103736 -0.00678681 -0.00332928 -0.00624848 0 0 0 0 0 0 1.04167e+10 1.04167e+10 1.04167e+10 
-0.00332928 -0.0085404 -0.00103736 -0.00922198 -0.00103736 -0.00678681 0 0 0 0 0 0 1.04167e+10 1.04167e+10 1.04167e+10 
-0.00332928 -0.0085404 -0.00332928 -0.0108323 -0.00103736 -0.00922198 0 0 0 0 0 0 1.04167e+10 1.04167e+10 1.04167e+10 
0.0013978 0.0006989 0.00398516 0.000756491 0.0013978 0.00328626 0 0 0 0 0 0 1.04167e+10 1.04167e+10 1.04167e+10 
0.0013978 0.0006989 -0.00103736 0.000518682 0.0013978 -0.00188846 0 0 0 0 0 0 1.04167e+10 1.04167e+10 1.04167e+10 
0.0013978 0.0006989 0.0013978 -0.00188846 0.00398516 0.000756491 0 0 0 0 0 0 1.04167e+10 1.04167e+10 1.04167e+10 
0.0013978 0.0006989 -0.00103736 0.00295385 -0.00103736 0.000518682 0 0 0 0 0 0 1.04167e+10 1.04167e+10 1.04167e+10 
0.0013978 0.0006989 0.0013978 0.00328626 -0.00103736 0.00295385 0 0 0 0 0 0 1.04167e+10 1.04167e+10 1.04167e+10 
-0.0174219 -0.00588867 -0.0160107 -0.00698792 -0.0160107 -0.00548859 0 0 0 0 0 0 1.04167e+10 1.04167e+10 1.04167e+10 
-0.0174219 -0.00588867 -0.0174219 -0.0072998 -0.0160107 -0.00698792 0 0 0 0 0 0 1.04167e+10 1.04167e+10 1.04167e+10 
-0.0174219 -0.00588867 -0.0174219 -0.00447754 -0.01875 -0.00523437 0 0 0 0 0 0 1.04167e+10 1.04167e+10 1.04167e+10 
-0.0174219 -0.00588867 -0.0160107 -0.00548859 -0.0174219 -0.00447754 0 0 0 0 0 0 1.04167e+10 1.04167e+10 1.04167e+10 
-0.0174219 -0.00588867 -0.01875 -0.0065625 -0.0174219 -0.0072998 0 0 0 0 0 0 1.04167e+10 1.04167e+10 1.04167e+10 
-0.0174219 -0.00588867 -0.01875 -0.00523437 -0.01875 -0.0065625 0 0 0 0 0 0 1.04167e+10 1.04167e+10 1.04167e+10 
0.0013978 -0.00447583 -0.00103736 -0.00435165 -0.00103736 -0.00678681 0 0 0 0 0 0 1.04167e+10 1.04167e+10 1.04167e+10 
0.0013978 -0.00447583 -0.00103736 -0.00678681 0.0013978 -0.00706319 0 0 0 0 0 0 1.04167e+10 1.04167e+10 1.04167e+10 
0.0013978 -0.00447583 0.0013978 -0.00706319 0.00398516 -0.00474165 0 0 0 0 0 0 1.04167e+10 1.04167e+10 1.04167e+10 
0.0013978 -0.00447583 0.0013978 -0.00188846 -0.00103736 -0.00435165 0 0 0 0 0 0 1.04167e+10 1.04167e+10 1.04167e+10 
0.0013978 -0.00447583 0.00398516 -0.00199258 0.0013978 -0.00188846 0 0 0 0 0 0 1.04167e+10 1.04167e+10 1.04167e+10 
0.0013978 -0.00447583 0.00398516 -0.00474165 0.00398516 -0.00199258 0 0 0 0 0 0 1.04167e+10 1.04167e+10 1.04167e+10 
-0.01875 0.0107031 -0.02 0.010625 -0.02 0.00958333 0 0 0 0 0 0 1.04167e+10 1.04167e+10 1.04167e+10 
-0.01875 0.0107031 -0.02 0.00958333 -0.01875 0.009375 0 0 0 0 0 0 1.04167e+10 1.04167e+10 1.04167e+10 
-0.01875 0.0107031 -0.0174219 0.0110449 -0.01875 0.0120313 0 0 0 0 0 0 1.04167e+10 1.04167e+10 1.04167e+10 
-0.01875 0.0107031 -0.0174219 0.00963379 -0.0174219 0.0110449 0 0 0 0 0 0 1.04167e+10 1.04167e+10 1.04167e+10 
-0.01875 0.0107031 -0.01875 0.009375 -0.0174219 0.00963379 0 0 0 0 0 0 1.04167e+10 1.04167e+10 1.04167e+10 
-0.01875 0.0107031 -0.01875 0.0120313 -0.02 0.0116667 0 0 0 0 0 0 1.04167e+10 1.04167e+10 1.04167e+10 
-0.01875 0.0107031 -0.02 0.0116667 -0.02 0.010625 0 0 0 0 0 0 1.04167e+10 1.04167e+10 1.04167e+10 
-0.0129184 -0.000311217 -0.0112258 -0.00201611 -0.0112258 -0.000217721 0 0 0 0 0 0 1.04167e+10 1.04167e+10 1.04167e+10 
-0.0129184 -0.000311217 -0.0129184 -0.00200382 -0.0112258 -0.00201611 0 0 0 0 0 0 1.04167e+10 1.04167e+10 1.04167e+10 
-0.0129184 -0.000311217 -0.0145114 0.000709476 -0.0145114 -0.00088356 0 0 0 0 0 0 1.04167e+10 1.04167e+10 1.04167e+10 
-0.0129184 -0.000311217 -0.0129184 0.00138138 -0.0145114 0.000709476 0 0 0 0 0 0 1.04167e+10 1.04167e+10 1.04167e+10 
-0.0129184 -0.000311217 -0.0112258 -0.000217721 -0.0129184 0.00138138 0 0 0 0 0 0 1.04167e+10 1.04167e+10 1.04167e+10 
-0.0129184 -0.000311217 -0.0145114 -0.00088356 -0.0129184 -0.00200382 0 0 0 0 0 0 1.04167e+10 1.04167e+10 1.04167e+10 
