TRIANGLES
224
3
3
0.00341654 0.0128227 0.0075 0.00909327 0.00745351 0.012641 0 0 0 0 0 0 1.04167e+10 1.04167e+10 1.04167e+10 
0.0112862 0.0119993 0.00745351 0.012641 0.0075 0.00909327 0 0 0 0 0 0 1.04167e+10 1.04167e+10 1.04167e+10 
0.0112862 0.0119993 0.00997615 0.0163587 0.00745351 0.012641 0 0 0 0 0 0 1.04167e+10 1.04167e+10 1.04167e+10 
0.00676976 0.0172429 0.00341654 0.0128227 0.00745351 0.012641 0 0 0 0 0 0 1.04167e+10 1.04167e+10 1.04167e+10 
0.00676976 0.0172429 0.00745351 0.012641 0.00997615 0.0163587 0 0 0 0 0 0 1.04167e+10 1.04167e+10 1.04167e+10 
0.02 -0.00181818 0.0168366 -0.0047635 0.02 -0.00545455 0 0 0 0 0 0 1.04167e+10 1.04167e+10 1.04167e+10 
-0.00396559 -0.0132395 -0.00260472 -0.0103405 -0.00505236 -0.00971687 0 0 0 0 0 0 1.04167e+10 1.04167e+10 1.04167e+10 
-0.00121285 -0.0121107 -0.00396559 -0.0132395 -4.73263e-06 -0.0161293 0 0 0 0 0 0 1.04167e+10 1.04167e+10 1.04167e+10 
-0.00121285 -0.0121107 -0.00260472 -0.0103405 -0.00396559 -0.0132395 0 0 0 0 0 0 1.04167e+10 1.04167e+10 1.04167e+10 
0.00909091 0.02 0.00997615 0.0163587 0.0127273 0.02 0 0 0 0 0 0 1.04167e+10 1.04167e+10 1.04167e+10 
0.00909091 0.02 0.00676976 0.0172429 0.00997615 0.0163587 0 0 0 0 0 0 1.04167e+10 1.04167e+10 1.04167e+10 
0.00909091 0.02 0.00545455 0.02 0.00676976 0.0172429 0 0 0 0 0 0 1.04167e+10 1.04167e+10 1.04167e+10 
-0.005 -0.005 -0.00505236 -0.00971687 -0.00260472 -0.0103405 0 0 0 0 0 0 3.125e+10 3.125e+10 3.125e+10 
0.0026048 -0.0130981 -0.00121285 -0.0121107 -4.73263e-06 -0.0161293 0 0 0 0 0 0 1.04167e+10 1.04167e+10 1.04167e+10 
0.0026048 -0.0130981 -4.73263e-06 -0.0161293 0.00342688 -0.0163393 0 0 0 0 0 0 1.04167e+10 1.04167e+10 1.04167e+10 
-0.00706565 0.0121461 -0.0117743 0.0134965 -0.0118919 0.00956315 0 0 0 0 0 0 1.04167e+10 1.04167e+10 1.04167e+10 
-0.00706565 0.0121461 -0.0118919 0.00956315 -0.0075 0.00909327 0 0 0 0 0 0 1.04167e+10 1.04167e+10 1.04167e+10 
0.0176545 0.00840994 0.0178624 0.0136222 0.0146378 0.0131951 0 0 0 0 0 0 1.04167e+10 1.04167e+10 1.04167e+10 
0.0108685 -0.00988528 0.00966106 -0.0118677 0.0129318 -0.0122339 0 0 0 0 0 0 1.04167e+10 1.04167e+10 1.04167e+10 
0.0108685 -0.00988528 0.0075 -0.00909327 0.00966106 -0.0118677 0 0 0 0 0 0 1.04167e+10 1.04167e+10 1.04167e+10 
0.0108685 -0.00988528 0.0114907 -0.00674927 0.0075 -0.00909327 0 0 0 0 0 0 1.04167e+10 1.04167e+10 1.04167e+10 
0.0114907 0.00674927 0.0112862 0.0119993 0.0075 0.00909327 0 0 0 0 0 0 1.04167e+10 1.04167e+10 1.04167e+10 
0.0114907 0.00674927 0.0075 0.00909327 0.0064882 0.00435382 0 0 0 0 0 0 2.08333e+10 2.08333e+10 2.08333e+10 
-0.0101243 -0.0169135 -0.00909091 -0.02 -0.00753596 -0.0158759 0 0 0 0 0 0 1.04167e+10 1.04167e+10 1.04167e+10 
0.00325488 -0.0101748 0.00260472 -0.0103405 0.0026048 -0.0130981 0 0 0 0 0 0 1.04167e+10 1.04167e+10 1.04167e+10 
-0.0138354 0.0119497 -0.0118919 0.00956315 -0.0117743 0.0134965 0 0 0 0 0 0 1.04167e+10 1.04167e+10 1.04167e+10 
-0.0091822 -0.0134385 -0.00396559 -0.0132395 -0.00505236 -0.00971687 0 0 0 0 0 0 1.04167e+10 1.04167e+10 1.04167e+10 
-0.0091822 -0.0134385 -0.00753596 -0.0158759 -0.00396559 -0.0132395 0 0 0 0 0 0 1.04167e+10 1.04167e+10 1.04167e+10 
-0.0091822 -0.0134385 -0.0101243 -0.0169135 -0.00753596 -0.0158759 0 0 0 0 0 0 1.04167e+10 1.04167e+10 1.04167e+10 
-0.0091822 -0.0134385 -0.0127697 -0.0129074 -0.0101243 -0.0169135 0 0 0 0 0 0 1.04167e+10 1.04167e+10 1.04167e+10 
0.02 0.0127273 0.0178624 0.0136222 0.0176545 0.00840994 0 0 0 0 0 0 1.04167e+10 1.04167e+10 1.04167e+10 
-0.0156419 0.0170502 -0.0138354 0.0119497 -0.0117743 0.0134965 0 0 0 0 0 0 1.04167e+10 1.04167e+10 1.04167e+10 
0.0169941 -0.0122365 0.02 -0.0127273 0.02 -0.00909091 0 0 0 0 0 0 1.04167e+10 1.04167e+10 1.04167e+10 
0.0139302 -0.0161691 0.0169941 -0.0122365 0.0129318 -0.0122339 0 0 0 0 0 0 1.04167e+10 1.04167e+10 1.04167e+10 
-0.02 -0.00909091 -0.0183269 -0.00837904 -0.02 -0.00545455 0 0 0 0 0 0 1.04167e+10 1.04167e+10 1.04167e+10 
0.0046 -0.005 0.0075 -0.00909327 0.0114907 -0.00674927 0 0 0 0 0 0 2.08333e+10 2.08333e+10 2.08333e+10 
0.0046 -0.005 0.00260472 -0.0103405 0.00325488 -0.0101748 0 0 0 0 0 0 3.125e+10 3.125e+10 3.125e+10 
0.0046 -0.005 0.00325488 -0.0101748 0.0075 -0.00909327 0 0 0 0 0 0 2.08333e+10 2.08333e+10 2.08333e+10 
0.0046 -0.005 -0.00374421 -0.00135836 -0.005 -0.005 0 0 0 0 0 0 3.125e+10 3.125e+10 3.125e+10 
0.00181818 -0.02 -4.73263e-06 -0.0161293 -0.00181818 -0.02 0 0 0 0 0 0 1.04167e+10 1.04167e+10 1.04167e+10 
0.00181818 -0.02 0.00342688 -0.0163393 -4.73263e-06 -0.0161293 0 0 0 0 0 0 1.04167e+10 1.04167e+10 1.04167e+10 
0.00181818 -0.02 0.00545455 -0.02 0.00342688 -0.0163393 0 0 0 0 0 0 1.04167e+10 1.04167e+10 1.04167e+10 
-0.00181818 0.02 -0.00545455 0.02 -0.00426684 0.017137 0 0 0 0 0 0 1.04167e+10 1.04167e+10 1.04167e+10 
-0.00181818 0.02 -0.00426684 0.017137 -0.000557688 0.0169655 0 0 0 0 0 0 1.04167e+10 1.04167e+10 1.04167e+10 
0.00276656 0.00205342 -0.00374421 -0.00135836 0.0046 -0.005 0 0 0 0 0 0 3.125e+10 3.125e+10 3.125e+10 
0.0032717 0.0168069 0.00341654 0.0128227 0.00676976 0.0172429 0 0 0 0 0 0 1.04167e+10 1.04167e+10 1.04167e+10 
0.0032717 0.0168069 0.00676976 0.0172429 0.00545455 0.02 0 0 0 0 0 0 1.04167e+10 1.04167e+10 1.04167e+10 
0.0032717 0.0168069 -0.000557688 0.0169655 0.000787321 0.0133085 0 0 0 0 0 0 1.04167e+10 1.04167e+10 1.04167e+10 
0.0032717 0.0168069 0.000787321 0.0133085 0.00341654 0.0128227 0 0 0 0 0 0 1.04167e+10 1.04167e+10 1.04167e+10 
0.014106 -0.00823521 0.0108685 -0.00988528 0.0129318 -0.0122339 0 0 0 0 0 0 1.04167e+10 1.04167e+10 1.04167e+10 
0.014106 -0.00823521 0.0114907 -0.00674927 0.0108685 -0.00988528 0 0 0 0 0 0 1.04167e+10 1.04167e+10 1.04167e+10 
0.014106 -0.00823521 0.0129318 -0.0122339 0.0169941 -0.0122365 0 0 0 0 0 0 1.04167e+10 1.04167e+10 1.04167e+10 
-0.0175469 -0.00212666 -0.0141635 -0.00332078 -0.015 1.28588e-18 0 0 0 0 0 0 1.04167e+10 1.04167e+10 1.04167e+10 
0.02 0.0163636 0.0178624 0.0136222 0.02 0.0127273 0 0 0 0 0 0 1.04167e+10 1.04167e+10 1.04167e+10 
-0.0175269 -0.0165557 -0.02 -0.02 -0.0163636 -0.02 0 0 0 0 0 0 1.04167e+10 1.04167e+10 1.04167e+10 
-0.00400405 -0.0162655 -4.73263e-06 -0.0161293 -0.00396559 -0.0132395 0 0 0 0 0 0 1.04167e+10 1.04167e+10 1.04167e+10 
-0.00400405 -0.0162655 -0.00181818 -0.02 -4.73263e-06 -0.0161293 0 0 0 0 0 0 1.04167e+10 1.04167e+10 1.04167e+10 
-0.00400405 -0.0162655 -0.00396559 -0.0132395 -0.00753596 -0.0158759 0 0 0 0 0 0 1.04167e+10 1.04167e+10 1.04167e+10 
-1.58294e-17 -0.0103405 -0.00260472 -0.0103405 -0.00121285 -0.0121107 0 0 0 0 0 0 1.04167e+10 1.04167e+10 1.04167e+10 
-1.58294e-17 -0.0103405 -0.00121285 -0.0121107 0.0026048 -0.0130981 0 0 0 0 0 0 1.04167e+10 1.04167e+10 1.04167e+10 
-1.58294e-17 -0.0103405 0.0026048 -0.0130981 0.00260472 -0.0103405 0 0 0 0 0 0 1.04167e+10 1.04167e+10 1.04167e+10 
-1.58294e-17 -0.0103405 0.00260472 -0.0103405 0.0046 -0.005 0 0 0 0 0 0 3.125e+10 3.125e+10 3.125e+10 
-1.58294e-17 -0.0103405 -0.005 -0.005 -0.00260472 -0.0103405 0 0 0 0 0 0 3.125e+10 3.125e+10 3.125e+10 
-1.58294e-17 -0.0103405 0.0046 -0.005 -0.005 -0.005 0 0 0 0 0 0 3.125e+10 3.125e+10 3.125e+10 
0.0163636 0.02 0.02 0.0163636 0.02 0.02 0 0 0 0 0 0 1.04167e+10 1.04167e+10 1.04167e+10 
-0.00949533 -0.00792127 -0.0127697 -0.0129074 -0.0091822 -0.0134385 0 0 0 0 0 0 1.04167e+10 1.04167e+10 1.04167e+10 
-0.00949533 -0.00792127 -0.0149031 -0.00935917 -0.0127697 -0.0129074 0 0 0 0 0 0 1.04167e+10 1.04167e+10 1.04167e+10 
0.00260472 0.0103405 0.0075 0.00909327 0.00341654 0.0128227 0 0 0 0 0 0 1.04167e+10 1.04167e+10 1.04167e+10 
0.00260472 0.0103405 0.0064882 0.00435382 0.0075 0.00909327 0 0 0 0 0 0 2.08333e+10 2.08333e+10 2.08333e+10 
0.00260472 0.0103405 0.000787321 0.0133085 -0.00260472 0.0103405 0 0 0 0 0 0 1.04167e+10 1.04167e+10 1.04167e+10 
0.00260472 0.0103405 0.00341654 0.0128227 0.000787321 0.0133085 0 0 0 0 0 0 1.04167e+10 1.04167e+10 1.04167e+10 
0.00260472 0.0103405 0.00276656 0.00205342 0.0064882 0.00435382 0 0 0 0 0 0 2.08333e+10 2.08333e+10 2.08333e+10 
0.0111922 -0.0159686 0.0129318 -0.0122339 0.00966106 -0.0118677 0 0 0 0 0 0 1.04167e+10 1.04167e+10 1.04167e+10 
0.0111922 -0.0159686 0.0139302 -0.0161691 0.0129318 -0.0122339 0 0 0 0 0 0 1.04167e+10 1.04167e+10 1.04167e+10 
-0.0075 -0.00909327 -0.00505236 -0.00971687 -0.005 -0.005 0 0 0 0 0 0 3.125e+10 3.125e+10 3.125e+10 
-0.0075 -0.00909327 -0.005 -0.005 -0.00949533 -0.00792127 0 0 0 0 0 0 3.125e+10 3.125e+10 3.125e+10 
-0.0075 -0.00909327 -0.0091822 -0.0134385 -0.00505236 -0.00971687 0 0 0 0 0 0 1.04167e+10 1.04167e+10 1.04167e+10 
-0.0075 -0.00909327 -0.00949533 -0.00792127 -0.0091822 -0.0134385 0 0 0 0 0 0 1.04167e+10 1.04167e+10 1.04167e+10 
-0.0114907 -0.00674927 -0.0149031 -0.00935917 -0.00949533 -0.00792127 0 0 0 0 0 0 1.04167e+10 1.04167e+10 1.04167e+10 
-0.0114907 -0.00674927 -0.00949533 -0.00792127 -0.005 -0.005 0 0 0 0 0 0 3.125e+10 3.125e+10 3.125e+10 
-0.0139944 -0.015821 -0.0175269 -0.0165557 -0.0163636 -0.02 0 0 0 0 0 0 1.04167e+10 1.04167e+10 1.04167e+10 
-0.0139944 -0.015821 -0.0101243 -0.0169135 -0.0127697 -0.0129074 0 0 0 0 0 0 1.04167e+10 1.04167e+10 1.04167e+10 
-0.0163636 0.02 -0.02 0.02 -0.02 0.0163636 0 0 0 0 0 0 1.04167e+10 1.04167e+10 1.04167e+10 
-0.0163636 0.02 -0.02 0.0163636 -0.0156419 0.0170502 0 0 0 0 0 0 1.04167e+10 1.04167e+10 1.04167e+10 
-0.0163636 0.02 -0.0156419 0.0170502 -0.0127273 0.02 0 0 0 0 0 0 1.04167e+10 1.04167e+10 1.04167e+10 
0.0178268 0.0026091 0.0187596 0.00587755 0.0140954 0.00359121 0 0 0 0 0 0 1.04167e+10 1.04167e+10 1.04167e+10 
0.0178268 0.0026091 0.0140954 0.00359121 0.015 0 0 0 0 0 0 0 1.04167e+10 1.04167e+10 1.04167e+10 
0.0178268 0.0026091 0.02 0.00181818 0.02 0.00545455 0 0 0 0 0 0 1.04167e+10 1.04167e+10 1.04167e+10 
0.0178268 0.0026091 0.02 0.00545455 0.0187596 0.00587755 0 0 0 0 0 0 1.04167e+10 1.04167e+10 1.04167e+10 
0.0126981 0.0169637 0.0127273 0.02 0.00997615 0.0163587 0 0 0 0 0 0 1.04167e+10 1.04167e+10 1.04167e+10 
0.0126981 0.0169637 0.00997615 0.0163587 0.0112862 0.0119993 0 0 0 0 0 0 1.04167e+10 1.04167e+10 1.04167e+10 
0.0126981 0.0169637 0.0112862 0.0119993 0.0146378 0.0131951 0 0 0 0 0 0 1.04167e+10 1.04167e+10 1.04167e+10 
0.0126981 0.0169637 0.0163636 0.02 0.0127273 0.02 0 0 0 0 0 0 1.04167e+10 1.04167e+10 1.04167e+10 
0.0140954 -0.00359121 0.014106 -0.00823521 0.0168366 -0.0047635 0 0 0 0 0 0 1.04167e+10 1.04167e+10 1.04167e+10 
0.0140954 -0.00359121 0.0114907 -0.00674927 0.014106 -0.00823521 0 0 0 0 0 0 1.04167e+10 1.04167e+10 1.04167e+10 
0.00813133 -0.0156069 0.0111922 -0.0159686 0.00966106 -0.0118677 0 0 0 0 0 0 1.04167e+10 1.04167e+10 1.04167e+10 
0.00813133 -0.0156069 0.00545455 -0.02 0.00909091 -0.02 0 0 0 0 0 0 1.04167e+10 1.04167e+10 1.04167e+10 
0.00813133 -0.0156069 0.00342688 -0.0163393 0.00545455 -0.02 0 0 0 0 0 0 1.04167e+10 1.04167e+10 1.04167e+10 
0.00813133 -0.0156069 0.00909091 -0.02 0.0111922 -0.0159686 0 0 0 0 0 0 1.04167e+10 1.04167e+10 1.04167e+10 
-0.02 0.00181818 -0.015 1.28588e-18 -0.0178101 0.00524216 0 0 0 0 0 0 1.04167e+10 1.04167e+10 1.04167e+10 
-0.02 0.00181818 -0.0175469 -0.00212666 -0.015 1.28588e-18 0 0 0 0 0 0 1.04167e+10 1.04167e+10 1.04167e+10 
0.00868487 0.000329073 0.0114907 0.00674927 0.0064882 0.00435382 0 0 0 0 0 0 2.08333e+10 2.08333e+10 2.08333e+10 
0.00868487 0.000329073 0.0140954 0.00359121 0.0114907 0.00674927 0 0 0 0 0 0 2.08333e+10 2.08333e+10 2.08333e+10 
0.00868487 0.000329073 0.015 0 0.0140954 0.00359121 0 0 0 0 0 0 2.08333e+10 2.08333e+10 2.08333e+10 
0.00868487 0.000329073 0.00276656 0.00205342 0.0046 -0.005 0 0 0 0 0 0 2.08333e+10 2.08333e+10 2.08333e+10 
0.00868487 0.000329073 0.0064882 0.00435382 0.00276656 0.00205342 0 0 0 0 0 0 2.08333e+10 2.08333e+10 2.08333e+10 
0.00868487 0.000329073 0.0140954 -0.00359121 0.015 0 0 0 0 0 0 0 2.08333e+10 2.08333e+10 2.08333e+10 
0.00868487 0.000329073 0.0046 -0.005 0.0114907 -0.00674927 0 0 0 0 0 0 2.08333e+10 2.08333e+10 2.08333e+10 
0.00868487 0.000329073 0.0114907 -0.00674927 0.0140954 -0.00359121 0 0 0 0 0 0 2.08333e+10 2.08333e+10 2.08333e+10 
-0.0140954 0.00359121 -0.0178101 0.00524216 -0.015 1.28588e-18 0 0 0 0 0 0 1.04167e+10 1.04167e+10 1.04167e+10 
0.02 0.00909091 0.0176545 0.00840994 0.0187596 0.00587755 0 0 0 0 0 0 1.04167e+10 1.04167e+10 1.04167e+10 
0.02 0.00909091 0.0187596 0.00587755 0.02 0.00545455 0 0 0 0 0 0 1.04167e+10 1.04167e+10 1.04167e+10 
0.02 0.00909091 0.02 0.0127273 0.0176545 0.00840994 0 0 0 0 0 0 1.04167e+10 1.04167e+10 1.04167e+10 
-0.0114907 0.00674927 -0.0075 0.00909327 -0.0118919 0.00956315 0 0 0 0 0 0 1.04167e+10 1.04167e+10 1.04167e+10 
-0.0114907 0.00674927 -0.00796656 0.00641268 -0.0075 0.00909327 0 0 0 0 0 0 2.08333e+10 2.08333e+10 2.08333e+10 
-0.0164414 -0.0121742 -0.0127697 -0.0129074 -0.0149031 -0.00935917 0 0 0 0 0 0 1.04167e+10 1.04167e+10 1.04167e+10 
-0.0164414 -0.0121742 -0.0149031 -0.00935917 -0.0183269 -0.00837904 0 0 0 0 0 0 1.04167e+10 1.04167e+10 1.04167e+10 
-0.0164414 -0.0121742 -0.0139944 -0.015821 -0.0127697 -0.0129074 0 0 0 0 0 0 1.04167e+10 1.04167e+10 1.04167e+10 
-0.0164414 -0.0121742 -0.02 -0.0127273 -0.0175269 -0.0165557 0 0 0 0 0 0 1.04167e+10 1.04167e+10 1.04167e+10 
-0.0164414 -0.0121742 -0.0175269 -0.0165557 -0.0139944 -0.015821 0 0 0 0 0 0 1.04167e+10 1.04167e+10 1.04167e+10 
-0.0164414 -0.0121742 -0.0183269 -0.00837904 -0.02 -0.00909091 0 0 0 0 0 0 1.04167e+10 1.04167e+10 1.04167e+10 
-0.0164414 -0.0121742 -0.02 -0.00909091 -0.02 -0.0127273 0 0 0 0 0 0 1.04167e+10 1.04167e+10 1.04167e+10 
-0.0172404 0.0119165 -0.02 0.0163636 -0.02 0.0127273 0 0 0 0 0 0 1.04167e+10 1.04167e+10 1.04167e+10 
-0.0172404 0.0119165 -0.0156419 0.0170502 -0.02 0.0163636 0 0 0 0 0 0 1.04167e+10 1.04167e+10 1.04167e+10 
-0.0172404 0.0119165 -0.0138354 0.0119497 -0.0156419 0.0170502 0 0 0 0 0 0 1.04167e+10 1.04167e+10 1.04167e+10 
-0.0172404 0.0119165 -0.02 0.0127273 -0.02 0.00909091 0 0 0 0 0 0 1.04167e+10 1.04167e+10 1.04167e+10 
0.0176526 0.0155945 0.0178624 0.0136222 0.02 0.0163636 0 0 0 0 0 0 1.04167e+10 1.04167e+10 1.04167e+10 
0.0176526 0.0155945 0.02 0.0163636 0.0163636 0.02 0 0 0 0 0 0 1.04167e+10 1.04167e+10 1.04167e+10 
0.0176526 0.0155945 0.0146378 0.0131951 0.0178624 0.0136222 0 0 0 0 0 0 1.04167e+10 1.04167e+10 1.04167e+10 
0.0176526 0.0155945 0.0126981 0.0169637 0.0146378 0.0131951 0 0 0 0 0 0 1.04167e+10 1.04167e+10 1.04167e+10 
0.0176526 0.0155945 0.0163636 0.02 0.0126981 0.0169637 0 0 0 0 0 0 1.04167e+10 1.04167e+10 1.04167e+10 
0.00628646 -0.0126831 0.00966106 -0.0118677 0.0075 -0.00909327 0 0 0 0 0 0 1.04167e+10 1.04167e+10 1.04167e+10 
0.00628646 -0.0126831 0.00325488 -0.0101748 0.0026048 -0.0130981 0 0 0 0 0 0 1.04167e+10 1.04167e+10 1.04167e+10 
0.00628646 -0.0126831 0.0075 -0.00909327 0.00325488 -0.0101748 0 0 0 0 0 0 1.04167e+10 1.04167e+10 1.04167e+10 
0.00628646 -0.0126831 0.00813133 -0.0156069 0.00966106 -0.0118677 0 0 0 0 0 0 1.04167e+10 1.04167e+10 1.04167e+10 
0.00628646 -0.0126831 0.0026048 -0.0130981 0.00342688 -0.0163393 0 0 0 0 0 0 1.04167e+10 1.04167e+10 1.04167e+10 
0.00628646 -0.0126831 0.00342688 -0.0163393 0.00813133 -0.0156069 0 0 0 0 0 0 1.04167e+10 1.04167e+10 1.04167e+10 
0.0189495 -0.00845287 0.02 -0.00909091 0.02 -0.00545455 0 0 0 0 0 0 1.04167e+10 1.04167e+10 1.04167e+10 
0.0189495 -0.00845287 0.02 -0.00545455 0.0168366 -0.0047635 0 0 0 0 0 0 1.04167e+10 1.04167e+10 1.04167e+10 
0.0189495 -0.00845287 0.0168366 -0.0047635 0.014106 -0.00823521 0 0 0 0 0 0 1.04167e+10 1.04167e+10 1.04167e+10 
0.0189495 -0.00845287 0.0169941 -0.0122365 0.02 -0.00909091 0 0 0 0 0 0 1.04167e+10 1.04167e+10 1.04167e+10 
0.0189495 -0.00845287 0.014106 -0.00823521 0.0169941 -0.0122365 0 0 0 0 0 0 1.04167e+10 1.04167e+10 1.04167e+10 
-0.02 0.00545455 -0.02 0.00181818 -0.0178101 0.00524216 0 0 0 0 0 0 1.04167e+10 1.04167e+10 1.04167e+10 
-0.02 0.00545455 -0.0178101 0.00524216 -0.02 0.00909091 0 0 0 0 0 0 1.04167e+10 1.04167e+10 1.04167e+10 
-0.00545455 -0.02 -0.00181818 -0.02 -0.00400405 -0.0162655 0 0 0 0 0 0 1.04167e+10 1.04167e+10 1.04167e+10 
-0.00545455 -0.02 -0.00753596 -0.0158759 -0.00909091 -0.02 0 0 0 0 0 0 1.04167e+10 1.04167e+10 1.04167e+10 
-0.00545455 -0.02 -0.00400405 -0.0162655 -0.00753596 -0.0158759 0 0 0 0 0 0 1.04167e+10 1.04167e+10 1.04167e+10 
-0.012793 -0.00517024 -0.0141635 -0.00332078 -0.0140954 -0.00359121 0 0 0 0 0 0 3.125e+10 3.125e+10 3.125e+10 
-0.012793 -0.00517024 -0.005 -0.005 -0.00374421 -0.00135836 0 0 0 0 0 0 3.125e+10 3.125e+10 3.125e+10 
-0.012793 -0.00517024 -0.0114907 -0.00674927 -0.005 -0.005 0 0 0 0 0 0 3.125e+10 3.125e+10 3.125e+10 
-0.012793 -0.00517024 -0.0149031 -0.00935917 -0.0114907 -0.00674927 0 0 0 0 0 0 1.04167e+10 1.04167e+10 1.04167e+10 
-0.00935378 0.0168142 -0.0117743 0.0134965 -0.00706565 0.0121461 0 0 0 0 0 0 1.04167e+10 1.04167e+10 1.04167e+10 
-0.00935378 0.0168142 -0.00706565 0.0121461 -0.00426684 0.017137 0 0 0 0 0 0 1.04167e+10 1.04167e+10 1.04167e+10 
-0.00935378 0.0168142 -0.00545455 0.02 -0.00909091 0.02 0 0 0 0 0 0 1.04167e+10 1.04167e+10 1.04167e+10 
-0.00935378 0.0168142 -0.00426684 0.017137 -0.00545455 0.02 0 0 0 0 0 0 1.04167e+10 1.04167e+10 1.04167e+10 
0.00181818 0.02 -0.00181818 0.02 -0.000557688 0.0169655 0 0 0 0 0 0 1.04167e+10 1.04167e+10 1.04167e+10 
0.00181818 0.02 -0.000557688 0.0169655 0.0032717 0.0168069 0 0 0 0 0 0 1.04167e+10 1.04167e+10 1.04167e+10 
0.00181818 0.02 0.0032717 0.0168069 0.00545455 0.02 0 0 0 0 0 0 1.04167e+10 1.04167e+10 1.04167e+10 
-0.0154972 0.00994074 -0.0114907 0.00674927 -0.0118919 0.00956315 0 0 0 0 0 0 1.04167e+10 1.04167e+10 1.04167e+10 
-0.0154972 0.00994074 -0.0118919 0.00956315 -0.0138354 0.0119497 0 0 0 0 0 0 1.04167e+10 1.04167e+10 1.04167e+10 
-0.0154972 0.00994074 -0.0138354 0.0119497 -0.0172404 0.0119165 0 0 0 0 0 0 1.04167e+10 1.04167e+10 1.04167e+10 
-0.0154972 0.00994074 -0.0172404 0.0119165 -0.02 0.00909091 0 0 0 0 0 0 1.04167e+10 1.04167e+10 1.04167e+10 
-0.0154972 0.00994074 -0.02 0.00909091 -0.0178101 0.00524216 0 0 0 0 0 0 1.04167e+10 1.04167e+10 1.04167e+10 
-0.0154972 0.00994074 -0.0178101 0.00524216 -0.0140954 0.00359121 0 0 0 0 0 0 1.04167e+10 1.04167e+10 1.04167e+10 
-0.0154972 0.00994074 -0.0140954 0.00359121 -0.0114907 0.00674927 0 0 0 0 0 0 1.04167e+10 1.04167e+10 1.04167e+10 
-0.00203344 0.00641268 -0.00374421 -0.00135836 0.00276656 0.00205342 0 0 0 0 0 0 3.125e+10 3.125e+10 3.125e+10 
-0.00203344 0.00641268 -0.00796656 0.00641268 -0.00374421 -0.00135836 0 0 0 0 0 0 3.125e+10 3.125e+10 3.125e+10 
-0.00203344 0.00641268 -0.00260472 0.0103405 -0.0075 0.00909327 0 0 0 0 0 0 2.08333e+10 2.08333e+10 2.08333e+10 
-0.00203344 0.00641268 -0.0075 0.00909327 -0.00796656 0.00641268 0 0 0 0 0 0 2.08333e+10 2.08333e+10 2.08333e+10 
-0.00203344 0.00641268 0.00260472 0.0103405 -0.00260472 0.0103405 0 0 0 0 0 0 2.08333e+10 2.08333e+10 2.08333e+10 
-0.00203344 0.00641268 0.00276656 0.00205342 0.00260472 0.0103405 0 0 0 0 0 0 2.08333e+10 2.08333e+10 2.08333e+10 
0.0175776 -0.00112534 0.0168366 -0.0047635 0.02 -0.00181818 0 0 0 0 0 0 1.04167e+10 1.04167e+10 1.04167e+10 
0.0175776 -0.00112534 0.02 -0.00181818 0.02 0.00181818 0 0 0 0 0 0 1.04167e+10 1.04167e+10 1.04167e+10 
0.0175776 -0.00112534 0.02 0.00181818 0.0178268 0.0026091 0 0 0 0 0 0 1.04167e+10 1.04167e+10 1.04167e+10 
0.0175776 -0.00112534 0.0178268 0.0026091 0.015 0 0 0 0 0 0 0 1.04167e+10 1.04167e+10 1.04167e+10 
0.0175776 -0.00112534 0.0140954 -0.00359121 0.0168366 -0.0047635 0 0 0 0 0 0 1.04167e+10 1.04167e+10 1.04167e+10 
0.0175776 -0.00112534 0.015 0 0.0140954 -0.00359121 0 0 0 0 0 0 1.04167e+10 1.04167e+10 1.04167e+10 
-0.0127666 0.00205342 -0.015 1.28588e-18 -0.0141635 -0.00332078 0 0 0 0 0 0 2.08333e+10 2.08333e+10 2.08333e+10 
-0.0127666 0.00205342 -0.00374421 -0.00135836 -0.00796656 0.00641268 0 0 0 0 0 0 3.125e+10 3.125e+10 3.125e+10 
-0.0127666 0.00205342 -0.0140954 0.00359121 -0.015 1.28588e-18 0 0 0 0 0 0 2.08333e+10 2.08333e+10 2.08333e+10 
-0.0127666 0.00205342 -0.0141635 -0.00332078 -0.012793 -0.00517024 0 0 0 0 0 0 3.125e+10 3.125e+10 3.125e+10 
-0.0127666 0.00205342 -0.012793 -0.00517024 -0.00374421 -0.00135836 0 0 0 0 0 0 3.125e+10 3.125e+10 3.125e+10 
-0.0127666 0.00205342 -0.00796656 0.00641268 -0.0114907 0.00674927 0 0 0 0 0 0 2.08333e+10 2.08333e+10 2.08333e+10 
-0.0127666 0.00205342 -0.0114907 0.00674927 -0.0140954 0.00359121 0 0 0 0 0 0 2.08333e+10 2.08333e+10 2.08333e+10 
-0.02 -0.00181818 -0.02 -0.00545455 -0.0175469 -0.00212666 0 0 0 0 0 0 1.04167e+10 1.04167e+10 1.04167e+10 
-0.02 -0.00181818 -0.0175469 -0.00212666 -0.02 0.00181818 0 0 0 0 0 0 1.04167e+10 1.04167e+10 1.04167e+10 
-0.02 -0.0163636 -0.02 -0.02 -0.0175269 -0.0165557 0 0 0 0 0 0 1.04167e+10 1.04167e+10 1.04167e+10 
-0.02 -0.0163636 -0.0175269 -0.0165557 -0.02 -0.0127273 0 0 0 0 0 0 1.04167e+10 1.04167e+10 1.04167e+10 
0.0142182 0.00855332 0.0176545 0.00840994 0.0146378 0.0131951 0 0 0 0 0 0 1.04167e+10 1.04167e+10 1.04167e+10 
0.0142182 0.00855332 0.0146378 0.0131951 0.0112862 0.0119993 0 0 0 0 0 0 1.04167e+10 1.04167e+10 1.04167e+10 
0.0142182 0.00855332 0.0112862 0.0119993 0.0114907 0.00674927 0 0 0 0 0 0 1.04167e+10 1.04167e+10 1.04167e+10 
0.0142182 0.00855332 0.0114907 0.00674927 0.0140954 0.00359121 0 0 0 0 0 0 1.04167e+10 1.04167e+10 1.04167e+10 
0.0142182 0.00855332 0.0140954 0.00359121 0.0187596 0.00587755 0 0 0 0 0 0 1.04167e+10 1.04167e+10 1.04167e+10 
0.0142182 0.00855332 0.0187596 0.00587755 0.0176545 0.00840994 0 0 0 0 0 0 1.04167e+10 1.04167e+10 1.04167e+10 
-0.0116949 0.016598 -0.00909091 0.02 -0.0127273 0.02 0 0 0 0 0 0 1.04167e+10 1.04167e+10 1.04167e+10 
-0.0116949 0.016598 -0.00935378 0.0168142 -0.00909091 0.02 0 0 0 0 0 0 1.04167e+10 1.04167e+10 1.04167e+10 
-0.0116949 0.016598 -0.0156419 0.0170502 -0.0117743 0.0134965 0 0 0 0 0 0 1.04167e+10 1.04167e+10 1.04167e+10 
-0.0116949 0.016598 -0.0117743 0.0134965 -0.00935378 0.0168142 0 0 0 0 0 0 1.04167e+10 1.04167e+10 1.04167e+10 
-0.0116949 0.016598 -0.0127273 0.02 -0.0156419 0.0170502 0 0 0 0 0 0 1.04167e+10 1.04167e+10 1.04167e+10 
-0.0162061 -0.00538225 -0.02 -0.00545455 -0.0183269 -0.00837904 0 0 0 0 0 0 1.04167e+10 1.04167e+10 1.04167e+10 
-0.0162061 -0.00538225 -0.0183269 -0.00837904 -0.0149031 -0.00935917 0 0 0 0 0 0 1.04167e+10 1.04167e+10 1.04167e+10 
-0.0162061 -0.00538225 -0.0175469 -0.00212666 -0.02 -0.00545455 0 0 0 0 0 0 1.04167e+10 1.04167e+10 1.04167e+10 
-0.0162061 -0.00538225 -0.0141635 -0.00332078 -0.0175469 -0.00212666 0 0 0 0 0 0 1.04167e+10 1.04167e+10 1.04167e+10 
-0.0162061 -0.00538225 -0.0140954 -0.00359121 -0.0141635 -0.00332078 0 0 0 0 0 0 1.04167e+10 1.04167e+10 1.04167e+10 
-0.0162061 -0.00538225 -0.012793 -0.00517024 -0.0140954 -0.00359121 0 0 0 0 0 0 1.04167e+10 1.04167e+10 1.04167e+10 
-0.0162061 -0.00538225 -0.0149031 -0.00935917 -0.012793 -0.00517024 0 0 0 0 0 0 1.04167e+10 1.04167e+10 1.04167e+10 
0.0173387 -0.0168311 0.02 -0.0163636 0.02 -0.0127273 0 0 0 0 0 0 1.04167e+10 1.04167e+10 1.04167e+10 
0.0173387 -0.0168311 0.02 -0.0127273 0.0169941 -0.0122365 0 0 0 0 0 0 1.04167e+10 1.04167e+10 1.04167e+10 
0.0173387 -0.0168311 0.02 -0.02 0.02 -0.0163636 0 0 0 0 0 0 1.04167e+10 1.04167e+10 1.04167e+10 
0.0173387 -0.0168311 0.0169941 -0.0122365 0.0139302 -0.0161691 0 0 0 0 0 0 1.04167e+10 1.04167e+10 1.04167e+10 
-0.0127273 -0.02 -0.00909091 -0.02 -0.0101243 -0.0169135 0 0 0 0 0 0 1.04167e+10 1.04167e+10 1.04167e+10 
-0.0127273 -0.02 -0.0139944 -0.015821 -0.0163636 -0.02 0 0 0 0 0 0 1.04167e+10 1.04167e+10 1.04167e+10 
-0.0127273 -0.02 -0.0101243 -0.0169135 -0.0139944 -0.015821 0 0 0 0 0 0 1.04167e+10 1.04167e+10 1.04167e+10 
0.0163636 -0.02 0.02 -0.02 0.0173387 -0.0168311 0 0 0 0 0 0 1.04167e+10 1.04167e+10 1.04167e+10 
0.0163636 -0.02 0.0173387 -0.0168311 0.0139302 -0.0161691 0 0 0 0 0 0 1.04167e+10 1.04167e+10 1.04167e+10 
-0.00421249 0.0125303 -0.000557688 0.0169655 -0.00426684 0.017137 0 0 0 0 0 0 1.04167e+10 1.04167e+10 1.04167e+10 
-0.00421249 0.0125303 0.000787321 0.0133085 -0.000557688 0.0169655 0 0 0 0 0 0 1.04167e+10 1.04167e+10 1.04167e+10 
-0.00421249 0.0125303 -0.00706565 0.0121461 -0.0075 0.00909327 0 0 0 0 0 0 1.04167e+10 1.04167e+10 1.04167e+10 
-0.00421249 0.0125303 -0.0075 0.00909327 -0.00260472 0.0103405 0 0 0 0 0 0 1.04167e+10 1.04167e+10 1.04167e+10 
-0.00421249 0.0125303 -0.00426684 0.017137 -0.00706565 0.0121461 0 0 0 0 0 0 1.04167e+10 1.04167e+10 1.04167e+10 
-0.00421249 0.0125303 -0.00260472 0.0103405 0.000787321 0.0133085 0 0 0 0 0 0 1.04167e+10 1.04167e+10 1.04167e+10 
0.0127273 -0.02 0.0139302 -0.0161691 0.0111922 -0.0159686 0 0 0 0 0 0 1.04167e+10 1.04167e+10 1.04167e+10 
0.0127273 -0.02 0.0111922 -0.0159686 0.00909091 -0.02 0 0 0 0 0 0 1.04167e+10 1.04167e+10 1.04167e+10 
0.0127273 -0.02 0.0163636 -0.02 0.0139302 -0.0161691 0 0 0 0 0 0 1.04167e+10 1.04167e+10 1.04167e+10 
