TRIANGLES
740
3
3
-0.02 0.0184 -0.0184 0.02 -0.02 0.02 0 0 0 0 0 0 1.04167e+10 1.04167e+10 1.04167e+10 
-0.0188929 0.0172559 -0.0184 0.02 -0.02 0.0184 0 0 0 0 0 0 1.04167e+10 1.04167e+10 1.04167e+10 
-0.0144307 0.00321818 -0.0127808 0.00264271 -0.0131886 0.00425716 0 0 0 0 0 0 2.08333e+10 2.08333e+10 2.08333e+10 
-0.00247617 0.014649 0.000770762 0.0147109 -0.00119626 0.0171979 0 0 0 0 0 0 1.04167e+10 1.04167e+10 1.04167e+10 
0.0139377 0.0177711 0.0130393 0.0145943 0.0151878 0.0152435 0 0 0 0 0 0 1.04167e+10 1.04167e+10 1.04167e+10 
-0.0164892 0.0175984 -0.0184 0.02 -0.0188929 0.0172559 0 0 0 0 0 0 1.04167e+10 1.04167e+10 1.04167e+10 
0.00565695 0.00504204 0.00349787 0.0048129 0.00440324 0.00354375 0 0 0 0 0 0 1.04167e+10 1.04167e+10 1.04167e+10 
0.0164481 0.0173355 0.0139377 0.0177711 0.0151878 0.0152435 0 0 0 0 0 0 1.04167e+10 1.04167e+10 1.04167e+10 
0.0139431 0.0124497 0.0151878 0.0152435 0.0130393 0.0145943 0 0 0 0 0 0 1.04167e+10 1.04167e+10 1.04167e+10 
0.00645522 -0.00539447 0.00754604 -0.00606405 0.00831492 -0.00425185 0 0 0 0 0 0 2.08333e+10 2.08333e+10 2.08333e+10 
-0.012 -0.02 -0.0113692 -0.0172653 -0.0133648 -0.0177646 0 0 0 0 0 0 1.04167e+10 1.04167e+10 1.04167e+10 
-0.012 -0.02 -0.0133648 -0.0177646 -0.0136 -0.02 0 0 0 0 0 0 1.04167e+10 1.04167e+10 1.04167e+10 
0.00777504 0.015331 0.00838257 0.0121092 0.0102637 0.0152755 0 0 0 0 0 0 1.04167e+10 1.04167e+10 1.04167e+10 
0.00777504 0.015331 0.00610473 0.0177077 0.00568592 0.014817 0 0 0 0 0 0 1.04167e+10 1.04167e+10 1.04167e+10 
0.00288402 0.0147598 0.00360154 0.0126375 0.00568592 0.014817 0 0 0 0 0 0 1.04167e+10 1.04167e+10 1.04167e+10 
-0.00898719 0.0174135 -0.0063863 0.0174423 -0.0072 0.02 0 0 0 0 0 0 1.04167e+10 1.04167e+10 1.04167e+10 
0.0166744 -0.0124224 0.0189126 -0.0121862 0.017896 -0.00977208 0 0 0 0 0 0 1.04167e+10 1.04167e+10 1.04167e+10 
-0.0045088 -0.0137039 -0.00509209 -0.0154331 -0.00344708 -0.014959 0 0 0 0 0 0 2.08333e+10 2.08333e+10 2.08333e+10 
-0.00396038 0.0174 -0.00247617 0.014649 -0.00119626 0.0171979 0 0 0 0 0 0 1.04167e+10 1.04167e+10 1.04167e+10 
-0.00675571 -0.000718494 -0.00486416 -0.000135038 -0.00689591 0.000802801 0 0 0 0 0 0 2.60417e+10 2.60417e+10 2.60417e+10 
-0.00675571 -0.000718494 -0.00689591 0.000802801 -0.00817526 1.18901e-05 0 0 0 0 0 0 2.60417e+10 2.60417e+10 2.60417e+10 
-0.00699594 0.0150842 -0.00898719 0.0174135 -0.00950399 0.0150225 0 0 0 0 0 0 1.04167e+10 1.04167e+10 1.04167e+10 
-0.00699594 0.0150842 -0.0063863 0.0174423 -0.00898719 0.0174135 0 0 0 0 0 0 1.04167e+10 1.04167e+10 1.04167e+10 
0.00156008 0.000177232 -0.000809541 0.00259324 -0.000928351 0.000322233 0 0 0 0 0 0 2.60417e+10 2.60417e+10 2.60417e+10 
0.0150528 -0.0103272 0.0166744 -0.0124224 0.017896 -0.00977208 0 0 0 0 0 0 1.04167e+10 1.04167e+10 1.04167e+10 
0.0138883 -0.00273701 0.0154695 -0.0050415 0.0164505 -0.00266024 0 0 0 0 0 0 1.04167e+10 1.04167e+10 1.04167e+10 
-0.0088 0.02 -0.00898719 0.0174135 -0.0072 0.02 0 0 0 0 0 0 1.04167e+10 1.04167e+10 1.04167e+10 
-0.0139055 0.0121628 -0.0121205 0.0147111 -0.0147713 0.0153401 0 0 0 0 0 0 1.04167e+10 1.04167e+10 1.04167e+10 
-0.00294736 0.00179468 -0.000928351 0.000322233 -0.000809541 0.00259324 0 0 0 0 0 0 2.60417e+10 2.60417e+10 2.60417e+10 
-0.000672987 -0.00196987 0.00156008 0.000177232 -0.000928351 0.000322233 0 0 0 0 0 0 2.60417e+10 2.60417e+10 2.60417e+10 
0.0168 -0.02 0.0184 -0.02 0.0167116 -0.0177465 0 0 0 0 0 0 1.04167e+10 1.04167e+10 1.04167e+10 
0.0189027 0.0170678 0.0184 0.02 0.0164481 0.0173355 0 0 0 0 0 0 1.04167e+10 1.04167e+10 1.04167e+10 
-0.0163157 -0.0027271 -0.0165729 -0.000529327 -0.0179548 -0.00162563 0 0 0 0 0 0 2.08333e+10 2.08333e+10 2.08333e+10 
-0.018157 0.000101232 -0.0165729 -0.000529327 -0.0169149 0.00114021 0 0 0 0 0 0 2.08333e+10 2.08333e+10 2.08333e+10 
-0.018157 0.000101232 -0.0179548 -0.00162563 -0.0165729 -0.000529327 0 0 0 0 0 0 2.08333e+10 2.08333e+10 2.08333e+10 
-0.00801726 -0.00112532 -0.00675571 -0.000718494 -0.00817526 1.18901e-05 0 0 0 0 0 0 2.60417e+10 2.60417e+10 2.60417e+10 
-0.0108847 0.00422873 -0.0131886 0.00425716 -0.0127808 0.00264271 0 0 0 0 0 0 2.08333e+10 2.08333e+10 2.08333e+10 
-0.0104 -0.02 -0.0113692 -0.0172653 -0.012 -0.02 0 0 0 0 0 0 1.04167e+10 1.04167e+10 1.04167e+10 
0.0158242 0.00985846 0.0139431 0.0124497 0.0131007 0.0101213 0 0 0 0 0 0 1.04167e+10 1.04167e+10 1.04167e+10 
0.0155856 -0.000277764 0.0138883 -0.00273701 0.0164505 -0.00266024 0 0 0 0 0 0 1.04167e+10 1.04167e+10 1.04167e+10 
0.0155856 -0.000277764 0.0164505 -0.00266024 0.0180066 -0.000401744 0 0 0 0 0 0 1.04167e+10 1.04167e+10 1.04167e+10 
-0.02 0.0168 -0.0188929 0.0172559 -0.02 0.0184 0 0 0 0 0 0 1.04167e+10 1.04167e+10 1.04167e+10 
-0.02 0.0168 -0.02 0.0152 -0.0188929 0.0172559 0 0 0 0 0 0 1.04167e+10 1.04167e+10 1.04167e+10 
0.02 -0.0088 0.0187927 -0.00786905 0.017896 -0.00977208 0 0 0 0 0 0 1.04167e+10 1.04167e+10 1.04167e+10 
-0.0141968 -0.00147516 -0.0163157 -0.0027271 -0.0138202 -0.00469312 0 0 0 0 0 0 2.08333e+10 2.08333e+10 2.08333e+10 
-0.0141968 -0.00147516 -0.0165729 -0.000529327 -0.0163157 -0.0027271 0 0 0 0 0 0 2.08333e+10 2.08333e+10 2.08333e+10 
0.0034614 -0.0174064 0.0024 -0.02 0.004 -0.02 0 0 0 0 0 0 1.04167e+10 1.04167e+10 1.04167e+10 
0.0126109 -0.00964405 0.011412 -0.00709102 0.0104494 -0.0100731 0 0 0 0 0 0 1.04167e+10 1.04167e+10 1.04167e+10 
0.0126109 -0.00964405 0.013897 -0.00727273 0.011412 -0.00709102 0 0 0 0 0 0 1.04167e+10 1.04167e+10 1.04167e+10 
0.0126109 -0.00964405 0.0150528 -0.0103272 0.013897 -0.00727273 0 0 0 0 0 0 1.04167e+10 1.04167e+10 1.04167e+10 
0.0151049 0.00480217 0.0128984 0.00506667 0.0139207 0.00231518 0 0 0 0 0 0 1.04167e+10 1.04167e+10 1.04167e+10 
0.0159417 0.0125784 0.0151878 0.0152435 0.0139431 0.0124497 0 0 0 0 0 0 1.04167e+10 1.04167e+10 1.04167e+10 
0.0159417 0.0125784 0.0139431 0.0124497 0.0158242 0.00985846 0 0 0 0 0 0 1.04167e+10 1.04167e+10 1.04167e+10 
0.02 0.0184 0.02 0.02 0.0184 0.02 0 0 0 0 0 0 1.04167e+10 1.04167e+10 1.04167e+10 
0.02 0.0184 0.0184 0.02 0.0189027 0.0170678 0 0 0 0 0 0 1.04167e+10 1.04167e+10 1.04167e+10 
-0.00655504 -0.0142937 -0.00509209 -0.0154331 -0.0045088 -0.0137039 0 0 0 0 0 0 2.08333e+10 2.08333e+10 2.08333e+10 
0.0186252 -0.002735 0.0180066 -0.000401744 0.0164505 -0.00266024 0 0 0 0 0 0 1.04167e+10 1.04167e+10 1.04167e+10 
0.0182479 0.00968157 0.0158242 0.00985846 0.0163703 0.00728904 0 0 0 0 0 0 1.04167e+10 1.04167e+10 1.04167e+10 
0.0182479 0.00968157 0.0188438 0.0125262 0.0159417 0.0125784 0 0 0 0 0 0 1.04167e+10 1.04167e+10 1.04167e+10 
0.0182479 0.00968157 0.0159417 0.0125784 0.0158242 0.00985846 0 0 0 0 0 0 1.04167e+10 1.04167e+10 1.04167e+10 
-0.00628184 -0.00225991 -0.00486416 -0.000135038 -0.00675571 -0.000718494 0 0 0 0 0 0 2.60417e+10 2.60417e+10 2.60417e+10 
0.0101763 0.00984776 0.0112716 0.0073556 0.0131007 0.0101213 0 0 0 0 0 0 1.04167e+10 1.04167e+10 1.04167e+10 
0.0101763 0.00984776 0.00906972 0.00777836 0.0112716 0.0073556 0 0 0 0 0 0 1.04167e+10 1.04167e+10 1.04167e+10 
-0.00192451 -0.00367534 0.000789992 -0.00388685 -0.000672987 -0.00196987 0 0 0 0 0 0 2.60417e+10 2.60417e+10 2.60417e+10 
-0.0159771 0.0127401 -0.0139055 0.0121628 -0.0147713 0.0153401 0 0 0 0 0 0 1.04167e+10 1.04167e+10 1.04167e+10 
-0.00483833 0.00213566 -0.00673302 0.00263582 -0.00689591 0.000802801 0 0 0 0 0 0 2.60417e+10 2.60417e+10 2.60417e+10 
-0.00483833 0.00213566 -0.00689591 0.000802801 -0.00486416 -0.000135038 0 0 0 0 0 0 2.60417e+10 2.60417e+10 2.60417e+10 
-0.00483833 0.00213566 -0.00486416 -0.000135038 -0.00294736 0.00179468 0 0 0 0 0 0 2.60417e+10 2.60417e+10 2.60417e+10 
0.000924614 0.0123975 0.00360154 0.0126375 0.00288402 0.0147598 0 0 0 0 0 0 1.04167e+10 1.04167e+10 1.04167e+10 
0.000924614 0.0123975 0.00288402 0.0147598 0.000770762 0.0147109 0 0 0 0 0 0 1.04167e+10 1.04167e+10 1.04167e+10 
-0.00736526 0.00529407 -0.00601811 0.00700495 -0.00774023 0.00718953 0 0 0 0 0 0 2.08333e+10 2.08333e+10 2.08333e+10 
-0.0168 0.02 -0.0184 0.02 -0.0164892 0.0175984 0 0 0 0 0 0 1.04167e+10 1.04167e+10 1.04167e+10 
0.0180102 0.0152941 0.0164481 0.0173355 0.0151878 0.0152435 0 0 0 0 0 0 1.04167e+10 1.04167e+10 1.04167e+10 
0.0180102 0.0152941 0.0189027 0.0170678 0.0164481 0.0173355 0 0 0 0 0 0 1.04167e+10 1.04167e+10 1.04167e+10 
0.0180102 0.0152941 0.0151878 0.0152435 0.0159417 0.0125784 0 0 0 0 0 0 1.04167e+10 1.04167e+10 1.04167e+10 
0.0180102 0.0152941 0.0159417 0.0125784 0.0188438 0.0125262 0 0 0 0 0 0 1.04167e+10 1.04167e+10 1.04167e+10 
-0.000905466 0.0121447 0.000770762 0.0147109 -0.00247617 0.014649 0 0 0 0 0 0 1.04167e+10 1.04167e+10 1.04167e+10 
-0.000905466 0.0121447 0.000924614 0.0123975 0.000770762 0.0147109 0 0 0 0 0 0 1.04167e+10 1.04167e+10 1.04167e+10 
-0.000905466 0.0121447 0.000735157 0.01011 0.000924614 0.0123975 0 0 0 0 0 0 1.04167e+10 1.04167e+10 1.04167e+10 
0.0184698 0.00712598 0.02 0.0072 0.02 0.0088 0 0 0 0 0 0 1.04167e+10 1.04167e+10 1.04167e+10 
0.0184698 0.00712598 0.02 0.0088 0.0182479 0.00968157 0 0 0 0 0 0 1.04167e+10 1.04167e+10 1.04167e+10 
0.0184698 0.00712598 0.0182479 0.00968157 0.0163703 0.00728904 0 0 0 0 0 0 1.04167e+10 1.04167e+10 1.04167e+10 
-0.010978 0.017692 -0.0121205 0.0147111 -0.00950399 0.0150225 0 0 0 0 0 0 1.04167e+10 1.04167e+10 1.04167e+10 
-0.010978 0.017692 -0.00950399 0.0150225 -0.00898719 0.0174135 0 0 0 0 0 0 1.04167e+10 1.04167e+10 1.04167e+10 
0.0113421 0.00258156 0.0139207 0.00231518 0.0128984 0.00506667 0 0 0 0 0 0 1.04167e+10 1.04167e+10 1.04167e+10 
-0.0030469 -0.00537185 -0.0048023 -0.00595897 -0.00374728 -0.00651488 0 0 0 0 0 0 2.60417e+10 2.60417e+10 2.60417e+10 
0.0104 -0.02 0.0109746 -0.0175867 0.0088 -0.02 0 0 0 0 0 0 1.04167e+10 1.04167e+10 1.04167e+10 
0.0104 -0.02 0.012 -0.02 0.0109746 -0.0175867 0 0 0 0 0 0 1.04167e+10 1.04167e+10 1.04167e+10 
-0.0024 0.02 -0.00119626 0.0171979 -0.0008 0.02 0 0 0 0 0 0 1.04167e+10 1.04167e+10 1.04167e+10 
-0.0024 0.02 -0.00396038 0.0174 -0.00119626 0.0171979 0 0 0 0 0 0 1.04167e+10 1.04167e+10 1.04167e+10 
-0.0024 0.02 -0.004 0.02 -0.00396038 0.0174 0 0 0 0 0 0 1.04167e+10 1.04167e+10 1.04167e+10 
-0.0140665 0.0176528 -0.0147713 0.0153401 -0.0121205 0.0147111 0 0 0 0 0 0 1.04167e+10 1.04167e+10 1.04167e+10 
-0.0140665 0.0176528 -0.0121205 0.0147111 -0.010978 0.017692 0 0 0 0 0 0 1.04167e+10 1.04167e+10 1.04167e+10 
-0.0140665 0.0176528 -0.0164892 0.0175984 -0.0147713 0.0153401 0 0 0 0 0 0 1.04167e+10 1.04167e+10 1.04167e+10 
-0.02 -0.004 -0.02 -0.0056 -0.0175505 -0.00507936 0 0 0 0 0 0 1.04167e+10 1.04167e+10 1.04167e+10 
-0.0137461 -0.0103151 -0.0140278 -0.0118735 -0.0119483 -0.0113097 0 0 0 0 0 0 2.08333e+10 2.08333e+10 2.08333e+10 
-0.00269852 -0.00056589 -0.000928351 0.000322233 -0.00294736 0.00179468 0 0 0 0 0 0 2.60417e+10 2.60417e+10 2.60417e+10 
-0.00269852 -0.00056589 -0.00294736 0.00179468 -0.00486416 -0.000135038 0 0 0 0 0 0 2.60417e+10 2.60417e+10 2.60417e+10 
-0.00269852 -0.00056589 -0.000672987 -0.00196987 -0.000928351 0.000322233 0 0 0 0 0 0 2.60417e+10 2.60417e+10 2.60417e+10 
-0.00269852 -0.00056589 -0.00192451 -0.00367534 -0.000672987 -0.00196987 0 0 0 0 0 0 2.60417e+10 2.60417e+10 2.60417e+10 
-0.0183731 -0.0121929 -0.02 -0.012 -0.02 -0.0136 0 0 0 0 0 0 1.04167e+10 1.04167e+10 1.04167e+10 
-0.0147194 0.00981474 -0.0122475 0.00964226 -0.0139055 0.0121628 0 0 0 0 0 0 1.04167e+10 1.04167e+10 1.04167e+10 
-0.0147194 0.00981474 -0.0140046 0.00766116 -0.0122475 0.00964226 0 0 0 0 0 0 1.04167e+10 1.04167e+10 1.04167e+10 
-0.0147194 0.00981474 -0.0159771 0.0127401 -0.0174431 0.0101288 0 0 0 0 0 0 1.04167e+10 1.04167e+10 1.04167e+10 
-0.0147194 0.00981474 -0.0139055 0.0121628 -0.0159771 0.0127401 0 0 0 0 0 0 1.04167e+10 1.04167e+10 1.04167e+10 
0.00903557 -0.00729643 0.0104494 -0.0100731 0.011412 -0.00709102 0 0 0 0 0 0 1.04167e+10 1.04167e+10 1.04167e+10 
0.0152 -0.02 0.0168 -0.02 0.0167116 -0.0177465 0 0 0 0 0 0 1.04167e+10 1.04167e+10 1.04167e+10 
-0.0170168 0.0148792 -0.0164892 0.0175984 -0.0188929 0.0172559 0 0 0 0 0 0 1.04167e+10 1.04167e+10 1.04167e+10 
-0.0170168 0.0148792 -0.0147713 0.0153401 -0.0164892 0.0175984 0 0 0 0 0 0 1.04167e+10 1.04167e+10 1.04167e+10 
-0.0170168 0.0148792 -0.0188929 0.0172559 -0.02 0.0152 0 0 0 0 0 0 1.04167e+10 1.04167e+10 1.04167e+10 
-0.0170168 0.0148792 -0.0159771 0.0127401 -0.0147713 0.0153401 0 0 0 0 0 0 1.04167e+10 1.04167e+10 1.04167e+10 
-0.0170168 0.0148792 -0.02 0.0152 -0.02 0.0136 0 0 0 0 0 0 1.04167e+10 1.04167e+10 1.04167e+10 
0.0186259 0.00222853 0.0180066 -0.000401744 0.02 0.0008 0 0 0 0 0 0 1.04167e+10 1.04167e+10 1.04167e+10 
0.0186259 0.00222853 0.02 0.0008 0.02 0.0024 0 0 0 0 0 0 1.04167e+10 1.04167e+10 1.04167e+10 
-0.002111 0.00970011 0.000735157 0.01011 -0.000905466 0.0121447 0 0 0 0 0 0 1.04167e+10 1.04167e+10 1.04167e+10 
-0.00776849 0.0040169 -0.00804277 0.00275049 -0.00673302 0.00263582 0 0 0 0 0 0 2.60417e+10 2.60417e+10 2.60417e+10 
0.02 0.0136 0.0180102 0.0152941 0.0188438 0.0125262 0 0 0 0 0 0 1.04167e+10 1.04167e+10 1.04167e+10 
-0.02 -0.0184 -0.02 -0.02 -0.0184 -0.02 0 0 0 0 0 0 1.04167e+10 1.04167e+10 1.04167e+10 
-0.0101506 -0.0123044 -0.0096534 -0.0142938 -0.0083528 -0.0132991 0 0 0 0 0 0 2.08333e+10 2.08333e+10 2.08333e+10 
0.017671 -0.0145882 0.0189126 -0.0121862 0.0166744 -0.0124224 0 0 0 0 0 0 1.04167e+10 1.04167e+10 1.04167e+10 
0.02 -0.0104 0.017896 -0.00977208 0.0189126 -0.0121862 0 0 0 0 0 0 1.04167e+10 1.04167e+10 1.04167e+10 
0.02 -0.0104 0.02 -0.0088 0.017896 -0.00977208 0 0 0 0 0 0 1.04167e+10 1.04167e+10 1.04167e+10 
-0.02 0.0104 -0.02 0.0088 -0.0174431 0.0101288 0 0 0 0 0 0 1.04167e+10 1.04167e+10 1.04167e+10 
-0.0170014 -0.0151785 -0.02 -0.0136 -0.02 -0.0152 0 0 0 0 0 0 1.04167e+10 1.04167e+10 1.04167e+10 
-0.0170014 -0.0151785 -0.0183731 -0.0121929 -0.02 -0.0136 0 0 0 0 0 0 1.04167e+10 1.04167e+10 1.04167e+10 
0.00367019 0.0173969 0.004 0.02 0.0024 0.02 0 0 0 0 0 0 1.04167e+10 1.04167e+10 1.04167e+10 
0.00367019 0.0173969 0.00568592 0.014817 0.00610473 0.0177077 0 0 0 0 0 0 1.04167e+10 1.04167e+10 1.04167e+10 
0.00367019 0.0173969 0.00288402 0.0147598 0.00568592 0.014817 0 0 0 0 0 0 1.04167e+10 1.04167e+10 1.04167e+10 
0.00367019 0.0173969 0.00610473 0.0177077 0.004 0.02 0 0 0 0 0 0 1.04167e+10 1.04167e+10 1.04167e+10 
0.00585176 -0.017725 0.00763069 -0.0148572 0.00542275 -0.0153622 0 0 0 0 0 0 1.04167e+10 1.04167e+10 1.04167e+10 
0.00585176 -0.017725 0.0034614 -0.0174064 0.004 -0.02 0 0 0 0 0 0 1.04167e+10 1.04167e+10 1.04167e+10 
0.00585176 -0.017725 0.00542275 -0.0153622 0.0034614 -0.0174064 0 0 0 0 0 0 1.04167e+10 1.04167e+10 1.04167e+10 
-0.0098627 -0.00989224 -0.0101506 -0.0123044 -0.0083528 -0.0132991 0 0 0 0 0 0 2.08333e+10 2.08333e+10 2.08333e+10 
-0.0098627 -0.00989224 -0.0119483 -0.0113097 -0.0101506 -0.0123044 0 0 0 0 0 0 2.08333e+10 2.08333e+10 2.08333e+10 
-0.0162285 0.00731717 -0.0140046 0.00766116 -0.0147194 0.00981474 0 0 0 0 0 0 1.04167e+10 1.04167e+10 1.04167e+10 
-0.0162285 0.00731717 -0.0147194 0.00981474 -0.0174431 0.0101288 0 0 0 0 0 0 1.04167e+10 1.04167e+10 1.04167e+10 
0.02 0.012 0.02 0.0136 0.0188438 0.0125262 0 0 0 0 0 0 1.04167e+10 1.04167e+10 1.04167e+10 
0.0128842 -0.000170664 0.0155856 -0.000277764 0.0139207 0.00231518 0 0 0 0 0 0 1.04167e+10 1.04167e+10 1.04167e+10 
0.0128842 -0.000170664 0.0138883 -0.00273701 0.0155856 -0.000277764 0 0 0 0 0 0 1.04167e+10 1.04167e+10 1.04167e+10 
0.0128842 -0.000170664 0.0139207 0.00231518 0.0113421 0.00258156 0 0 0 0 0 0 1.04167e+10 1.04167e+10 1.04167e+10 
0.0128842 -0.000170664 0.0113421 0.00258156 0.0105535 -1.49185e-05 0 0 0 0 0 0 1.04167e+10 1.04167e+10 1.04167e+10 
-0.00768227 -0.00232387 -0.00675571 -0.000718494 -0.00801726 -0.00112532 0 0 0 0 0 0 2.60417e+10 2.60417e+10 2.60417e+10 
-0.00768227 -0.00232387 -0.00628184 -0.00225991 -0.00675571 -0.000718494 0 0 0 0 0 0 2.60417e+10 2.60417e+10 2.60417e+10 
-0.00768227 -0.00232387 -0.00718533 -0.00342089 -0.00628184 -0.00225991 0 0 0 0 0 0 2.60417e+10 2.60417e+10 2.60417e+10 
-0.00768227 -0.00232387 -0.00944468 -0.00336684 -0.00718533 -0.00342089 0 0 0 0 0 0 2.08333e+10 2.08333e+10 2.08333e+10 
0.0110378 -0.0121558 0.0126109 -0.00964405 0.0104494 -0.0100731 0 0 0 0 0 0 1.04167e+10 1.04167e+10 1.04167e+10 
0.00327157 -0.00324567 0.00549844 -0.00213351 0.00439608 -0.000495614 0 0 0 0 0 0 2.60417e+10 2.60417e+10 2.60417e+10 
0.00327157 -0.00324567 0.00553121 -0.00438524 0.00549844 -0.00213351 0 0 0 0 0 0 2.60417e+10 2.60417e+10 2.60417e+10 
0.00327157 -0.00324567 0.00382477 -0.00513561 0.00553121 -0.00438524 0 0 0 0 0 0 2.60417e+10 2.60417e+10 2.60417e+10 
0.00654546 0.0121777 0.00568592 0.014817 0.00360154 0.0126375 0 0 0 0 0 0 1.04167e+10 1.04167e+10 1.04167e+10 
0.00654546 0.0121777 0.00838257 0.0121092 0.00777504 0.015331 0 0 0 0 0 0 1.04167e+10 1.04167e+10 1.04167e+10 
0.00654546 0.0121777 0.00777504 0.015331 0.00568592 0.014817 0 0 0 0 0 0 1.04167e+10 1.04167e+10 1.04167e+10 
-0.0063072 0.00432883 -0.00673302 0.00263582 -0.00483833 0.00213566 0 0 0 0 0 0 2.60417e+10 2.60417e+10 2.60417e+10 
-0.0063072 0.00432883 -0.00776849 0.0040169 -0.00673302 0.00263582 0 0 0 0 0 0 2.60417e+10 2.60417e+10 2.60417e+10 
-0.0063072 0.00432883 -0.00736526 0.00529407 -0.00776849 0.0040169 0 0 0 0 0 0 2.60417e+10 2.60417e+10 2.60417e+10 
-0.0063072 0.00432883 -0.00601811 0.00700495 -0.00736526 0.00529407 0 0 0 0 0 0 2.60417e+10 2.60417e+10 2.60417e+10 
0.011406 -0.00272046 0.0138883 -0.00273701 0.0128842 -0.000170664 0 0 0 0 0 0 1.04167e+10 1.04167e+10 1.04167e+10 
0.011406 -0.00272046 0.0128842 -0.000170664 0.0105535 -1.49185e-05 0 0 0 0 0 0 1.04167e+10 1.04167e+10 1.04167e+10 
-0.0056 0.02 -0.0072 0.02 -0.0063863 0.0174423 0 0 0 0 0 0 1.04167e+10 1.04167e+10 1.04167e+10 
-0.0056 0.02 -0.0063863 0.0174423 -0.00396038 0.0174 0 0 0 0 0 0 1.04167e+10 1.04167e+10 1.04167e+10 
-0.0056 0.02 -0.00396038 0.0174 -0.004 0.02 0 0 0 0 0 0 1.04167e+10 1.04167e+10 1.04167e+10 
-0.0146769 0.00105669 -0.0127808 0.00264271 -0.0144307 0.00321818 0 0 0 0 0 0 2.08333e+10 2.08333e+10 2.08333e+10 
-0.0146769 0.00105669 -0.0169149 0.00114021 -0.0165729 -0.000529327 0 0 0 0 0 0 2.08333e+10 2.08333e+10 2.08333e+10 
-0.0146769 0.00105669 -0.0165729 -0.000529327 -0.0141968 -0.00147516 0 0 0 0 0 0 2.08333e+10 2.08333e+10 2.08333e+10 
0.0136825 0.00763898 0.0131007 0.0101213 0.0112716 0.0073556 0 0 0 0 0 0 1.04167e+10 1.04167e+10 1.04167e+10 
0.0136825 0.00763898 0.0112716 0.0073556 0.0128984 0.00506667 0 0 0 0 0 0 1.04167e+10 1.04167e+10 1.04167e+10 
0.0136825 0.00763898 0.0158242 0.00985846 0.0131007 0.0101213 0 0 0 0 0 0 1.04167e+10 1.04167e+10 1.04167e+10 
0.0136825 0.00763898 0.0163703 0.00728904 0.0158242 0.00985846 0 0 0 0 0 0 1.04167e+10 1.04167e+10 1.04167e+10 
0.0136825 0.00763898 0.0128984 0.00506667 0.0151049 0.00480217 0 0 0 0 0 0 1.04167e+10 1.04167e+10 1.04167e+10 
0.0136825 0.00763898 0.0151049 0.00480217 0.0163703 0.00728904 0 0 0 0 0 0 1.04167e+10 1.04167e+10 1.04167e+10 
-0.00891945 -0.0174528 -0.0113692 -0.0172653 -0.0104 -0.02 0 0 0 0 0 0 1.04167e+10 1.04167e+10 1.04167e+10 
-0.0158011 -0.00712264 -0.0171463 -0.00853309 -0.0155439 -0.00932041 0 0 0 0 0 0 2.08333e+10 2.08333e+10 2.08333e+10 
-0.00819354 0.00135593 -0.00689591 0.000802801 -0.00673302 0.00263582 0 0 0 0 0 0 2.60417e+10 2.60417e+10 2.60417e+10 
-0.00819354 0.00135593 -0.00673302 0.00263582 -0.00804277 0.00275049 0 0 0 0 0 0 2.60417e+10 2.60417e+10 2.60417e+10 
-0.00819354 0.00135593 -0.00817526 1.18901e-05 -0.00689591 0.000802801 0 0 0 0 0 0 2.60417e+10 2.60417e+10 2.60417e+10 
0.02 0.0056 0.02 0.0072 0.0184698 0.00712598 0 0 0 0 0 0 1.04167e+10 1.04167e+10 1.04167e+10 
0.00663242 0.00760683 0.00772263 0.00535432 0.00906972 0.00777836 0 0 0 0 0 0 1.04167e+10 1.04167e+10 1.04167e+10 
0.00663242 0.00760683 0.00565695 0.00504204 0.00772263 0.00535432 0 0 0 0 0 0 1.04167e+10 1.04167e+10 1.04167e+10 
-0.0125697 -0.0126802 -0.0119483 -0.0113097 -0.0140278 -0.0118735 0 0 0 0 0 0 2.08333e+10 2.08333e+10 2.08333e+10 
-0.0166762 0.00456563 -0.02 0.0056 -0.02 0.004 0 0 0 0 0 0 1.04167e+10 1.04167e+10 1.04167e+10 
-0.0166762 0.00456563 -0.02 0.004 -0.0188003 0.00267149 0 0 0 0 0 0 1.04167e+10 1.04167e+10 1.04167e+10 
0.0056 -0.02 0.0072 -0.02 0.00585176 -0.017725 0 0 0 0 0 0 1.04167e+10 1.04167e+10 1.04167e+10 
0.0056 -0.02 0.00585176 -0.017725 0.004 -0.02 0 0 0 0 0 0 1.04167e+10 1.04167e+10 1.04167e+10 
0.02 0.0168 0.02 0.0184 0.0189027 0.0170678 0 0 0 0 0 0 1.04167e+10 1.04167e+10 1.04167e+10 
0.0008 0.02 -0.0008 0.02 -0.00119626 0.0171979 0 0 0 0 0 0 1.04167e+10 1.04167e+10 1.04167e+10 
-0.00397798 0.0124772 -0.00579934 0.0126819 -0.0044611 0.0102291 0 0 0 0 0 0 1.04167e+10 1.04167e+10 1.04167e+10 
-0.00397798 0.0124772 -0.000905466 0.0121447 -0.00247617 0.014649 0 0 0 0 0 0 1.04167e+10 1.04167e+10 1.04167e+10 
-0.00397798 0.0124772 -0.002111 0.00970011 -0.000905466 0.0121447 0 0 0 0 0 0 1.04167e+10 1.04167e+10 1.04167e+10 
-0.00397798 0.0124772 -0.0044611 0.0102291 -0.002111 0.00970011 0 0 0 0 0 0 1.04167e+10 1.04167e+10 1.04167e+10 
-0.00911948 0.0124555 -0.00699594 0.0150842 -0.00950399 0.0150225 0 0 0 0 0 0 1.04167e+10 1.04167e+10 1.04167e+10 
-0.00911948 0.0124555 -0.00579934 0.0126819 -0.00699594 0.0150842 0 0 0 0 0 0 1.04167e+10 1.04167e+10 1.04167e+10 
-0.015486 -0.0110667 -0.0140278 -0.0118735 -0.0137461 -0.0103151 0 0 0 0 0 0 2.08333e+10 2.08333e+10 2.08333e+10 
-0.015486 -0.0110667 -0.0137461 -0.0103151 -0.0155439 -0.00932041 0 0 0 0 0 0 2.08333e+10 2.08333e+10 2.08333e+10 
0.0159193 -0.00781946 0.0154695 -0.0050415 0.013897 -0.00727273 0 0 0 0 0 0 1.04167e+10 1.04167e+10 1.04167e+10 
0.0159193 -0.00781946 0.017896 -0.00977208 0.0187927 -0.00786905 0 0 0 0 0 0 1.04167e+10 1.04167e+10 1.04167e+10 
0.0159193 -0.00781946 0.0150528 -0.0103272 0.017896 -0.00977208 0 0 0 0 0 0 1.04167e+10 1.04167e+10 1.04167e+10 
0.0159193 -0.00781946 0.013897 -0.00727273 0.0150528 -0.0103272 0 0 0 0 0 0 1.04167e+10 1.04167e+10 1.04167e+10 
-0.012 0.02 -0.0140665 0.0176528 -0.010978 0.017692 0 0 0 0 0 0 1.04167e+10 1.04167e+10 1.04167e+10 
0.0152 0.02 0.0139377 0.0177711 0.0164481 0.0173355 0 0 0 0 0 0 1.04167e+10 1.04167e+10 1.04167e+10 
0.0152 0.02 0.0136 0.02 0.0139377 0.0177711 0 0 0 0 0 0 1.04167e+10 1.04167e+10 1.04167e+10 
0.00906305 -0.0126485 0.0110378 -0.0121558 0.0104494 -0.0100731 0 0 0 0 0 0 1.04167e+10 1.04167e+10 1.04167e+10 
-0.0173484 -0.00680623 -0.0171463 -0.00853309 -0.0158011 -0.00712264 0 0 0 0 0 0 2.08333e+10 2.08333e+10 2.08333e+10 
0.00201312 -0.00164363 0.00156008 0.000177232 -0.000672987 -0.00196987 0 0 0 0 0 0 2.60417e+10 2.60417e+10 2.60417e+10 
0.00201312 -0.00164363 -0.000672987 -0.00196987 0.000789992 -0.00388685 0 0 0 0 0 0 2.60417e+10 2.60417e+10 2.60417e+10 
0.00201312 -0.00164363 0.00439608 -0.000495614 0.00156008 0.000177232 0 0 0 0 0 0 2.60417e+10 2.60417e+10 2.60417e+10 
0.00201312 -0.00164363 0.00327157 -0.00324567 0.00439608 -0.000495614 0 0 0 0 0 0 2.60417e+10 2.60417e+10 2.60417e+10 
0.00201312 -0.00164363 0.000789992 -0.00388685 0.00327157 -0.00324567 0 0 0 0 0 0 2.60417e+10 2.60417e+10 2.60417e+10 
0.0127767 -0.00495408 0.011412 -0.00709102 0.013897 -0.00727273 0 0 0 0 0 0 1.04167e+10 1.04167e+10 1.04167e+10 
0.0127767 -0.00495408 0.0107614 -0.00472027 0.011412 -0.00709102 0 0 0 0 0 0 1.04167e+10 1.04167e+10 1.04167e+10 
0.0127767 -0.00495408 0.0138883 -0.00273701 0.011406 -0.00272046 0 0 0 0 0 0 1.04167e+10 1.04167e+10 1.04167e+10 
0.0127767 -0.00495408 0.011406 -0.00272046 0.0107614 -0.00472027 0 0 0 0 0 0 1.04167e+10 1.04167e+10 1.04167e+10 
0.0127767 -0.00495408 0.0154695 -0.0050415 0.0138883 -0.00273701 0 0 0 0 0 0 1.04167e+10 1.04167e+10 1.04167e+10 
0.0127767 -0.00495408 0.013897 -0.00727273 0.0154695 -0.0050415 0 0 0 0 0 0 1.04167e+10 1.04167e+10 1.04167e+10 
0.00545037 0.00993542 0.00654546 0.0121777 0.00360154 0.0126375 0 0 0 0 0 0 1.04167e+10 1.04167e+10 1.04167e+10 
0.00545037 0.00993542 0.00362171 0.00787791 0.00663242 0.00760683 0 0 0 0 0 0 1.04167e+10 1.04167e+10 1.04167e+10 
0.02 0.0104 0.0188438 0.0125262 0.0182479 0.00968157 0 0 0 0 0 0 1.04167e+10 1.04167e+10 1.04167e+10 
0.02 0.0104 0.02 0.012 0.0188438 0.0125262 0 0 0 0 0 0 1.04167e+10 1.04167e+10 1.04167e+10 
0.02 0.0104 0.0182479 0.00968157 0.02 0.0088 0 0 0 0 0 0 1.04167e+10 1.04167e+10 1.04167e+10 
-0.0152 0.02 -0.0168 0.02 -0.0164892 0.0175984 0 0 0 0 0 0 1.04167e+10 1.04167e+10 1.04167e+10 
-0.0152 0.02 -0.0164892 0.0175984 -0.0140665 0.0176528 0 0 0 0 0 0 1.04167e+10 1.04167e+10 1.04167e+10 
-0.0118208 -0.002421 -0.0141968 -0.00147516 -0.0138202 -0.00469312 0 0 0 0 0 0 2.08333e+10 2.08333e+10 2.08333e+10 
-0.00147621 -0.00579726 -0.00133116 -0.00714232 0.000265049 -0.00588637 0 0 0 0 0 0 2.60417e+10 2.60417e+10 2.60417e+10 
-0.00147621 -0.00579726 0.000789992 -0.00388685 -0.00192451 -0.00367534 0 0 0 0 0 0 2.60417e+10 2.60417e+10 2.60417e+10 
-0.00147621 -0.00579726 0.000265049 -0.00588637 0.000789992 -0.00388685 0 0 0 0 0 0 2.60417e+10 2.60417e+10 2.60417e+10 
-0.00147621 -0.00579726 -0.00192451 -0.00367534 -0.0030469 -0.00537185 0 0 0 0 0 0 2.60417e+10 2.60417e+10 2.60417e+10 
0.0107415 -0.0151322 0.00906305 -0.0126485 0.00763069 -0.0148572 0 0 0 0 0 0 1.04167e+10 1.04167e+10 1.04167e+10 
0.0107415 -0.0151322 0.0110378 -0.0121558 0.00906305 -0.0126485 0 0 0 0 0 0 1.04167e+10 1.04167e+10 1.04167e+10 
0.00139375 -0.0173099 0.0024 -0.02 0.0034614 -0.0174064 0 0 0 0 0 0 1.04167e+10 1.04167e+10 1.04167e+10 
-0.00246256 -0.0131141 -0.0045088 -0.0137039 -0.00344708 -0.014959 0 0 0 0 0 0 2.08333e+10 2.08333e+10 2.08333e+10 
-0.00246256 -0.0131141 -0.0035135 -0.0110754 -0.0045088 -0.0137039 0 0 0 0 0 0 2.08333e+10 2.08333e+10 2.08333e+10 
-0.00246256 -0.0131141 -0.000416328 -0.0125243 -0.000745062 -0.0102775 0 0 0 0 0 0 2.08333e+10 2.08333e+10 2.08333e+10 
-0.00246256 -0.0131141 -0.000745062 -0.0102775 -0.0035135 -0.0110754 0 0 0 0 0 0 2.08333e+10 2.08333e+10 2.08333e+10 
0.02 -0.012 0.02 -0.0104 0.0189126 -0.0121862 0 0 0 0 0 0 1.04167e+10 1.04167e+10 1.04167e+10 
-0.0144796 -0.0149787 -0.0159773 -0.0172389 -0.0133648 -0.0177646 0 0 0 0 0 0 1.04167e+10 1.04167e+10 1.04167e+10 
-0.0144796 -0.0149787 -0.0170014 -0.0151785 -0.0159773 -0.0172389 0 0 0 0 0 0 1.04167e+10 1.04167e+10 1.04167e+10 
0.00148796 -0.0135365 -0.000416328 -0.0125243 -0.00015705 -0.0140106 0 0 0 0 0 0 2.08333e+10 2.08333e+10 2.08333e+10 
-0.00180206 -0.0144848 -0.000416328 -0.0125243 -0.00246256 -0.0131141 0 0 0 0 0 0 2.08333e+10 2.08333e+10 2.08333e+10 
-0.00180206 -0.0144848 -0.00015705 -0.0140106 -0.000416328 -0.0125243 0 0 0 0 0 0 2.08333e+10 2.08333e+10 2.08333e+10 
-0.00180206 -0.0144848 -0.00246256 -0.0131141 -0.00344708 -0.014959 0 0 0 0 0 0 2.08333e+10 2.08333e+10 2.08333e+10 
0.0008 -0.02 0.0024 -0.02 0.00139375 -0.0173099 0 0 0 0 0 0 1.04167e+10 1.04167e+10 1.04167e+10 
-0.00628193 -0.0118734 -0.0045088 -0.0137039 -0.0035135 -0.0110754 0 0 0 0 0 0 2.08333e+10 2.08333e+10 2.08333e+10 
-0.00628193 -0.0118734 -0.00655504 -0.0142937 -0.0045088 -0.0137039 0 0 0 0 0 0 2.08333e+10 2.08333e+10 2.08333e+10 
-0.00628193 -0.0118734 -0.0083528 -0.0132991 -0.00655504 -0.0142937 0 0 0 0 0 0 2.08333e+10 2.08333e+10 2.08333e+10 
-0.00628193 -0.0118734 -0.0098627 -0.00989224 -0.0083528 -0.0132991 0 0 0 0 0 0 2.08333e+10 2.08333e+10 2.08333e+10 
0.011238 0.0127458 0.0130393 0.0145943 0.0102637 0.0152755 0 0 0 0 0 0 1.04167e+10 1.04167e+10 1.04167e+10 
0.011238 0.0127458 0.0102637 0.0152755 0.00838257 0.0121092 0 0 0 0 0 0 1.04167e+10 1.04167e+10 1.04167e+10 
0.011238 0.0127458 0.0139431 0.0124497 0.0130393 0.0145943 0 0 0 0 0 0 1.04167e+10 1.04167e+10 1.04167e+10 
0.011238 0.0127458 0.00838257 0.0121092 0.0101763 0.00984776 0 0 0 0 0 0 1.04167e+10 1.04167e+10 1.04167e+10 
0.011238 0.0127458 0.0131007 0.0101213 0.0139431 0.0124497 0 0 0 0 0 0 1.04167e+10 1.04167e+10 1.04167e+10 
0.011238 0.0127458 0.0101763 0.00984776 0.0131007 0.0101213 0 0 0 0 0 0 1.04167e+10 1.04167e+10 1.04167e+10 
0.0136441 -0.0123367 0.0166744 -0.0124224 0.0150528 -0.0103272 0 0 0 0 0 0 1.04167e+10 1.04167e+10 1.04167e+10 
0.0136441 -0.0123367 0.0150528 -0.0103272 0.0126109 -0.00964405 0 0 0 0 0 0 1.04167e+10 1.04167e+10 1.04167e+10 
0.0136441 -0.0123367 0.0126109 -0.00964405 0.0110378 -0.0121558 0 0 0 0 0 0 1.04167e+10 1.04167e+10 1.04167e+10 
-0.0188031 0.0120672 -0.0174431 0.0101288 -0.0159771 0.0127401 0 0 0 0 0 0 1.04167e+10 1.04167e+10 1.04167e+10 
-0.0188031 0.0120672 -0.02 0.0104 -0.0174431 0.0101288 0 0 0 0 0 0 1.04167e+10 1.04167e+10 1.04167e+10 
-0.0188031 0.0120672 -0.02 0.012 -0.02 0.0104 0 0 0 0 0 0 1.04167e+10 1.04167e+10 1.04167e+10 
-0.0188031 0.0120672 -0.02 0.0136 -0.02 0.012 0 0 0 0 0 0 1.04167e+10 1.04167e+10 1.04167e+10 
-0.0188031 0.0120672 -0.0159771 0.0127401 -0.0170168 0.0148792 0 0 0 0 0 0 1.04167e+10 1.04167e+10 1.04167e+10 
-0.0188031 0.0120672 -0.0170168 0.0148792 -0.02 0.0136 0 0 0 0 0 0 1.04167e+10 1.04167e+10 1.04167e+10 
-0.0043981 -0.00462339 -0.00573529 -0.00525113 -0.0048023 -0.00595897 0 0 0 0 0 0 2.60417e+10 2.60417e+10 2.60417e+10 
-0.0043981 -0.00462339 -0.0048023 -0.00595897 -0.0030469 -0.00537185 0 0 0 0 0 0 2.60417e+10 2.60417e+10 2.60417e+10 
-0.0043981 -0.00462339 -0.0030469 -0.00537185 -0.00192451 -0.00367534 0 0 0 0 0 0 2.60417e+10 2.60417e+10 2.60417e+10 
-0.0134435 -0.00791108 -0.0137461 -0.0103151 -0.0119483 -0.0113097 0 0 0 0 0 0 2.08333e+10 2.08333e+10 2.08333e+10 
-0.0134435 -0.00791108 -0.0119483 -0.0113097 -0.0098627 -0.00989224 0 0 0 0 0 0 2.08333e+10 2.08333e+10 2.08333e+10 
-0.0134435 -0.00791108 -0.0158011 -0.00712264 -0.0155439 -0.00932041 0 0 0 0 0 0 2.08333e+10 2.08333e+10 2.08333e+10 
-0.0134435 -0.00791108 -0.0155439 -0.00932041 -0.0137461 -0.0103151 0 0 0 0 0 0 2.08333e+10 2.08333e+10 2.08333e+10 
-0.0134435 -0.00791108 -0.0138202 -0.00469312 -0.0158011 -0.00712264 0 0 0 0 0 0 2.08333e+10 2.08333e+10 2.08333e+10 
0.0081887 0.00990759 0.0101763 0.00984776 0.00838257 0.0121092 0 0 0 0 0 0 1.04167e+10 1.04167e+10 1.04167e+10 
0.0081887 0.00990759 0.00906972 0.00777836 0.0101763 0.00984776 0 0 0 0 0 0 1.04167e+10 1.04167e+10 1.04167e+10 
0.0081887 0.00990759 0.00663242 0.00760683 0.00906972 0.00777836 0 0 0 0 0 0 1.04167e+10 1.04167e+10 1.04167e+10 
0.0081887 0.00990759 0.00545037 0.00993542 0.00663242 0.00760683 0 0 0 0 0 0 1.04167e+10 1.04167e+10 1.04167e+10 
0.0081887 0.00990759 0.00838257 0.0121092 0.00654546 0.0121777 0 0 0 0 0 0 1.04167e+10 1.04167e+10 1.04167e+10 
0.0081887 0.00990759 0.00654546 0.0121777 0.00545037 0.00993542 0 0 0 0 0 0 1.04167e+10 1.04167e+10 1.04167e+10 
-0.00548772 -0.00357519 -0.00573529 -0.00525113 -0.0043981 -0.00462339 0 0 0 0 0 0 2.60417e+10 2.60417e+10 2.60417e+10 
-0.00548772 -0.00357519 -0.00628184 -0.00225991 -0.00718533 -0.00342089 0 0 0 0 0 0 2.60417e+10 2.60417e+10 2.60417e+10 
0.00843487 0.0023789 0.0105535 -1.49185e-05 0.0113421 0.00258156 0 0 0 0 0 0 1.04167e+10 1.04167e+10 1.04167e+10 
0.0125186 -0.01542 0.0107415 -0.0151322 0.0109746 -0.0175867 0 0 0 0 0 0 1.04167e+10 1.04167e+10 1.04167e+10 
0.0125186 -0.01542 0.0110378 -0.0121558 0.0107415 -0.0151322 0 0 0 0 0 0 1.04167e+10 1.04167e+10 1.04167e+10 
0.0125186 -0.01542 0.0136441 -0.0123367 0.0110378 -0.0121558 0 0 0 0 0 0 1.04167e+10 1.04167e+10 1.04167e+10 
-0.0109052 0.0126934 -0.00950399 0.0150225 -0.0121205 0.0147111 0 0 0 0 0 0 1.04167e+10 1.04167e+10 1.04167e+10 
-0.0109052 0.0126934 -0.00911948 0.0124555 -0.00950399 0.0150225 0 0 0 0 0 0 1.04167e+10 1.04167e+10 1.04167e+10 
-0.0109052 0.0126934 -0.0121205 0.0147111 -0.0139055 0.0121628 0 0 0 0 0 0 1.04167e+10 1.04167e+10 1.04167e+10 
-0.0109052 0.0126934 -0.00966359 0.0103802 -0.00911948 0.0124555 0 0 0 0 0 0 1.04167e+10 1.04167e+10 1.04167e+10 
-0.0109052 0.0126934 -0.0139055 0.0121628 -0.0122475 0.00964226 0 0 0 0 0 0 1.04167e+10 1.04167e+10 1.04167e+10 
-0.0109052 0.0126934 -0.0122475 0.00964226 -0.00966359 0.0103802 0 0 0 0 0 0 1.04167e+10 1.04167e+10 1.04167e+10 
0.00477799 -0.0125882 0.00367614 -0.0113447 0.00313298 -0.0130623 0 0 0 0 0 0 2.08333e+10 2.08333e+10 2.08333e+10 
0.00477799 -0.0125882 0.00547 -0.0109571 0.00367614 -0.0113447 0 0 0 0 0 0 2.08333e+10 2.08333e+10 2.08333e+10 
-0.0113431 -0.00650176 -0.0118208 -0.002421 -0.0138202 -0.00469312 0 0 0 0 0 0 2.08333e+10 2.08333e+10 2.08333e+10 
-0.0113431 -0.00650176 -0.00924269 -0.00509244 -0.00944468 -0.00336684 0 0 0 0 0 0 2.08333e+10 2.08333e+10 2.08333e+10 
-0.0113431 -0.00650176 -0.00944468 -0.00336684 -0.0118208 -0.002421 0 0 0 0 0 0 2.08333e+10 2.08333e+10 2.08333e+10 
-0.0113431 -0.00650176 -0.00867596 -0.00797742 -0.00924269 -0.00509244 0 0 0 0 0 0 2.08333e+10 2.08333e+10 2.08333e+10 
-0.0113431 -0.00650176 -0.0138202 -0.00469312 -0.0134435 -0.00791108 0 0 0 0 0 0 2.08333e+10 2.08333e+10 2.08333e+10 
-0.0113431 -0.00650176 -0.0098627 -0.00989224 -0.00867596 -0.00797742 0 0 0 0 0 0 2.08333e+10 2.08333e+10 2.08333e+10 
-0.0113431 -0.00650176 -0.0134435 -0.00791108 -0.0098627 -0.00989224 0 0 0 0 0 0 2.08333e+10 2.08333e+10 2.08333e+10 
0.02 -0.0072 0.0187927 -0.00786905 0.02 -0.0088 0 0 0 0 0 0 1.04167e+10 1.04167e+10 1.04167e+10 
-0.000829299 -0.0171358 -0.0024 -0.02 -0.0008 -0.02 0 0 0 0 0 0 1.04167e+10 1.04167e+10 1.04167e+10 
-0.000829299 -0.0171358 0.0008 -0.02 0.00139375 -0.0173099 0 0 0 0 0 0 1.04167e+10 1.04167e+10 1.04167e+10 
-0.000829299 -0.0171358 -0.0008 -0.02 0.0008 -0.02 0 0 0 0 0 0 1.04167e+10 1.04167e+10 1.04167e+10 
-0.02 -0.0008 -0.018157 0.000101232 -0.02 0.0008 0 0 0 0 0 0 1.04167e+10 1.04167e+10 1.04167e+10 
0.02 -0.0136 0.0189126 -0.0121862 0.017671 -0.0145882 0 0 0 0 0 0 1.04167e+10 1.04167e+10 1.04167e+10 
0.02 -0.0136 0.017671 -0.0145882 0.02 -0.0152 0 0 0 0 0 0 1.04167e+10 1.04167e+10 1.04167e+10 
0.02 -0.0136 0.02 -0.012 0.0189126 -0.0121862 0 0 0 0 0 0 1.04167e+10 1.04167e+10 1.04167e+10 
0.0165163 0.00231483 0.0139207 0.00231518 0.0155856 -0.000277764 0 0 0 0 0 0 1.04167e+10 1.04167e+10 1.04167e+10 
0.0165163 0.00231483 0.0151049 0.00480217 0.0139207 0.00231518 0 0 0 0 0 0 1.04167e+10 1.04167e+10 1.04167e+10 
0.0165163 0.00231483 0.0155856 -0.000277764 0.0180066 -0.000401744 0 0 0 0 0 0 1.04167e+10 1.04167e+10 1.04167e+10 
0.0165163 0.00231483 0.0180066 -0.000401744 0.0186259 0.00222853 0 0 0 0 0 0 1.04167e+10 1.04167e+10 1.04167e+10 
-0.0152 -0.02 -0.0159773 -0.0172389 -0.0168 -0.02 0 0 0 0 0 0 1.04167e+10 1.04167e+10 1.04167e+10 
-0.0152 -0.02 -0.0136 -0.02 -0.0133648 -0.0177646 0 0 0 0 0 0 1.04167e+10 1.04167e+10 1.04167e+10 
-0.0152 -0.02 -0.0133648 -0.0177646 -0.0159773 -0.0172389 0 0 0 0 0 0 1.04167e+10 1.04167e+10 1.04167e+10 
0.0168 0.02 0.0164481 0.0173355 0.0184 0.02 0 0 0 0 0 0 1.04167e+10 1.04167e+10 1.04167e+10 
0.0168 0.02 0.0152 0.02 0.0164481 0.0173355 0 0 0 0 0 0 1.04167e+10 1.04167e+10 1.04167e+10 
0.02 -0.0184 0.0184 -0.02 0.02 -0.02 0 0 0 0 0 0 1.04167e+10 1.04167e+10 1.04167e+10 
0.00162991 -0.0119345 0.00202337 -0.00947948 -0.000745062 -0.0102775 0 0 0 0 0 0 2.08333e+10 2.08333e+10 2.08333e+10 
0.00162991 -0.0119345 -0.000745062 -0.0102775 -0.000416328 -0.0125243 0 0 0 0 0 0 2.08333e+10 2.08333e+10 2.08333e+10 
0.00162991 -0.0119345 -0.000416328 -0.0125243 0.00148796 -0.0135365 0 0 0 0 0 0 2.08333e+10 2.08333e+10 2.08333e+10 
0.00162991 -0.0119345 0.00367614 -0.0113447 0.00202337 -0.00947948 0 0 0 0 0 0 2.08333e+10 2.08333e+10 2.08333e+10 
0.00162991 -0.0119345 0.00148796 -0.0135365 0.00313298 -0.0130623 0 0 0 0 0 0 2.08333e+10 2.08333e+10 2.08333e+10 
0.00162991 -0.0119345 0.00313298 -0.0130623 0.00367614 -0.0113447 0 0 0 0 0 0 2.08333e+10 2.08333e+10 2.08333e+10 
0.02 -0.004 0.02 -0.0024 0.0186252 -0.002735 0 0 0 0 0 0 1.04167e+10 1.04167e+10 1.04167e+10 
0.0113208 0.0178671 0.0130393 0.0145943 0.0139377 0.0177711 0 0 0 0 0 0 1.04167e+10 1.04167e+10 1.04167e+10 
0.0113208 0.0178671 0.0102637 0.0152755 0.0130393 0.0145943 0 0 0 0 0 0 1.04167e+10 1.04167e+10 1.04167e+10 
-0.00384331 -0.0174883 -0.0056 -0.02 -0.004 -0.02 0 0 0 0 0 0 1.04167e+10 1.04167e+10 1.04167e+10 
-0.00384331 -0.0174883 -0.004 -0.02 -0.0024 -0.02 0 0 0 0 0 0 1.04167e+10 1.04167e+10 1.04167e+10 
-0.00384331 -0.0174883 -0.0024 -0.02 -0.000829299 -0.0171358 0 0 0 0 0 0 1.04167e+10 1.04167e+10 1.04167e+10 
-0.00653332 -0.00440118 -0.00573529 -0.00525113 -0.00548772 -0.00357519 0 0 0 0 0 0 2.60417e+10 2.60417e+10 2.60417e+10 
-0.00653332 -0.00440118 -0.00548772 -0.00357519 -0.00718533 -0.00342089 0 0 0 0 0 0 2.60417e+10 2.60417e+10 2.60417e+10 
-3.54548e-06 -0.00720515 0.00137957 -0.00709878 0.000265049 -0.00588637 0 0 0 0 0 0 2.60417e+10 2.60417e+10 2.60417e+10 
-3.54548e-06 -0.00720515 0.000265049 -0.00588637 -0.00133116 -0.00714232 0 0 0 0 0 0 2.60417e+10 2.60417e+10 2.60417e+10 
0.0187863 -0.0172033 0.02 -0.0168 0.02 -0.0152 0 0 0 0 0 0 1.04167e+10 1.04167e+10 1.04167e+10 
0.0187863 -0.0172033 0.02 -0.0152 0.017671 -0.0145882 0 0 0 0 0 0 1.04167e+10 1.04167e+10 1.04167e+10 
0.0187863 -0.0172033 0.017671 -0.0145882 0.0167116 -0.0177465 0 0 0 0 0 0 1.04167e+10 1.04167e+10 1.04167e+10 
0.0187863 -0.0172033 0.0167116 -0.0177465 0.0184 -0.02 0 0 0 0 0 0 1.04167e+10 1.04167e+10 1.04167e+10 
0.0187863 -0.0172033 0.0184 -0.02 0.02 -0.0184 0 0 0 0 0 0 1.04167e+10 1.04167e+10 1.04167e+10 
0.0187863 -0.0172033 0.02 -0.0184 0.02 -0.0168 0 0 0 0 0 0 1.04167e+10 1.04167e+10 1.04167e+10 
0.00132347 0.0170753 -0.00119626 0.0171979 0.000770762 0.0147109 0 0 0 0 0 0 1.04167e+10 1.04167e+10 1.04167e+10 
0.00132347 0.0170753 0.000770762 0.0147109 0.00288402 0.0147598 0 0 0 0 0 0 1.04167e+10 1.04167e+10 1.04167e+10 
0.00132347 0.0170753 0.00288402 0.0147598 0.00367019 0.0173969 0 0 0 0 0 0 1.04167e+10 1.04167e+10 1.04167e+10 
0.00132347 0.0170753 0.0008 0.02 -0.00119626 0.0171979 0 0 0 0 0 0 1.04167e+10 1.04167e+10 1.04167e+10 
0.00132347 0.0170753 0.00367019 0.0173969 0.0024 0.02 0 0 0 0 0 0 1.04167e+10 1.04167e+10 1.04167e+10 
0.00132347 0.0170753 0.0024 0.02 0.0008 0.02 0 0 0 0 0 0 1.04167e+10 1.04167e+10 1.04167e+10 
0.018064 -0.00535031 0.0154695 -0.0050415 0.0159193 -0.00781946 0 0 0 0 0 0 1.04167e+10 1.04167e+10 1.04167e+10 
0.018064 -0.00535031 0.0159193 -0.00781946 0.0187927 -0.00786905 0 0 0 0 0 0 1.04167e+10 1.04167e+10 1.04167e+10 
0.018064 -0.00535031 0.0187927 -0.00786905 0.02 -0.0072 0 0 0 0 0 0 1.04167e+10 1.04167e+10 1.04167e+10 
0.018064 -0.00535031 0.02 -0.0072 0.02 -0.0056 0 0 0 0 0 0 1.04167e+10 1.04167e+10 1.04167e+10 
0.018064 -0.00535031 0.0164505 -0.00266024 0.0154695 -0.0050415 0 0 0 0 0 0 1.04167e+10 1.04167e+10 1.04167e+10 
0.018064 -0.00535031 0.0186252 -0.002735 0.0164505 -0.00266024 0 0 0 0 0 0 1.04167e+10 1.04167e+10 1.04167e+10 
0.018064 -0.00535031 0.02 -0.004 0.0186252 -0.002735 0 0 0 0 0 0 1.04167e+10 1.04167e+10 1.04167e+10 
0.018064 -0.00535031 0.02 -0.0056 0.02 -0.004 0 0 0 0 0 0 1.04167e+10 1.04167e+10 1.04167e+10 
-0.00389192 -0.00236986 -0.00486416 -0.000135038 -0.00628184 -0.00225991 0 0 0 0 0 0 2.60417e+10 2.60417e+10 2.60417e+10 
-0.00389192 -0.00236986 -0.00628184 -0.00225991 -0.00548772 -0.00357519 0 0 0 0 0 0 2.60417e+10 2.60417e+10 2.60417e+10 
-0.00389192 -0.00236986 -0.00269852 -0.00056589 -0.00486416 -0.000135038 0 0 0 0 0 0 2.60417e+10 2.60417e+10 2.60417e+10 
-0.00389192 -0.00236986 -0.00192451 -0.00367534 -0.00269852 -0.00056589 0 0 0 0 0 0 2.60417e+10 2.60417e+10 2.60417e+10 
-0.00389192 -0.00236986 -0.0043981 -0.00462339 -0.00192451 -0.00367534 0 0 0 0 0 0 2.60417e+10 2.60417e+10 2.60417e+10 
-0.00389192 -0.00236986 -0.00548772 -0.00357519 -0.0043981 -0.00462339 0 0 0 0 0 0 2.60417e+10 2.60417e+10 2.60417e+10 
-0.00258486 -0.00691117 -0.0030469 -0.00537185 -0.00374728 -0.00651488 0 0 0 0 0 0 2.60417e+10 2.60417e+10 2.60417e+10 
-0.00258486 -0.00691117 -0.00147621 -0.00579726 -0.0030469 -0.00537185 0 0 0 0 0 0 2.60417e+10 2.60417e+10 2.60417e+10 
-0.00258486 -0.00691117 -0.00133116 -0.00714232 -0.00147621 -0.00579726 0 0 0 0 0 0 2.60417e+10 2.60417e+10 2.60417e+10 
0.0056 0.02 0.00610473 0.0177077 0.0072 0.02 0 0 0 0 0 0 1.04167e+10 1.04167e+10 1.04167e+10 
0.0056 0.02 0.004 0.02 0.00610473 0.0177077 0 0 0 0 0 0 1.04167e+10 1.04167e+10 1.04167e+10 
-0.0177527 -0.0033525 -0.0163157 -0.0027271 -0.0179548 -0.00162563 0 0 0 0 0 0 2.08333e+10 2.08333e+10 2.08333e+10 
-0.0177527 -0.0033525 -0.02 -0.004 -0.0175505 -0.00507936 0 0 0 0 0 0 1.04167e+10 1.04167e+10 1.04167e+10 
-0.0177527 -0.0033525 -0.02 -0.0024 -0.02 -0.004 0 0 0 0 0 0 1.04167e+10 1.04167e+10 1.04167e+10 
0.015363 -0.0153823 0.0167116 -0.0177465 0.017671 -0.0145882 0 0 0 0 0 0 1.04167e+10 1.04167e+10 1.04167e+10 
0.015363 -0.0153823 0.017671 -0.0145882 0.0166744 -0.0124224 0 0 0 0 0 0 1.04167e+10 1.04167e+10 1.04167e+10 
0.015363 -0.0153823 0.0166744 -0.0124224 0.0136441 -0.0123367 0 0 0 0 0 0 1.04167e+10 1.04167e+10 1.04167e+10 
0.015363 -0.0153823 0.0136441 -0.0123367 0.0125186 -0.01542 0 0 0 0 0 0 1.04167e+10 1.04167e+10 1.04167e+10 
-0.00483305 0.0152886 -0.00247617 0.014649 -0.00396038 0.0174 0 0 0 0 0 0 1.04167e+10 1.04167e+10 1.04167e+10 
-0.00483305 0.0152886 -0.0063863 0.0174423 -0.00699594 0.0150842 0 0 0 0 0 0 1.04167e+10 1.04167e+10 1.04167e+10 
-0.00483305 0.0152886 -0.00396038 0.0174 -0.0063863 0.0174423 0 0 0 0 0 0 1.04167e+10 1.04167e+10 1.04167e+10 
-0.00483305 0.0152886 -0.00699594 0.0150842 -0.00579934 0.0126819 0 0 0 0 0 0 1.04167e+10 1.04167e+10 1.04167e+10 
-0.00483305 0.0152886 -0.00579934 0.0126819 -0.00397798 0.0124772 0 0 0 0 0 0 1.04167e+10 1.04167e+10 1.04167e+10 
-0.00483305 0.0152886 -0.00397798 0.0124772 -0.00247617 0.014649 0 0 0 0 0 0 1.04167e+10 1.04167e+10 1.04167e+10 
-0.0067371 -0.0159073 -0.00509209 -0.0154331 -0.00655504 -0.0142937 0 0 0 0 0 0 2.08333e+10 2.08333e+10 2.08333e+10 
0.00856539 0.017631 0.0088 0.02 0.0072 0.02 0 0 0 0 0 0 1.04167e+10 1.04167e+10 1.04167e+10 
0.00856539 0.017631 0.0072 0.02 0.00610473 0.0177077 0 0 0 0 0 0 1.04167e+10 1.04167e+10 1.04167e+10 
0.00856539 0.017631 0.00610473 0.0177077 0.00777504 0.015331 0 0 0 0 0 0 1.04167e+10 1.04167e+10 1.04167e+10 
0.00856539 0.017631 0.00777504 0.015331 0.0102637 0.0152755 0 0 0 0 0 0 1.04167e+10 1.04167e+10 1.04167e+10 
0.00856539 0.017631 0.0102637 0.0152755 0.0113208 0.0178671 0 0 0 0 0 0 1.04167e+10 1.04167e+10 1.04167e+10 
0.00856539 0.017631 0.0104 0.02 0.0088 0.02 0 0 0 0 0 0 1.04167e+10 1.04167e+10 1.04167e+10 
0.00856539 0.017631 0.0113208 0.0178671 0.0104 0.02 0 0 0 0 0 0 1.04167e+10 1.04167e+10 1.04167e+10 
0.00212264 -0.0056364 0.000789992 -0.00388685 0.000265049 -0.00588637 0 0 0 0 0 0 2.60417e+10 2.60417e+10 2.60417e+10 
0.00212264 -0.0056364 0.00137957 -0.00709878 0.00264011 -0.00686332 0 0 0 0 0 0 2.60417e+10 2.60417e+10 2.60417e+10 
0.00212264 -0.0056364 0.000265049 -0.00588637 0.00137957 -0.00709878 0 0 0 0 0 0 2.60417e+10 2.60417e+10 2.60417e+10 
0.00212264 -0.0056364 0.00391555 -0.00649788 0.00382477 -0.00513561 0 0 0 0 0 0 2.60417e+10 2.60417e+10 2.60417e+10 
0.00212264 -0.0056364 0.00264011 -0.00686332 0.00391555 -0.00649788 0 0 0 0 0 0 2.60417e+10 2.60417e+10 2.60417e+10 
0.00212264 -0.0056364 0.00382477 -0.00513561 0.00327157 -0.00324567 0 0 0 0 0 0 2.60417e+10 2.60417e+10 2.60417e+10 
0.00212264 -0.0056364 0.00327157 -0.00324567 0.000789992 -0.00388685 0 0 0 0 0 0 2.60417e+10 2.60417e+10 2.60417e+10 
-0.0112375 0.00100027 -0.0108847 0.00422873 -0.0127808 0.00264271 0 0 0 0 0 0 2.08333e+10 2.08333e+10 2.08333e+10 
-0.0112375 0.00100027 -0.0127808 0.00264271 -0.0146769 0.00105669 0 0 0 0 0 0 2.08333e+10 2.08333e+10 2.08333e+10 
-0.0112375 0.00100027 -0.0146769 0.00105669 -0.0141968 -0.00147516 0 0 0 0 0 0 2.08333e+10 2.08333e+10 2.08333e+10 
-0.0112375 0.00100027 -0.0141968 -0.00147516 -0.0118208 -0.002421 0 0 0 0 0 0 2.08333e+10 2.08333e+10 2.08333e+10 
0.0134511 -0.0178423 0.012 -0.02 0.0136 -0.02 0 0 0 0 0 0 1.04167e+10 1.04167e+10 1.04167e+10 
0.0134511 -0.0178423 0.0109746 -0.0175867 0.012 -0.02 0 0 0 0 0 0 1.04167e+10 1.04167e+10 1.04167e+10 
0.0134511 -0.0178423 0.0152 -0.02 0.0167116 -0.0177465 0 0 0 0 0 0 1.04167e+10 1.04167e+10 1.04167e+10 
0.0134511 -0.0178423 0.0136 -0.02 0.0152 -0.02 0 0 0 0 0 0 1.04167e+10 1.04167e+10 1.04167e+10 
0.0134511 -0.0178423 0.0125186 -0.01542 0.0109746 -0.0175867 0 0 0 0 0 0 1.04167e+10 1.04167e+10 1.04167e+10 
0.0134511 -0.0178423 0.0167116 -0.0177465 0.015363 -0.0153823 0 0 0 0 0 0 1.04167e+10 1.04167e+10 1.04167e+10 
0.0134511 -0.0178423 0.015363 -0.0153823 0.0125186 -0.01542 0 0 0 0 0 0 1.04167e+10 1.04167e+10 1.04167e+10 
0.02 -0.0008 0.0180066 -0.000401744 0.0186252 -0.002735 0 0 0 0 0 0 1.04167e+10 1.04167e+10 1.04167e+10 
0.02 -0.0008 0.0186252 -0.002735 0.02 -0.0024 0 0 0 0 0 0 1.04167e+10 1.04167e+10 1.04167e+10 
0.02 -0.0008 0.02 0.0008 0.0180066 -0.000401744 0 0 0 0 0 0 1.04167e+10 1.04167e+10 1.04167e+10 
-0.00600883 -0.00945308 -0.00628193 -0.0118734 -0.0035135 -0.0110754 0 0 0 0 0 0 2.08333e+10 2.08333e+10 2.08333e+10 
-0.00600883 -0.00945308 -0.0098627 -0.00989224 -0.00628193 -0.0118734 0 0 0 0 0 0 2.08333e+10 2.08333e+10 2.08333e+10 
-0.00600883 -0.00945308 -0.00867596 -0.00797742 -0.0098627 -0.00989224 0 0 0 0 0 0 2.08333e+10 2.08333e+10 2.08333e+10 
0.02 0.004 0.0186259 0.00222853 0.02 0.0024 0 0 0 0 0 0 1.04167e+10 1.04167e+10 1.04167e+10 
-0.00702688 0.00979478 -0.0044611 0.0102291 -0.00579934 0.0126819 0 0 0 0 0 0 1.04167e+10 1.04167e+10 1.04167e+10 
-0.00702688 0.00979478 -0.00579934 0.0126819 -0.00911948 0.0124555 0 0 0 0 0 0 1.04167e+10 1.04167e+10 1.04167e+10 
-0.00702688 0.00979478 -0.00911948 0.0124555 -0.00966359 0.0103802 0 0 0 0 0 0 1.04167e+10 1.04167e+10 1.04167e+10 
-0.00819525 -0.0151005 -0.0083528 -0.0132991 -0.0096534 -0.0142938 0 0 0 0 0 0 2.08333e+10 2.08333e+10 2.08333e+10 
-0.00819525 -0.0151005 -0.00655504 -0.0142937 -0.0083528 -0.0132991 0 0 0 0 0 0 2.08333e+10 2.08333e+10 2.08333e+10 
-0.00819525 -0.0151005 -0.0067371 -0.0159073 -0.00655504 -0.0142937 0 0 0 0 0 0 2.08333e+10 2.08333e+10 2.08333e+10 
-0.0119465 0.00529614 -0.0131886 0.00425716 -0.0108847 0.00422873 0 0 0 0 0 0 2.08333e+10 2.08333e+10 2.08333e+10 
-0.0119465 0.00529614 -0.0108847 0.00422873 -0.0107044 0.00633513 0 0 0 0 0 0 2.08333e+10 2.08333e+10 2.08333e+10 
0.012 0.02 0.0139377 0.0177711 0.0136 0.02 0 0 0 0 0 0 1.04167e+10 1.04167e+10 1.04167e+10 
0.012 0.02 0.0113208 0.0178671 0.0139377 0.0177711 0 0 0 0 0 0 1.04167e+10 1.04167e+10 1.04167e+10 
0.012 0.02 0.0104 0.02 0.0113208 0.0178671 0 0 0 0 0 0 1.04167e+10 1.04167e+10 1.04167e+10 
-0.0187568 0.00780532 -0.02 0.0088 -0.02 0.0072 0 0 0 0 0 0 1.04167e+10 1.04167e+10 1.04167e+10 
-0.0187568 0.00780532 -0.0174431 0.0101288 -0.02 0.0088 0 0 0 0 0 0 1.04167e+10 1.04167e+10 1.04167e+10 
-0.0187568 0.00780532 -0.0162285 0.00731717 -0.0174431 0.0101288 0 0 0 0 0 0 1.04167e+10 1.04167e+10 1.04167e+10 
-0.0187568 0.00780532 -0.02 0.0072 -0.02 0.0056 0 0 0 0 0 0 1.04167e+10 1.04167e+10 1.04167e+10 
-0.0187568 0.00780532 -0.02 0.0056 -0.0166762 0.00456563 0 0 0 0 0 0 1.04167e+10 1.04167e+10 1.04167e+10 
-0.0187568 0.00780532 -0.0166762 0.00456563 -0.0162285 0.00731717 0 0 0 0 0 0 1.04167e+10 1.04167e+10 1.04167e+10 
0.00845758 -0.0172338 0.0072 -0.02 0.0088 -0.02 0 0 0 0 0 0 1.04167e+10 1.04167e+10 1.04167e+10 
0.00845758 -0.0172338 0.00585176 -0.017725 0.0072 -0.02 0 0 0 0 0 0 1.04167e+10 1.04167e+10 1.04167e+10 
0.00845758 -0.0172338 0.00763069 -0.0148572 0.00585176 -0.017725 0 0 0 0 0 0 1.04167e+10 1.04167e+10 1.04167e+10 
0.00845758 -0.0172338 0.0088 -0.02 0.0109746 -0.0175867 0 0 0 0 0 0 1.04167e+10 1.04167e+10 1.04167e+10 
0.00845758 -0.0172338 0.0107415 -0.0151322 0.00763069 -0.0148572 0 0 0 0 0 0 1.04167e+10 1.04167e+10 1.04167e+10 
0.00845758 -0.0172338 0.0109746 -0.0175867 0.0107415 -0.0151322 0 0 0 0 0 0 1.04167e+10 1.04167e+10 1.04167e+10 
-0.0111115 -0.013487 -0.0096534 -0.0142938 -0.0101506 -0.0123044 0 0 0 0 0 0 2.08333e+10 2.08333e+10 2.08333e+10 
-0.0111115 -0.013487 -0.0101506 -0.0123044 -0.0119483 -0.0113097 0 0 0 0 0 0 2.08333e+10 2.08333e+10 2.08333e+10 
-0.0111115 -0.013487 -0.0119483 -0.0113097 -0.0125697 -0.0126802 0 0 0 0 0 0 2.08333e+10 2.08333e+10 2.08333e+10 
-0.0169441 -0.01026 -0.0155439 -0.00932041 -0.0171463 -0.00853309 0 0 0 0 0 0 2.08333e+10 2.08333e+10 2.08333e+10 
-0.0169441 -0.01026 -0.015486 -0.0110667 -0.0155439 -0.00932041 0 0 0 0 0 0 2.08333e+10 2.08333e+10 2.08333e+10 
-0.0184273 -0.0175924 -0.02 -0.0152 -0.02 -0.0168 0 0 0 0 0 0 1.04167e+10 1.04167e+10 1.04167e+10 
-0.0184273 -0.0175924 -0.0170014 -0.0151785 -0.02 -0.0152 0 0 0 0 0 0 1.04167e+10 1.04167e+10 1.04167e+10 
-0.0184273 -0.0175924 -0.0159773 -0.0172389 -0.0170014 -0.0151785 0 0 0 0 0 0 1.04167e+10 1.04167e+10 1.04167e+10 
-0.0184273 -0.0175924 -0.02 -0.0168 -0.02 -0.0184 0 0 0 0 0 0 1.04167e+10 1.04167e+10 1.04167e+10 
-0.0184273 -0.0175924 -0.0184 -0.02 -0.0168 -0.02 0 0 0 0 0 0 1.04167e+10 1.04167e+10 1.04167e+10 
-0.0184273 -0.0175924 -0.0168 -0.02 -0.0159773 -0.0172389 0 0 0 0 0 0 1.04167e+10 1.04167e+10 1.04167e+10 
-0.0184273 -0.0175924 -0.02 -0.0184 -0.0184 -0.02 0 0 0 0 0 0 1.04167e+10 1.04167e+10 1.04167e+10 
0.00456239 -0.00925585 0.00202337 -0.00947948 0.00367614 -0.0113447 0 0 0 0 0 0 2.08333e+10 2.08333e+10 2.08333e+10 
0.00456239 -0.00925585 0.00547 -0.0109571 0.00616201 -0.00932611 0 0 0 0 0 0 2.08333e+10 2.08333e+10 2.08333e+10 
0.00456239 -0.00925585 0.00367614 -0.0113447 0.00547 -0.0109571 0 0 0 0 0 0 2.08333e+10 2.08333e+10 2.08333e+10 
-0.0156728 0.0021792 -0.0146769 0.00105669 -0.0144307 0.00321818 0 0 0 0 0 0 2.08333e+10 2.08333e+10 2.08333e+10 
-0.0156728 0.0021792 -0.0169149 0.00114021 -0.0146769 0.00105669 0 0 0 0 0 0 2.08333e+10 2.08333e+10 2.08333e+10 
0.0107584 0.00532723 0.0112716 0.0073556 0.00906972 0.00777836 0 0 0 0 0 0 1.04167e+10 1.04167e+10 1.04167e+10 
0.0107584 0.00532723 0.00906972 0.00777836 0.00772263 0.00535432 0 0 0 0 0 0 1.04167e+10 1.04167e+10 1.04167e+10 
0.0107584 0.00532723 0.0113421 0.00258156 0.0128984 0.00506667 0 0 0 0 0 0 1.04167e+10 1.04167e+10 1.04167e+10 
0.0107584 0.00532723 0.0128984 0.00506667 0.0112716 0.0073556 0 0 0 0 0 0 1.04167e+10 1.04167e+10 1.04167e+10 
0.0107584 0.00532723 0.00843487 0.0023789 0.0113421 0.00258156 0 0 0 0 0 0 1.04167e+10 1.04167e+10 1.04167e+10 
0.0107584 0.00532723 0.00772263 0.00535432 0.00843487 0.0023789 0 0 0 0 0 0 1.04167e+10 1.04167e+10 1.04167e+10 
-0.0160584 -0.00492487 -0.0138202 -0.00469312 -0.0163157 -0.0027271 0 0 0 0 0 0 2.08333e+10 2.08333e+10 2.08333e+10 
-0.0160584 -0.00492487 -0.0158011 -0.00712264 -0.0138202 -0.00469312 0 0 0 0 0 0 2.08333e+10 2.08333e+10 2.08333e+10 
-0.0160584 -0.00492487 -0.0163157 -0.0027271 -0.0177527 -0.0033525 0 0 0 0 0 0 2.08333e+10 2.08333e+10 2.08333e+10 
-0.0160584 -0.00492487 -0.0177527 -0.0033525 -0.0175505 -0.00507936 0 0 0 0 0 0 2.08333e+10 2.08333e+10 2.08333e+10 
-0.0160584 -0.00492487 -0.0175505 -0.00507936 -0.0173484 -0.00680623 0 0 0 0 0 0 2.08333e+10 2.08333e+10 2.08333e+10 
-0.0160584 -0.00492487 -0.0173484 -0.00680623 -0.0158011 -0.00712264 0 0 0 0 0 0 2.08333e+10 2.08333e+10 2.08333e+10 
0.018219 0.00499335 0.0184698 0.00712598 0.0163703 0.00728904 0 0 0 0 0 0 1.04167e+10 1.04167e+10 1.04167e+10 
0.018219 0.00499335 0.0163703 0.00728904 0.0151049 0.00480217 0 0 0 0 0 0 1.04167e+10 1.04167e+10 1.04167e+10 
0.018219 0.00499335 0.02 0.0056 0.0184698 0.00712598 0 0 0 0 0 0 1.04167e+10 1.04167e+10 1.04167e+10 
0.018219 0.00499335 0.02 0.004 0.02 0.0056 0 0 0 0 0 0 1.04167e+10 1.04167e+10 1.04167e+10 
0.018219 0.00499335 0.0151049 0.00480217 0.0165163 0.00231483 0 0 0 0 0 0 1.04167e+10 1.04167e+10 1.04167e+10 
0.018219 0.00499335 0.0165163 0.00231483 0.0186259 0.00222853 0 0 0 0 0 0 1.04167e+10 1.04167e+10 1.04167e+10 
0.018219 0.00499335 0.0186259 0.00222853 0.02 0.004 0 0 0 0 0 0 1.04167e+10 1.04167e+10 1.04167e+10 
-0.02 0.0024 -0.0188003 0.00267149 -0.02 0.004 0 0 0 0 0 0 1.04167e+10 1.04167e+10 1.04167e+10 
-0.02 0.0024 -0.02 0.0008 -0.0188003 0.00267149 0 0 0 0 0 0 1.04167e+10 1.04167e+10 1.04167e+10 
0.0029155 0.00974436 0.00360154 0.0126375 0.000924614 0.0123975 0 0 0 0 0 0 1.04167e+10 1.04167e+10 1.04167e+10 
0.0029155 0.00974436 0.000924614 0.0123975 0.000735157 0.01011 0 0 0 0 0 0 1.04167e+10 1.04167e+10 1.04167e+10 
0.0029155 0.00974436 0.00362171 0.00787791 0.00545037 0.00993542 0 0 0 0 0 0 1.04167e+10 1.04167e+10 1.04167e+10 
0.0029155 0.00974436 0.00545037 0.00993542 0.00360154 0.0126375 0 0 0 0 0 0 1.04167e+10 1.04167e+10 1.04167e+10 
0.02 0.0152 0.0189027 0.0170678 0.0180102 0.0152941 0 0 0 0 0 0 1.04167e+10 1.04167e+10 1.04167e+10 
0.02 0.0152 0.02 0.0168 0.0189027 0.0170678 0 0 0 0 0 0 1.04167e+10 1.04167e+10 1.04167e+10 
0.02 0.0152 0.0180102 0.0152941 0.02 0.0136 0 0 0 0 0 0 1.04167e+10 1.04167e+10 1.04167e+10 
-0.0088 -0.02 -0.00891945 -0.0174528 -0.0104 -0.02 0 0 0 0 0 0 1.04167e+10 1.04167e+10 1.04167e+10 
-0.0088 -0.02 -0.0072 -0.02 -0.00891945 -0.0174528 0 0 0 0 0 0 1.04167e+10 1.04167e+10 1.04167e+10 
0.00519191 -0.00600647 0.00382477 -0.00513561 0.00391555 -0.00649788 0 0 0 0 0 0 2.60417e+10 2.60417e+10 2.60417e+10 
0.00519191 -0.00600647 0.00645522 -0.00539447 0.00553121 -0.00438524 0 0 0 0 0 0 2.60417e+10 2.60417e+10 2.60417e+10 
0.00519191 -0.00600647 0.00553121 -0.00438524 0.00382477 -0.00513561 0 0 0 0 0 0 2.60417e+10 2.60417e+10 2.60417e+10 
-0.0104 0.02 -0.00898719 0.0174135 -0.0088 0.02 0 0 0 0 0 0 1.04167e+10 1.04167e+10 1.04167e+10 
-0.0104 0.02 -0.010978 0.017692 -0.00898719 0.0174135 0 0 0 0 0 0 1.04167e+10 1.04167e+10 1.04167e+10 
-0.0104 0.02 -0.012 0.02 -0.010978 0.017692 0 0 0 0 0 0 1.04167e+10 1.04167e+10 1.04167e+10 
-0.0136 0.02 -0.0140665 0.0176528 -0.012 0.02 0 0 0 0 0 0 1.04167e+10 1.04167e+10 1.04167e+10 
-0.0136 0.02 -0.0152 0.02 -0.0140665 0.0176528 0 0 0 0 0 0 1.04167e+10 1.04167e+10 1.04167e+10 
-0.000234302 0.00528276 0.000870385 0.00626663 -0.000851738 0.00645121 0 0 0 0 0 0 2.60417e+10 2.60417e+10 2.60417e+10 
-0.000810257 -0.00877688 -3.54548e-06 -0.00720515 -0.00133116 -0.00714232 0 0 0 0 0 0 2.08333e+10 2.08333e+10 2.08333e+10 
-0.0115532 0.00753031 -0.0122475 0.00964226 -0.0140046 0.00766116 0 0 0 0 0 0 1.04167e+10 1.04167e+10 1.04167e+10 
-0.0115532 0.00753031 -0.0107044 0.00633513 -0.00946235 0.00737411 0 0 0 0 0 0 1.04167e+10 1.04167e+10 1.04167e+10 
-0.0115532 0.00753031 -0.0119465 0.00529614 -0.0107044 0.00633513 0 0 0 0 0 0 1.04167e+10 1.04167e+10 1.04167e+10 
-0.00265918 -0.0162527 -0.00180206 -0.0144848 -0.00344708 -0.014959 0 0 0 0 0 0 1.04167e+10 1.04167e+10 1.04167e+10 
-0.00265918 -0.0162527 -0.00384331 -0.0174883 -0.000829299 -0.0171358 0 0 0 0 0 0 1.04167e+10 1.04167e+10 1.04167e+10 
0.00664201 -0.0119362 0.00763069 -0.0148572 0.00906305 -0.0126485 0 0 0 0 0 0 1.04167e+10 1.04167e+10 1.04167e+10 
0.00664201 -0.0119362 0.00547 -0.0109571 0.00477799 -0.0125882 0 0 0 0 0 0 1.04167e+10 1.04167e+10 1.04167e+10 
-0.00892638 0.00565374 -0.00946235 0.00737411 -0.0107044 0.00633513 0 0 0 0 0 0 2.08333e+10 2.08333e+10 2.08333e+10 
-0.00892638 0.00565374 -0.0107044 0.00633513 -0.0108847 0.00422873 0 0 0 0 0 0 2.08333e+10 2.08333e+10 2.08333e+10 
-0.00892638 0.00565374 -0.00776849 0.0040169 -0.00736526 0.00529407 0 0 0 0 0 0 2.08333e+10 2.08333e+10 2.08333e+10 
-0.00892638 0.00565374 -0.00736526 0.00529407 -0.00774023 0.00718953 0 0 0 0 0 0 2.08333e+10 2.08333e+10 2.08333e+10 
-0.00892638 0.00565374 -0.00774023 0.00718953 -0.00946235 0.00737411 0 0 0 0 0 0 2.08333e+10 2.08333e+10 2.08333e+10 
-0.00548224 0.00841721 -0.00601811 0.00700495 -0.00429598 0.00682037 0 0 0 0 0 0 1.04167e+10 1.04167e+10 1.04167e+10 
-0.00548224 0.00841721 -0.0044611 0.0102291 -0.00702688 0.00979478 0 0 0 0 0 0 1.04167e+10 1.04167e+10 1.04167e+10 
-0.00300775 -0.0084474 -0.00600883 -0.00945308 -0.0035135 -0.0110754 0 0 0 0 0 0 2.08333e+10 2.08333e+10 2.08333e+10 
-0.00300775 -0.0084474 -0.00258486 -0.00691117 -0.00374728 -0.00651488 0 0 0 0 0 0 2.08333e+10 2.08333e+10 2.08333e+10 
-0.00300775 -0.0084474 -0.0035135 -0.0110754 -0.000745062 -0.0102775 0 0 0 0 0 0 2.08333e+10 2.08333e+10 2.08333e+10 
-0.00300775 -0.0084474 -0.000745062 -0.0102775 -0.000810257 -0.00877688 0 0 0 0 0 0 2.08333e+10 2.08333e+10 2.08333e+10 
-0.00300775 -0.0084474 -0.00133116 -0.00714232 -0.00258486 -0.00691117 0 0 0 0 0 0 2.08333e+10 2.08333e+10 2.08333e+10 
-0.00300775 -0.0084474 -0.000810257 -0.00877688 -0.00133116 -0.00714232 0 0 0 0 0 0 2.08333e+10 2.08333e+10 2.08333e+10 
-0.00962861 -0.00116129 -0.00768227 -0.00232387 -0.00801726 -0.00112532 0 0 0 0 0 0 2.08333e+10 2.08333e+10 2.08333e+10 
-0.00962861 -0.00116129 -0.00944468 -0.00336684 -0.00768227 -0.00232387 0 0 0 0 0 0 2.08333e+10 2.08333e+10 2.08333e+10 
-0.00962861 -0.00116129 -0.0118208 -0.002421 -0.00944468 -0.00336684 0 0 0 0 0 0 2.08333e+10 2.08333e+10 2.08333e+10 
-0.00962861 -0.00116129 -0.00801726 -0.00112532 -0.00817526 1.18901e-05 0 0 0 0 0 0 2.08333e+10 2.08333e+10 2.08333e+10 
-0.00962861 -0.00116129 -0.0112375 0.00100027 -0.0118208 -0.002421 0 0 0 0 0 0 2.08333e+10 2.08333e+10 2.08333e+10 
0.00625761 -0.000942969 0.00439608 -0.000495614 0.00549844 -0.00213351 0 0 0 0 0 0 2.60417e+10 2.60417e+10 2.60417e+10 
0.00625761 -0.000942969 0.00802469 -0.00153285 0.00711933 -0.0002637 0 0 0 0 0 0 2.60417e+10 2.60417e+10 2.60417e+10 
0.00625761 -0.000942969 0.00621397 0.00100545 0.00439608 -0.000495614 0 0 0 0 0 0 2.60417e+10 2.60417e+10 2.60417e+10 
0.00625761 -0.000942969 0.00711933 -0.0002637 0.00621397 0.00100545 0 0 0 0 0 0 2.60417e+10 2.60417e+10 2.60417e+10 
0.00980433 -0.00448284 0.00893006 -0.002802 0.00831492 -0.00425185 0 0 0 0 0 0 1.04167e+10 1.04167e+10 1.04167e+10 
0.00980433 -0.00448284 0.011406 -0.00272046 0.00893006 -0.002802 0 0 0 0 0 0 1.04167e+10 1.04167e+10 1.04167e+10 
0.00980433 -0.00448284 0.0107614 -0.00472027 0.011406 -0.00272046 0 0 0 0 0 0 1.04167e+10 1.04167e+10 1.04167e+10 
0.00459993 0.00578433 0.00349787 0.0048129 0.00565695 0.00504204 0 0 0 0 0 0 1.04167e+10 1.04167e+10 1.04167e+10 
0.00459993 0.00578433 0.00362171 0.00787791 0.00259251 0.00608205 0 0 0 0 0 0 1.04167e+10 1.04167e+10 1.04167e+10 
0.00459993 0.00578433 0.00259251 0.00608205 0.00349787 0.0048129 0 0 0 0 0 0 1.04167e+10 1.04167e+10 1.04167e+10 
0.00459993 0.00578433 0.00565695 0.00504204 0.00663242 0.00760683 0 0 0 0 0 0 1.04167e+10 1.04167e+10 1.04167e+10 
0.00459993 0.00578433 0.00663242 0.00760683 0.00362171 0.00787791 0 0 0 0 0 0 1.04167e+10 1.04167e+10 1.04167e+10 
-0.0131826 0.00616735 -0.0131886 0.00425716 -0.0119465 0.00529614 0 0 0 0 0 0 1.04167e+10 1.04167e+10 1.04167e+10 
-0.0131826 0.00616735 -0.0115532 0.00753031 -0.0140046 0.00766116 0 0 0 0 0 0 1.04167e+10 1.04167e+10 1.04167e+10 
-0.0131826 0.00616735 -0.0119465 0.00529614 -0.0115532 0.00753031 0 0 0 0 0 0 1.04167e+10 1.04167e+10 1.04167e+10 
-0.0164093 -0.0122259 -0.0183731 -0.0121929 -0.0170014 -0.0151785 0 0 0 0 0 0 1.04167e+10 1.04167e+10 1.04167e+10 
-0.0164093 -0.0122259 -0.015486 -0.0110667 -0.0169441 -0.01026 0 0 0 0 0 0 1.04167e+10 1.04167e+10 1.04167e+10 
-0.0164093 -0.0122259 -0.0140278 -0.0118735 -0.015486 -0.0110667 0 0 0 0 0 0 1.04167e+10 1.04167e+10 1.04167e+10 
-0.00770303 0.00865523 -0.00774023 0.00718953 -0.00601811 0.00700495 0 0 0 0 0 0 1.04167e+10 1.04167e+10 1.04167e+10 
-0.00770303 0.00865523 -0.00601811 0.00700495 -0.00548224 0.00841721 0 0 0 0 0 0 1.04167e+10 1.04167e+10 1.04167e+10 
-0.00770303 0.00865523 -0.00548224 0.00841721 -0.00702688 0.00979478 0 0 0 0 0 0 1.04167e+10 1.04167e+10 1.04167e+10 
-0.00770303 0.00865523 -0.00946235 0.00737411 -0.00774023 0.00718953 0 0 0 0 0 0 1.04167e+10 1.04167e+10 1.04167e+10 
-0.00770303 0.00865523 -0.00702688 0.00979478 -0.00966359 0.0103802 0 0 0 0 0 0 1.04167e+10 1.04167e+10 1.04167e+10 
0.00699792 0.0024228 0.00843487 0.0023789 0.00772263 0.00535432 0 0 0 0 0 0 1.04167e+10 1.04167e+10 1.04167e+10 
0.00699792 0.0024228 0.0053086 0.0022746 0.00621397 0.00100545 0 0 0 0 0 0 1.04167e+10 1.04167e+10 1.04167e+10 
-0.0107124 -0.0153779 -0.0096534 -0.0142938 -0.0111115 -0.013487 0 0 0 0 0 0 1.04167e+10 1.04167e+10 1.04167e+10 
-0.00805276 -0.00505145 -0.00924269 -0.00509244 -0.00867596 -0.00797742 0 0 0 0 0 0 2.08333e+10 2.08333e+10 2.08333e+10 
-0.00805276 -0.00505145 -0.00718533 -0.00342089 -0.00944468 -0.00336684 0 0 0 0 0 0 2.08333e+10 2.08333e+10 2.08333e+10 
-0.00805276 -0.00505145 -0.00944468 -0.00336684 -0.00924269 -0.00509244 0 0 0 0 0 0 2.08333e+10 2.08333e+10 2.08333e+10 
-0.00805276 -0.00505145 -0.00653332 -0.00440118 -0.00718533 -0.00342089 0 0 0 0 0 0 2.08333e+10 2.08333e+10 2.08333e+10 
-0.0145103 -0.0132766 -0.0125697 -0.0126802 -0.0140278 -0.0118735 0 0 0 0 0 0 1.04167e+10 1.04167e+10 1.04167e+10 
-0.0145103 -0.0132766 -0.0140278 -0.0118735 -0.0164093 -0.0122259 0 0 0 0 0 0 1.04167e+10 1.04167e+10 1.04167e+10 
-0.0145103 -0.0132766 -0.0170014 -0.0151785 -0.0144796 -0.0149787 0 0 0 0 0 0 1.04167e+10 1.04167e+10 1.04167e+10 
-0.0145103 -0.0132766 -0.0164093 -0.0122259 -0.0170014 -0.0151785 0 0 0 0 0 0 1.04167e+10 1.04167e+10 1.04167e+10 
0.00369031 -0.00823066 0.00202337 -0.00947948 0.00456239 -0.00925585 0 0 0 0 0 0 2.08333e+10 2.08333e+10 2.08333e+10 
0.00369031 -0.00823066 0.00391555 -0.00649788 0.00264011 -0.00686332 0 0 0 0 0 0 2.08333e+10 2.08333e+10 2.08333e+10 
-0.0194218 -0.00166263 -0.0179548 -0.00162563 -0.018157 0.000101232 0 0 0 0 0 0 1.04167e+10 1.04167e+10 1.04167e+10 
-0.0194218 -0.00166263 -0.018157 0.000101232 -0.02 -0.0008 0 0 0 0 0 0 1.04167e+10 1.04167e+10 1.04167e+10 
-0.0194218 -0.00166263 -0.02 -0.0008 -0.02 -0.0024 0 0 0 0 0 0 1.04167e+10 1.04167e+10 1.04167e+10 
-0.0194218 -0.00166263 -0.0177527 -0.0033525 -0.0179548 -0.00162563 0 0 0 0 0 0 1.04167e+10 1.04167e+10 1.04167e+10 
-0.0194218 -0.00166263 -0.02 -0.0024 -0.0177527 -0.0033525 0 0 0 0 0 0 1.04167e+10 1.04167e+10 1.04167e+10 
0.0048338 0.00105294 0.00439608 -0.000495614 0.00621397 0.00100545 0 0 0 0 0 0 2.60417e+10 2.60417e+10 2.60417e+10 
0.0048338 0.00105294 0.00621397 0.00100545 0.0053086 0.0022746 0 0 0 0 0 0 2.60417e+10 2.60417e+10 2.60417e+10 
0.0048338 0.00105294 0.00156008 0.000177232 0.00439608 -0.000495614 0 0 0 0 0 0 2.60417e+10 2.60417e+10 2.60417e+10 
0.00159613 -0.0150261 0.00139375 -0.0173099 0.0034614 -0.0174064 0 0 0 0 0 0 1.04167e+10 1.04167e+10 1.04167e+10 
0.00159613 -0.0150261 0.00148796 -0.0135365 -0.00015705 -0.0140106 0 0 0 0 0 0 1.04167e+10 1.04167e+10 1.04167e+10 
-0.0180708 0.00207849 -0.018157 0.000101232 -0.0169149 0.00114021 0 0 0 0 0 0 1.04167e+10 1.04167e+10 1.04167e+10 
-0.0180708 0.00207849 -0.02 0.0008 -0.018157 0.000101232 0 0 0 0 0 0 1.04167e+10 1.04167e+10 1.04167e+10 
-0.0180708 0.00207849 -0.0188003 0.00267149 -0.02 0.0008 0 0 0 0 0 0 1.04167e+10 1.04167e+10 1.04167e+10 
-0.018865 -0.00641895 -0.02 -0.0056 -0.02 -0.0072 0 0 0 0 0 0 1.04167e+10 1.04167e+10 1.04167e+10 
-0.018865 -0.00641895 -0.0175505 -0.00507936 -0.02 -0.0056 0 0 0 0 0 0 1.04167e+10 1.04167e+10 1.04167e+10 
-0.018865 -0.00641895 -0.0173484 -0.00680623 -0.0175505 -0.00507936 0 0 0 0 0 0 1.04167e+10 1.04167e+10 1.04167e+10 
-0.0183083 -0.0111753 -0.02 -0.0104 -0.02 -0.012 0 0 0 0 0 0 1.04167e+10 1.04167e+10 1.04167e+10 
-0.0183083 -0.0111753 -0.02 -0.012 -0.0183731 -0.0121929 0 0 0 0 0 0 1.04167e+10 1.04167e+10 1.04167e+10 
-0.0183083 -0.0111753 -0.0183731 -0.0121929 -0.0164093 -0.0122259 0 0 0 0 0 0 1.04167e+10 1.04167e+10 1.04167e+10 
-0.0183083 -0.0111753 -0.0164093 -0.0122259 -0.0169441 -0.01026 0 0 0 0 0 0 1.04167e+10 1.04167e+10 1.04167e+10 
-0.0185867 -0.00879712 -0.02 -0.0072 -0.02 -0.0088 0 0 0 0 0 0 1.04167e+10 1.04167e+10 1.04167e+10 
-0.0185867 -0.00879712 -0.018865 -0.00641895 -0.02 -0.0072 0 0 0 0 0 0 1.04167e+10 1.04167e+10 1.04167e+10 
-0.0185867 -0.00879712 -0.0171463 -0.00853309 -0.0173484 -0.00680623 0 0 0 0 0 0 1.04167e+10 1.04167e+10 1.04167e+10 
-0.0185867 -0.00879712 -0.0173484 -0.00680623 -0.018865 -0.00641895 0 0 0 0 0 0 1.04167e+10 1.04167e+10 1.04167e+10 
-0.0185867 -0.00879712 -0.0169441 -0.01026 -0.0171463 -0.00853309 0 0 0 0 0 0 1.04167e+10 1.04167e+10 1.04167e+10 
-0.0185867 -0.00879712 -0.0183083 -0.0111753 -0.0169441 -0.01026 0 0 0 0 0 0 1.04167e+10 1.04167e+10 1.04167e+10 
-0.0185867 -0.00879712 -0.02 -0.0088 -0.02 -0.0104 0 0 0 0 0 0 1.04167e+10 1.04167e+10 1.04167e+10 
-0.0185867 -0.00879712 -0.02 -0.0104 -0.0183083 -0.0111753 0 0 0 0 0 0 1.04167e+10 1.04167e+10 1.04167e+10 
0.00118014 0.00770312 -0.000851738 0.00645121 0.000870385 0.00626663 0 0 0 0 0 0 1.04167e+10 1.04167e+10 1.04167e+10 
0.00118014 0.00770312 0.0029155 0.00974436 0.000735157 0.01011 0 0 0 0 0 0 1.04167e+10 1.04167e+10 1.04167e+10 
0.00118014 0.00770312 0.000870385 0.00626663 0.00259251 0.00608205 0 0 0 0 0 0 1.04167e+10 1.04167e+10 1.04167e+10 
0.00118014 0.00770312 0.00259251 0.00608205 0.00362171 0.00787791 0 0 0 0 0 0 1.04167e+10 1.04167e+10 1.04167e+10 
0.00118014 0.00770312 0.00362171 0.00787791 0.0029155 0.00974436 0 0 0 0 0 0 1.04167e+10 1.04167e+10 1.04167e+10 
0.00153706 -0.00867725 0.00264011 -0.00686332 0.00137957 -0.00709878 0 0 0 0 0 0 2.08333e+10 2.08333e+10 2.08333e+10 
0.00153706 -0.00867725 0.00137957 -0.00709878 -3.54548e-06 -0.00720515 0 0 0 0 0 0 2.08333e+10 2.08333e+10 2.08333e+10 
0.00153706 -0.00867725 0.00202337 -0.00947948 0.00369031 -0.00823066 0 0 0 0 0 0 2.08333e+10 2.08333e+10 2.08333e+10 
0.00153706 -0.00867725 0.00369031 -0.00823066 0.00264011 -0.00686332 0 0 0 0 0 0 2.08333e+10 2.08333e+10 2.08333e+10 
0.00153706 -0.00867725 -3.54548e-06 -0.00720515 -0.000810257 -0.00877688 0 0 0 0 0 0 2.08333e+10 2.08333e+10 2.08333e+10 
0.00153706 -0.00867725 -0.000745062 -0.0102775 0.00202337 -0.00947948 0 0 0 0 0 0 2.08333e+10 2.08333e+10 2.08333e+10 
0.00153706 -0.00867725 -0.000810257 -0.00877688 -0.000745062 -0.0102775 0 0 0 0 0 0 2.08333e+10 2.08333e+10 2.08333e+10 
0.00901375 -0.00634619 0.00831492 -0.00425185 0.00754604 -0.00606405 0 0 0 0 0 0 1.04167e+10 1.04167e+10 1.04167e+10 
0.00901375 -0.00634619 0.00980433 -0.00448284 0.00831492 -0.00425185 0 0 0 0 0 0 1.04167e+10 1.04167e+10 1.04167e+10 
0.00901375 -0.00634619 0.00754604 -0.00606405 0.00903557 -0.00729643 0 0 0 0 0 0 1.04167e+10 1.04167e+10 1.04167e+10 
0.00901375 -0.00634619 0.00903557 -0.00729643 0.011412 -0.00709102 0 0 0 0 0 0 1.04167e+10 1.04167e+10 1.04167e+10 
0.00901375 -0.00634619 0.011412 -0.00709102 0.0107614 -0.00472027 0 0 0 0 0 0 1.04167e+10 1.04167e+10 1.04167e+10 
0.00901375 -0.00634619 0.0107614 -0.00472027 0.00980433 -0.00448284 0 0 0 0 0 0 1.04167e+10 1.04167e+10 1.04167e+10 
-0.0097889 0.00110393 -0.00817526 1.18901e-05 -0.00819354 0.00135593 0 0 0 0 0 0 2.08333e+10 2.08333e+10 2.08333e+10 
-0.0097889 0.00110393 -0.00819354 0.00135593 -0.00804277 0.00275049 0 0 0 0 0 0 2.08333e+10 2.08333e+10 2.08333e+10 
-0.0097889 0.00110393 -0.00962861 -0.00116129 -0.00817526 1.18901e-05 0 0 0 0 0 0 2.08333e+10 2.08333e+10 2.08333e+10 
-0.0097889 0.00110393 -0.0112375 0.00100027 -0.00962861 -0.00116129 0 0 0 0 0 0 2.08333e+10 2.08333e+10 2.08333e+10 
-0.00992382 0.00889326 -0.00966359 0.0103802 -0.0122475 0.00964226 0 0 0 0 0 0 1.04167e+10 1.04167e+10 1.04167e+10 
-0.00992382 0.00889326 -0.0122475 0.00964226 -0.0115532 0.00753031 0 0 0 0 0 0 1.04167e+10 1.04167e+10 1.04167e+10 
-0.00992382 0.00889326 -0.0115532 0.00753031 -0.00946235 0.00737411 0 0 0 0 0 0 1.04167e+10 1.04167e+10 1.04167e+10 
-0.00992382 0.00889326 -0.00946235 0.00737411 -0.00770303 0.00865523 0 0 0 0 0 0 1.04167e+10 1.04167e+10 1.04167e+10 
-0.00992382 0.00889326 -0.00770303 0.00865523 -0.00966359 0.0103802 0 0 0 0 0 0 1.04167e+10 1.04167e+10 1.04167e+10 
-0.0164414 0.00344144 -0.0156728 0.0021792 -0.0144307 0.00321818 0 0 0 0 0 0 1.04167e+10 1.04167e+10 1.04167e+10 
-0.0164414 0.00344144 -0.0169149 0.00114021 -0.0156728 0.0021792 0 0 0 0 0 0 1.04167e+10 1.04167e+10 1.04167e+10 
-0.0164414 0.00344144 -0.0180708 0.00207849 -0.0169149 0.00114021 0 0 0 0 0 0 1.04167e+10 1.04167e+10 1.04167e+10 
-0.0164414 0.00344144 -0.0166762 0.00456563 -0.0188003 0.00267149 0 0 0 0 0 0 1.04167e+10 1.04167e+10 1.04167e+10 
-0.0164414 0.00344144 -0.0188003 0.00267149 -0.0180708 0.00207849 0 0 0 0 0 0 1.04167e+10 1.04167e+10 1.04167e+10 
-0.00951972 0.00349051 -0.00804277 0.00275049 -0.00776849 0.0040169 0 0 0 0 0 0 2.08333e+10 2.08333e+10 2.08333e+10 
-0.00951972 0.00349051 -0.00892638 0.00565374 -0.0108847 0.00422873 0 0 0 0 0 0 2.08333e+10 2.08333e+10 2.08333e+10 
-0.00951972 0.00349051 -0.00776849 0.0040169 -0.00892638 0.00565374 0 0 0 0 0 0 2.08333e+10 2.08333e+10 2.08333e+10 
-0.00951972 0.00349051 -0.0097889 0.00110393 -0.00804277 0.00275049 0 0 0 0 0 0 2.08333e+10 2.08333e+10 2.08333e+10 
-0.00951972 0.00349051 -0.0108847 0.00422873 -0.0112375 0.00100027 0 0 0 0 0 0 2.08333e+10 2.08333e+10 2.08333e+10 
-0.00951972 0.00349051 -0.0112375 0.00100027 -0.0097889 0.00110393 0 0 0 0 0 0 2.08333e+10 2.08333e+10 2.08333e+10 
-0.00467528 0.00575875 -0.0063072 0.00432883 -0.00483833 0.00213566 0 0 0 0 0 0 2.60417e+10 2.60417e+10 2.60417e+10 
-0.00467528 0.00575875 -0.00601811 0.00700495 -0.0063072 0.00432883 0 0 0 0 0 0 2.60417e+10 2.60417e+10 2.60417e+10 
-0.00467528 0.00575875 -0.00429598 0.00682037 -0.00601811 0.00700495 0 0 0 0 0 0 2.60417e+10 2.60417e+10 2.60417e+10 
0.00372378 -0.0144128 0.00477799 -0.0125882 0.00313298 -0.0130623 0 0 0 0 0 0 1.04167e+10 1.04167e+10 1.04167e+10 
0.00372378 -0.0144128 0.0034614 -0.0174064 0.00542275 -0.0153622 0 0 0 0 0 0 1.04167e+10 1.04167e+10 1.04167e+10 
0.00372378 -0.0144128 0.00159613 -0.0150261 0.0034614 -0.0174064 0 0 0 0 0 0 1.04167e+10 1.04167e+10 1.04167e+10 
0.00372378 -0.0144128 0.00313298 -0.0130623 0.00148796 -0.0135365 0 0 0 0 0 0 1.04167e+10 1.04167e+10 1.04167e+10 
0.00372378 -0.0144128 0.00148796 -0.0135365 0.00159613 -0.0150261 0 0 0 0 0 0 1.04167e+10 1.04167e+10 1.04167e+10 
-0.00478683 -0.0168659 -0.00344708 -0.014959 -0.00509209 -0.0154331 0 0 0 0 0 0 1.04167e+10 1.04167e+10 1.04167e+10 
-0.00478683 -0.0168659 -0.0056 -0.02 -0.00384331 -0.0174883 0 0 0 0 0 0 1.04167e+10 1.04167e+10 1.04167e+10 
-0.00478683 -0.0168659 -0.00509209 -0.0154331 -0.0067371 -0.0159073 0 0 0 0 0 0 1.04167e+10 1.04167e+10 1.04167e+10 
-0.00478683 -0.0168659 -0.00265918 -0.0162527 -0.00344708 -0.014959 0 0 0 0 0 0 1.04167e+10 1.04167e+10 1.04167e+10 
-0.00478683 -0.0168659 -0.00384331 -0.0174883 -0.00265918 -0.0162527 0 0 0 0 0 0 1.04167e+10 1.04167e+10 1.04167e+10 
0.00819692 0.000742038 0.00711933 -0.0002637 0.00802469 -0.00153285 0 0 0 0 0 0 1.04167e+10 1.04167e+10 1.04167e+10 
0.00819692 0.000742038 0.0105535 -1.49185e-05 0.00843487 0.0023789 0 0 0 0 0 0 1.04167e+10 1.04167e+10 1.04167e+10 
0.00819692 0.000742038 0.00621397 0.00100545 0.00711933 -0.0002637 0 0 0 0 0 0 1.04167e+10 1.04167e+10 1.04167e+10 
0.00819692 0.000742038 0.00843487 0.0023789 0.00699792 0.0024228 0 0 0 0 0 0 1.04167e+10 1.04167e+10 1.04167e+10 
0.00819692 0.000742038 0.00699792 0.0024228 0.00621397 0.00100545 0 0 0 0 0 0 1.04167e+10 1.04167e+10 1.04167e+10 
0.00743259 -0.0100729 0.00906305 -0.0126485 0.0104494 -0.0100731 0 0 0 0 0 0 1.04167e+10 1.04167e+10 1.04167e+10 
0.00743259 -0.0100729 0.00664201 -0.0119362 0.00906305 -0.0126485 0 0 0 0 0 0 1.04167e+10 1.04167e+10 1.04167e+10 
0.00743259 -0.0100729 0.00616201 -0.00932611 0.00547 -0.0109571 0 0 0 0 0 0 1.04167e+10 1.04167e+10 1.04167e+10 
0.00743259 -0.0100729 0.00547 -0.0109571 0.00664201 -0.0119362 0 0 0 0 0 0 1.04167e+10 1.04167e+10 1.04167e+10 
-0.00245479 0.00552076 -0.00294736 0.00179468 -0.000809541 0.00259324 0 0 0 0 0 0 2.60417e+10 2.60417e+10 2.60417e+10 
-0.00245479 0.00552076 -0.000809541 0.00259324 -0.000234302 0.00528276 0 0 0 0 0 0 2.60417e+10 2.60417e+10 2.60417e+10 
-0.00245479 0.00552076 -0.000851738 0.00645121 -0.00257386 0.00663579 0 0 0 0 0 0 2.60417e+10 2.60417e+10 2.60417e+10 
-0.00245479 0.00552076 -0.000234302 0.00528276 -0.000851738 0.00645121 0 0 0 0 0 0 2.60417e+10 2.60417e+10 2.60417e+10 
-0.00245479 0.00552076 -0.00483833 0.00213566 -0.00294736 0.00179468 0 0 0 0 0 0 2.60417e+10 2.60417e+10 2.60417e+10 
-0.00245479 0.00552076 -0.00467528 0.00575875 -0.00483833 0.00213566 0 0 0 0 0 0 2.60417e+10 2.60417e+10 2.60417e+10 
-0.00245479 0.00552076 -0.00257386 0.00663579 -0.00429598 0.00682037 0 0 0 0 0 0 2.60417e+10 2.60417e+10 2.60417e+10 
-0.00245479 0.00552076 -0.00429598 0.00682037 -0.00467528 0.00575875 0 0 0 0 0 0 2.60417e+10 2.60417e+10 2.60417e+10 
-0.00691448 -0.0174792 -0.00891945 -0.0174528 -0.0072 -0.02 0 0 0 0 0 0 1.04167e+10 1.04167e+10 1.04167e+10 
-0.00691448 -0.0174792 -0.0072 -0.02 -0.0056 -0.02 0 0 0 0 0 0 1.04167e+10 1.04167e+10 1.04167e+10 
-0.00691448 -0.0174792 -0.0056 -0.02 -0.00478683 -0.0168659 0 0 0 0 0 0 1.04167e+10 1.04167e+10 1.04167e+10 
-0.00691448 -0.0174792 -0.00478683 -0.0168659 -0.0067371 -0.0159073 0 0 0 0 0 0 1.04167e+10 1.04167e+10 1.04167e+10 
-0.00668629 -0.00655522 -0.00867596 -0.00797742 -0.00600883 -0.00945308 0 0 0 0 0 0 2.08333e+10 2.08333e+10 2.08333e+10 
-0.00668629 -0.00655522 -0.00805276 -0.00505145 -0.00867596 -0.00797742 0 0 0 0 0 0 2.08333e+10 2.08333e+10 2.08333e+10 
-0.00668629 -0.00655522 -0.0048023 -0.00595897 -0.00573529 -0.00525113 0 0 0 0 0 0 2.08333e+10 2.08333e+10 2.08333e+10 
-0.00668629 -0.00655522 -0.00573529 -0.00525113 -0.00653332 -0.00440118 0 0 0 0 0 0 2.08333e+10 2.08333e+10 2.08333e+10 
-0.00668629 -0.00655522 -0.00653332 -0.00440118 -0.00805276 -0.00505145 0 0 0 0 0 0 2.08333e+10 2.08333e+10 2.08333e+10 
-0.00881344 -0.0164286 -0.0113692 -0.0172653 -0.00891945 -0.0174528 0 0 0 0 0 0 1.04167e+10 1.04167e+10 1.04167e+10 
-0.00881344 -0.0164286 -0.0107124 -0.0153779 -0.0113692 -0.0172653 0 0 0 0 0 0 1.04167e+10 1.04167e+10 1.04167e+10 
-0.00881344 -0.0164286 -0.0067371 -0.0159073 -0.00819525 -0.0151005 0 0 0 0 0 0 1.04167e+10 1.04167e+10 1.04167e+10 
-0.00881344 -0.0164286 -0.00819525 -0.0151005 -0.0096534 -0.0142938 0 0 0 0 0 0 1.04167e+10 1.04167e+10 1.04167e+10 
-0.00881344 -0.0164286 -0.0096534 -0.0142938 -0.0107124 -0.0153779 0 0 0 0 0 0 1.04167e+10 1.04167e+10 1.04167e+10 
-0.00881344 -0.0164286 -0.00891945 -0.0174528 -0.00691448 -0.0174792 0 0 0 0 0 0 1.04167e+10 1.04167e+10 1.04167e+10 
-0.00881344 -0.0164286 -0.00691448 -0.0174792 -0.0067371 -0.0159073 0 0 0 0 0 0 1.04167e+10 1.04167e+10 1.04167e+10 
0.00585143 -0.0137996 0.00542275 -0.0153622 0.00763069 -0.0148572 0 0 0 0 0 0 1.04167e+10 1.04167e+10 1.04167e+10 
0.00585143 -0.0137996 0.00763069 -0.0148572 0.00664201 -0.0119362 0 0 0 0 0 0 1.04167e+10 1.04167e+10 1.04167e+10 
0.00585143 -0.0137996 0.00664201 -0.0119362 0.00477799 -0.0125882 0 0 0 0 0 0 1.04167e+10 1.04167e+10 1.04167e+10 
0.00585143 -0.0137996 0.00477799 -0.0125882 0.00372378 -0.0144128 0 0 0 0 0 0 1.04167e+10 1.04167e+10 1.04167e+10 
0.00585143 -0.0137996 0.00372378 -0.0144128 0.00542275 -0.0153622 0 0 0 0 0 0 1.04167e+10 1.04167e+10 1.04167e+10 
-0.014812 0.0048044 -0.0144307 0.00321818 -0.0131886 0.00425716 0 0 0 0 0 0 1.04167e+10 1.04167e+10 1.04167e+10 
-0.014812 0.0048044 -0.0131886 0.00425716 -0.0131826 0.00616735 0 0 0 0 0 0 1.04167e+10 1.04167e+10 1.04167e+10 
-0.014812 0.0048044 -0.0164414 0.00344144 -0.0144307 0.00321818 0 0 0 0 0 0 1.04167e+10 1.04167e+10 1.04167e+10 
-0.014812 0.0048044 -0.0166762 0.00456563 -0.0164414 0.00344144 0 0 0 0 0 0 1.04167e+10 1.04167e+10 1.04167e+10 
-0.014812 0.0048044 -0.0140046 0.00766116 -0.0162285 0.00731717 0 0 0 0 0 0 1.04167e+10 1.04167e+10 1.04167e+10 
-0.014812 0.0048044 -0.0131826 0.00616735 -0.0140046 0.00766116 0 0 0 0 0 0 1.04167e+10 1.04167e+10 1.04167e+10 
-0.014812 0.0048044 -0.0162285 0.00731717 -0.0166762 0.00456563 0 0 0 0 0 0 1.04167e+10 1.04167e+10 1.04167e+10 
0.00341 0.00304885 -0.000809541 0.00259324 0.00156008 0.000177232 0 0 0 0 0 0 2.60417e+10 2.60417e+10 2.60417e+10 
0.00341 0.00304885 0.00440324 0.00354375 0.00349787 0.0048129 0 0 0 0 0 0 2.60417e+10 2.60417e+10 2.60417e+10 
0.00341 0.00304885 0.00156008 0.000177232 0.0048338 0.00105294 0 0 0 0 0 0 2.60417e+10 2.60417e+10 2.60417e+10 
0.00341 0.00304885 0.0053086 0.0022746 0.00440324 0.00354375 0 0 0 0 0 0 2.60417e+10 2.60417e+10 2.60417e+10 
0.00341 0.00304885 0.0048338 0.00105294 0.0053086 0.0022746 0 0 0 0 0 0 2.60417e+10 2.60417e+10 2.60417e+10 
-0.00104065 0.00794115 -0.00257386 0.00663579 -0.000851738 0.00645121 0 0 0 0 0 0 1.04167e+10 1.04167e+10 1.04167e+10 
-0.00104065 0.00794115 -0.000851738 0.00645121 0.00118014 0.00770312 0 0 0 0 0 0 1.04167e+10 1.04167e+10 1.04167e+10 
-0.00104065 0.00794115 0.000735157 0.01011 -0.002111 0.00970011 0 0 0 0 0 0 1.04167e+10 1.04167e+10 1.04167e+10 
-0.00104065 0.00794115 0.00118014 0.00770312 0.000735157 0.01011 0 0 0 0 0 0 1.04167e+10 1.04167e+10 1.04167e+10 
0.00198619 0.00504476 0.00349787 0.0048129 0.00259251 0.00608205 0 0 0 0 0 0 2.60417e+10 2.60417e+10 2.60417e+10 
0.00198619 0.00504476 0.000870385 0.00626663 -0.000234302 0.00528276 0 0 0 0 0 0 2.60417e+10 2.60417e+10 2.60417e+10 
0.00198619 0.00504476 0.00259251 0.00608205 0.000870385 0.00626663 0 0 0 0 0 0 2.60417e+10 2.60417e+10 2.60417e+10 
0.00198619 0.00504476 0.00341 0.00304885 0.00349787 0.0048129 0 0 0 0 0 0 2.60417e+10 2.60417e+10 2.60417e+10 
0.00198619 0.00504476 -0.000234302 0.00528276 -0.000809541 0.00259324 0 0 0 0 0 0 2.60417e+10 2.60417e+10 2.60417e+10 
0.00198619 0.00504476 -0.000809541 0.00259324 0.00341 0.00304885 0 0 0 0 0 0 2.60417e+10 2.60417e+10 2.60417e+10 
0.00939591 -0.000938726 0.00802469 -0.00153285 0.00893006 -0.002802 0 0 0 0 0 0 1.04167e+10 1.04167e+10 1.04167e+10 
0.00939591 -0.000938726 0.00819692 0.000742038 0.00802469 -0.00153285 0 0 0 0 0 0 1.04167e+10 1.04167e+10 1.04167e+10 
0.00939591 -0.000938726 0.0105535 -1.49185e-05 0.00819692 0.000742038 0 0 0 0 0 0 1.04167e+10 1.04167e+10 1.04167e+10 
0.00939591 -0.000938726 0.011406 -0.00272046 0.0105535 -1.49185e-05 0 0 0 0 0 0 1.04167e+10 1.04167e+10 1.04167e+10 
0.00939591 -0.000938726 0.00893006 -0.002802 0.011406 -0.00272046 0 0 0 0 0 0 1.04167e+10 1.04167e+10 1.04167e+10 
-0.00326144 0.00817918 -0.00429598 0.00682037 -0.00257386 0.00663579 0 0 0 0 0 0 1.04167e+10 1.04167e+10 1.04167e+10 
-0.00326144 0.00817918 -0.002111 0.00970011 -0.0044611 0.0102291 0 0 0 0 0 0 1.04167e+10 1.04167e+10 1.04167e+10 
-0.00326144 0.00817918 -0.00548224 0.00841721 -0.00429598 0.00682037 0 0 0 0 0 0 1.04167e+10 1.04167e+10 1.04167e+10 
-0.00326144 0.00817918 -0.0044611 0.0102291 -0.00548224 0.00841721 0 0 0 0 0 0 1.04167e+10 1.04167e+10 1.04167e+10 
-0.00326144 0.00817918 -0.00257386 0.00663579 -0.00104065 0.00794115 0 0 0 0 0 0 1.04167e+10 1.04167e+10 1.04167e+10 
-0.00326144 0.00817918 -0.00104065 0.00794115 -0.002111 0.00970011 0 0 0 0 0 0 1.04167e+10 1.04167e+10 1.04167e+10 
-0.00498698 -0.00769908 -0.00374728 -0.00651488 -0.0048023 -0.00595897 0 0 0 0 0 0 2.08333e+10 2.08333e+10 2.08333e+10 
-0.00498698 -0.00769908 -0.00668629 -0.00655522 -0.00600883 -0.00945308 0 0 0 0 0 0 2.08333e+10 2.08333e+10 2.08333e+10 
-0.00498698 -0.00769908 -0.0048023 -0.00595897 -0.00668629 -0.00655522 0 0 0 0 0 0 2.08333e+10 2.08333e+10 2.08333e+10 
-0.00498698 -0.00769908 -0.00600883 -0.00945308 -0.00300775 -0.0084474 0 0 0 0 0 0 2.08333e+10 2.08333e+10 2.08333e+10 
-0.00498698 -0.00769908 -0.00300775 -0.0084474 -0.00374728 -0.00651488 0 0 0 0 0 0 2.08333e+10 2.08333e+10 2.08333e+10 
0.00768142 -0.00293888 0.00831492 -0.00425185 0.00893006 -0.002802 0 0 0 0 0 0 2.60417e+10 2.60417e+10 2.60417e+10 
0.00768142 -0.00293888 0.00893006 -0.002802 0.00802469 -0.00153285 0 0 0 0 0 0 2.60417e+10 2.60417e+10 2.60417e+10 
0.00768142 -0.00293888 0.00549844 -0.00213351 0.00553121 -0.00438524 0 0 0 0 0 0 2.60417e+10 2.60417e+10 2.60417e+10 
0.00768142 -0.00293888 0.00625761 -0.000942969 0.00549844 -0.00213351 0 0 0 0 0 0 2.60417e+10 2.60417e+10 2.60417e+10 
0.00768142 -0.00293888 0.00802469 -0.00153285 0.00625761 -0.000942969 0 0 0 0 0 0 2.60417e+10 2.60417e+10 2.60417e+10 
0.00768142 -0.00293888 0.00645522 -0.00539447 0.00831492 -0.00425185 0 0 0 0 0 0 2.60417e+10 2.60417e+10 2.60417e+10 
0.00768142 -0.00293888 0.00553121 -0.00438524 0.00645522 -0.00539447 0 0 0 0 0 0 2.60417e+10 2.60417e+10 2.60417e+10 
0.00579893 0.00410357 0.00565695 0.00504204 0.00440324 0.00354375 0 0 0 0 0 0 1.04167e+10 1.04167e+10 1.04167e+10 
0.00579893 0.00410357 0.00440324 0.00354375 0.0053086 0.0022746 0 0 0 0 0 0 1.04167e+10 1.04167e+10 1.04167e+10 
0.00579893 0.00410357 0.0053086 0.0022746 0.00699792 0.0024228 0 0 0 0 0 0 1.04167e+10 1.04167e+10 1.04167e+10 
0.00579893 0.00410357 0.00772263 0.00535432 0.00565695 0.00504204 0 0 0 0 0 0 1.04167e+10 1.04167e+10 1.04167e+10 
0.00579893 0.00410357 0.00699792 0.0024228 0.00772263 0.00535432 0 0 0 0 0 0 1.04167e+10 1.04167e+10 1.04167e+10 
-0.000531526 -0.0156394 -0.00015705 -0.0140106 -0.00180206 -0.0144848 0 0 0 0 0 0 1.04167e+10 1.04167e+10 1.04167e+10 
-0.000531526 -0.0156394 0.00159613 -0.0150261 -0.00015705 -0.0140106 0 0 0 0 0 0 1.04167e+10 1.04167e+10 1.04167e+10 
-0.000531526 -0.0156394 -0.000829299 -0.0171358 0.00139375 -0.0173099 0 0 0 0 0 0 1.04167e+10 1.04167e+10 1.04167e+10 
-0.000531526 -0.0156394 0.00139375 -0.0173099 0.00159613 -0.0150261 0 0 0 0 0 0 1.04167e+10 1.04167e+10 1.04167e+10 
-0.000531526 -0.0156394 -0.00180206 -0.0144848 -0.00265918 -0.0162527 0 0 0 0 0 0 1.04167e+10 1.04167e+10 1.04167e+10 
-0.000531526 -0.0156394 -0.00265918 -0.0162527 -0.000829299 -0.0171358 0 0 0 0 0 0 1.04167e+10 1.04167e+10 1.04167e+10 
0.00585118 -0.00745829 0.00754604 -0.00606405 0.00645522 -0.00539447 0 0 0 0 0 0 2.08333e+10 2.08333e+10 2.08333e+10 
0.00585118 -0.00745829 0.00685402 -0.00769508 0.00754604 -0.00606405 0 0 0 0 0 0 2.08333e+10 2.08333e+10 2.08333e+10 
0.00585118 -0.00745829 0.00645522 -0.00539447 0.00519191 -0.00600647 0 0 0 0 0 0 2.08333e+10 2.08333e+10 2.08333e+10 
0.00585118 -0.00745829 0.00456239 -0.00925585 0.00616201 -0.00932611 0 0 0 0 0 0 2.08333e+10 2.08333e+10 2.08333e+10 
0.00585118 -0.00745829 0.00616201 -0.00932611 0.00685402 -0.00769508 0 0 0 0 0 0 2.08333e+10 2.08333e+10 2.08333e+10 
0.00585118 -0.00745829 0.00519191 -0.00600647 0.00391555 -0.00649788 0 0 0 0 0 0 2.08333e+10 2.08333e+10 2.08333e+10 
0.00585118 -0.00745829 0.00391555 -0.00649788 0.00369031 -0.00823066 0 0 0 0 0 0 2.08333e+10 2.08333e+10 2.08333e+10 
0.00585118 -0.00745829 0.00369031 -0.00823066 0.00456239 -0.00925585 0 0 0 0 0 0 2.08333e+10 2.08333e+10 2.08333e+10 
-0.0126114 -0.0143272 -0.0133648 -0.0177646 -0.0113692 -0.0172653 0 0 0 0 0 0 1.04167e+10 1.04167e+10 1.04167e+10 
-0.0126114 -0.0143272 -0.0144796 -0.0149787 -0.0133648 -0.0177646 0 0 0 0 0 0 1.04167e+10 1.04167e+10 1.04167e+10 
-0.0126114 -0.0143272 -0.0113692 -0.0172653 -0.0107124 -0.0153779 0 0 0 0 0 0 1.04167e+10 1.04167e+10 1.04167e+10 
-0.0126114 -0.0143272 -0.0111115 -0.013487 -0.0125697 -0.0126802 0 0 0 0 0 0 1.04167e+10 1.04167e+10 1.04167e+10 
-0.0126114 -0.0143272 -0.0107124 -0.0153779 -0.0111115 -0.013487 0 0 0 0 0 0 1.04167e+10 1.04167e+10 1.04167e+10 
-0.0126114 -0.0143272 -0.0125697 -0.0126802 -0.0145103 -0.0132766 0 0 0 0 0 0 1.04167e+10 1.04167e+10 1.04167e+10 
-0.0126114 -0.0143272 -0.0145103 -0.0132766 -0.0144796 -0.0149787 0 0 0 0 0 0 1.04167e+10 1.04167e+10 1.04167e+10 
0.00822317 -0.00820953 0.00903557 -0.00729643 0.00754604 -0.00606405 0 0 0 0 0 0 1.04167e+10 1.04167e+10 1.04167e+10 
0.00822317 -0.00820953 0.00754604 -0.00606405 0.00685402 -0.00769508 0 0 0 0 0 0 1.04167e+10 1.04167e+10 1.04167e+10 
0.00822317 -0.00820953 0.00616201 -0.00932611 0.00743259 -0.0100729 0 0 0 0 0 0 1.04167e+10 1.04167e+10 1.04167e+10 
0.00822317 -0.00820953 0.00685402 -0.00769508 0.00616201 -0.00932611 0 0 0 0 0 0 1.04167e+10 1.04167e+10 1.04167e+10 
0.00822317 -0.00820953 0.0104494 -0.0100731 0.00903557 -0.00729643 0 0 0 0 0 0 1.04167e+10 1.04167e+10 1.04167e+10 
0.00822317 -0.00820953 0.00743259 -0.0100729 0.0104494 -0.0100731 0 0 0 0 0 0 1.04167e+10 1.04167e+10 1.04167e+10 
