TRIANGLES
695
3
3
0.00680468 -0.00159933 0.0068894 -0.00285745 0.00826627 -0.00276799 0 0 0 0 0 0 2.08333e+10 2.08333e+10 2.08333e+10 
0.00267677 0.00566126 0.00272854 0.00797942 0.000778718 0.00670451 0 0 0 0 0 0 2.08333e+10 2.08333e+10 2.08333e+10 
0.00442429 0.00702904 0.00272854 0.00797942 0.00267677 0.00566126 0 0 0 0 0 0 2.08333e+10 2.08333e+10 2.08333e+10 
0.0134511 -0.0178423 0.0136 -0.02 0.0152 -0.02 0 0 0 0 0 0 1.04167e+10 1.04167e+10 1.04167e+10 
0.00558446 -0.00282423 0.0068894 -0.00285745 0.00680468 -0.00159933 0 0 0 0 0 0 2.08333e+10 2.08333e+10 2.08333e+10 
0.0184 -0.02 0.02 -0.02 0.02 -0.0184 0 0 0 0 0 0 1.04167e+10 1.04167e+10 1.04167e+10 
0.00903557 -0.00729643 0.00760524 -0.00509477 0.00599168 -0.00772745 0 0 0 0 0 0 1.04167e+10 1.04167e+10 1.04167e+10 
0.00903557 -0.00729643 0.00599168 -0.00772745 0.00762659 -0.0101958 0 0 0 0 0 0 1.04167e+10 1.04167e+10 1.04167e+10 
0.02 -0.0136 0.017671 -0.0145882 0.02 -0.0152 0 0 0 0 0 0 1.04167e+10 1.04167e+10 1.04167e+10 
0.02 0.0152 0.02 0.0168 0.018466 0.0168448 0 0 0 0 0 0 2.08333e+10 2.08333e+10 2.08333e+10 
0.0136441 -0.0123367 0.0126109 -0.00964405 0.0110378 -0.0121558 0 0 0 0 0 0 1.04167e+10 1.04167e+10 1.04167e+10 
0.000976351 0.00445209 0.00267677 0.00566126 0.000778718 0.00670451 0 0 0 0 0 0 2.08333e+10 2.08333e+10 2.08333e+10 
0.00393938 -0.0127923 0.00542275 -0.0153622 0.00622259 -0.0121674 0 0 0 0 0 0 1.04167e+10 1.04167e+10 1.04167e+10 
0.0159673 0.00965013 0.013625 0.00804718 0.0167462 0.00791226 0 0 0 0 0 0 2.08333e+10 2.08333e+10 2.08333e+10 
-0.0187568 0.00780532 -0.0162285 0.00731717 -0.0174431 0.0101288 0 0 0 0 0 0 1.04167e+10 1.04167e+10 1.04167e+10 
-0.02 -0.0184 -0.02 -0.02 -0.0184 -0.02 0 0 0 0 0 0 1.04167e+10 1.04167e+10 1.04167e+10 
0.0189126 -0.0121862 0.02 -0.012 0.02 -0.0104 0 0 0 0 0 0 1.04167e+10 1.04167e+10 1.04167e+10 
0.0189126 -0.0121862 0.02 -0.0136 0.02 -0.012 0 0 0 0 0 0 1.04167e+10 1.04167e+10 1.04167e+10 
0.0189126 -0.0121862 0.017671 -0.0145882 0.02 -0.0136 0 0 0 0 0 0 1.04167e+10 1.04167e+10 1.04167e+10 
0.0189126 -0.0121862 0.0166744 -0.0124224 0.017671 -0.0145882 0 0 0 0 0 0 1.04167e+10 1.04167e+10 1.04167e+10 
0.0187863 -0.0172033 0.02 -0.0184 0.02 -0.0168 0 0 0 0 0 0 1.04167e+10 1.04167e+10 1.04167e+10 
0.0187863 -0.0172033 0.0184 -0.02 0.02 -0.0184 0 0 0 0 0 0 1.04167e+10 1.04167e+10 1.04167e+10 
0.0187863 -0.0172033 0.02 -0.0168 0.02 -0.0152 0 0 0 0 0 0 1.04167e+10 1.04167e+10 1.04167e+10 
0.0187863 -0.0172033 0.02 -0.0152 0.017671 -0.0145882 0 0 0 0 0 0 1.04167e+10 1.04167e+10 1.04167e+10 
0.00507924 0.00479941 0.00442429 0.00702904 0.00267677 0.00566126 0 0 0 0 0 0 2.08333e+10 2.08333e+10 2.08333e+10 
0.0072 0.02 0.0056 0.02 0.00539386 0.0186314 0 0 0 0 0 0 2.08333e+10 2.08333e+10 2.08333e+10 
-0.00141374 -0.0122913 0.000504647 -0.0101916 -0.00197655 -0.0100595 0 0 0 0 0 0 1.04167e+10 1.04167e+10 1.04167e+10 
-0.00334804 -0.0123067 -0.00141374 -0.0122913 -0.00197655 -0.0100595 0 0 0 0 0 0 1.04167e+10 1.04167e+10 1.04167e+10 
0.00100811 0.000378488 0.00194212 0.00233173 1.68062e-05 0.00162874 0 0 0 0 0 0 2.08333e+10 2.08333e+10 2.08333e+10 
0.00100811 0.000378488 0.00366329 0.000929539 0.00194212 0.00233173 0 0 0 0 0 0 2.08333e+10 2.08333e+10 2.08333e+10 
-0.00627957 -0.0121221 -0.00869734 -0.0129031 -0.0070766 -0.0147638 0 0 0 0 0 0 1.04167e+10 1.04167e+10 1.04167e+10 
0.0187612 0.014429 0.02 0.0152 0.018466 0.0168448 0 0 0 0 0 0 2.08333e+10 2.08333e+10 2.08333e+10 
0.0125186 -0.01542 0.0136441 -0.0123367 0.0110378 -0.0121558 0 0 0 0 0 0 1.04167e+10 1.04167e+10 1.04167e+10 
0.00484096 0.00934492 0.00727017 0.0108816 0.0058317 0.0118445 0 0 0 0 0 0 2.08333e+10 2.08333e+10 2.08333e+10 
0.00484096 0.00934492 0.00272854 0.00797942 0.00442429 0.00702904 0 0 0 0 0 0 2.08333e+10 2.08333e+10 2.08333e+10 
0.02 0.0136 0.02 0.0152 0.0187612 0.014429 0 0 0 0 0 0 2.08333e+10 2.08333e+10 2.08333e+10 
0.0109746 -0.0175867 0.0134511 -0.0178423 0.0125186 -0.01542 0 0 0 0 0 0 1.04167e+10 1.04167e+10 1.04167e+10 
0.0168768 0.00134733 0.0183932 0.00217221 0.0159379 0.00301183 0 0 0 0 0 0 2.08333e+10 2.08333e+10 2.08333e+10 
-0.000810112 0.0135592 -0.00247617 0.014649 -0.00125825 0.0122926 0 0 0 0 0 0 1.04167e+10 1.04167e+10 1.04167e+10 
-0.00109954 0.0060704 0.000778718 0.00670451 -0.00102099 0.00763991 0 0 0 0 0 0 2.08333e+10 2.08333e+10 2.08333e+10 
-0.00109954 0.0060704 -0.00228035 0.00461683 -0.00097294 0.00446322 0 0 0 0 0 0 2.08333e+10 2.08333e+10 2.08333e+10 
-0.00109954 0.0060704 -0.00102099 0.00763991 -0.00232564 0.00710564 0 0 0 0 0 0 2.08333e+10 2.08333e+10 2.08333e+10 
-0.00109954 0.0060704 -0.00097294 0.00446322 0.000976351 0.00445209 0 0 0 0 0 0 2.08333e+10 2.08333e+10 2.08333e+10 
-0.00109954 0.0060704 0.000976351 0.00445209 0.000778718 0.00670451 0 0 0 0 0 0 2.08333e+10 2.08333e+10 2.08333e+10 
-0.00396038 0.0174 -0.00119626 0.0171979 -0.0024 0.02 0 0 0 0 0 0 1.04167e+10 1.04167e+10 1.04167e+10 
0.0167116 -0.0177465 0.0152 -0.02 0.0168 -0.02 0 0 0 0 0 0 1.04167e+10 1.04167e+10 1.04167e+10 
0.0167116 -0.0177465 0.0134511 -0.0178423 0.0152 -0.02 0 0 0 0 0 0 1.04167e+10 1.04167e+10 1.04167e+10 
0.0167116 -0.0177465 0.0187863 -0.0172033 0.017671 -0.0145882 0 0 0 0 0 0 1.04167e+10 1.04167e+10 1.04167e+10 
0.0167116 -0.0177465 0.0168 -0.02 0.0184 -0.02 0 0 0 0 0 0 1.04167e+10 1.04167e+10 1.04167e+10 
0.0167116 -0.0177465 0.0184 -0.02 0.0187863 -0.0172033 0 0 0 0 0 0 1.04167e+10 1.04167e+10 1.04167e+10 
-0.0120906 0.000412532 -0.0148418 0.000132241 -0.0136577 -0.00216959 0 0 0 0 0 0 1.04167e+10 1.04167e+10 1.04167e+10 
-0.0120906 0.000412532 -0.0136577 -0.00216959 -0.0110082 -0.0023872 0 0 0 0 0 0 1.04167e+10 1.04167e+10 1.04167e+10 
-0.0120906 0.000412532 -0.0138588 0.00222404 -0.0148418 0.000132241 0 0 0 0 0 0 1.04167e+10 1.04167e+10 1.04167e+10 
-0.0120906 0.000412532 -0.0111295 0.00261126 -0.0138588 0.00222404 0 0 0 0 0 0 1.04167e+10 1.04167e+10 1.04167e+10 
-0.0123728 0.00494443 -0.0110259 0.00718418 -0.0140046 0.00766116 0 0 0 0 0 0 1.04167e+10 1.04167e+10 1.04167e+10 
-0.0123728 0.00494443 -0.0138588 0.00222404 -0.0111295 0.00261126 0 0 0 0 0 0 1.04167e+10 1.04167e+10 1.04167e+10 
0.00852189 0.00039636 0.0102704 -0.00116155 0.0110182 0.000954723 0 0 0 0 0 0 2.08333e+10 2.08333e+10 2.08333e+10 
-0.0046873 -0.0146574 -0.0070766 -0.0147638 -0.00624478 -0.0173872 0 0 0 0 0 0 1.04167e+10 1.04167e+10 1.04167e+10 
-0.0046873 -0.0146574 -0.00624478 -0.0173872 -0.00384331 -0.0174883 0 0 0 0 0 0 1.04167e+10 1.04167e+10 1.04167e+10 
-0.0046873 -0.0146574 -0.00627957 -0.0121221 -0.0070766 -0.0147638 0 0 0 0 0 0 1.04167e+10 1.04167e+10 1.04167e+10 
-0.0046873 -0.0146574 -0.00334804 -0.0123067 -0.00627957 -0.0121221 0 0 0 0 0 0 1.04167e+10 1.04167e+10 1.04167e+10 
0.015363 -0.0153823 0.0136441 -0.0123367 0.0125186 -0.01542 0 0 0 0 0 0 1.04167e+10 1.04167e+10 1.04167e+10 
0.015363 -0.0153823 0.0166744 -0.0124224 0.0136441 -0.0123367 0 0 0 0 0 0 1.04167e+10 1.04167e+10 1.04167e+10 
0.015363 -0.0153823 0.017671 -0.0145882 0.0166744 -0.0124224 0 0 0 0 0 0 1.04167e+10 1.04167e+10 1.04167e+10 
0.015363 -0.0153823 0.0167116 -0.0177465 0.017671 -0.0145882 0 0 0 0 0 0 1.04167e+10 1.04167e+10 1.04167e+10 
0.015363 -0.0153823 0.0125186 -0.01542 0.0134511 -0.0178423 0 0 0 0 0 0 1.04167e+10 1.04167e+10 1.04167e+10 
0.015363 -0.0153823 0.0134511 -0.0178423 0.0167116 -0.0177465 0 0 0 0 0 0 1.04167e+10 1.04167e+10 1.04167e+10 
-0.00911948 0.0124555 -0.00950399 0.0150225 -0.0109052 0.0126934 0 0 0 0 0 0 1.04167e+10 1.04167e+10 1.04167e+10 
-0.00911948 0.0124555 -0.0109052 0.0126934 -0.00966359 0.0103802 0 0 0 0 0 0 1.04167e+10 1.04167e+10 1.04167e+10 
-0.00898719 0.0174135 -0.0104 0.02 -0.010978 0.017692 0 0 0 0 0 0 1.04167e+10 1.04167e+10 1.04167e+10 
-0.00898719 0.0174135 -0.010978 0.017692 -0.00950399 0.0150225 0 0 0 0 0 0 1.04167e+10 1.04167e+10 1.04167e+10 
0.00845758 -0.0172338 0.0088 -0.02 0.0109746 -0.0175867 0 0 0 0 0 0 1.04167e+10 1.04167e+10 1.04167e+10 
0.00548216 -0.00527967 0.00599168 -0.00772745 0.00760524 -0.00509477 0 0 0 0 0 0 1.04167e+10 1.04167e+10 1.04167e+10 
0.00548216 -0.00527967 0.00338346 -0.00748113 0.00599168 -0.00772745 0 0 0 0 0 0 1.04167e+10 1.04167e+10 1.04167e+10 
-0.00126404 0.00120822 1.68062e-05 0.00162874 -0.00175656 0.00231601 0 0 0 0 0 0 2.08333e+10 2.08333e+10 2.08333e+10 
0.018064 -0.00535031 0.02 -0.0056 0.02 -0.004 0 0 0 0 0 0 1.04167e+10 1.04167e+10 1.04167e+10 
-0.00151891 -0.00728556 -0.00197655 -0.0100595 0.000504647 -0.0101916 0 0 0 0 0 0 1.04167e+10 1.04167e+10 1.04167e+10 
0.000891113 0.0143708 0.00169527 0.0160785 0.000303621 0.0161506 0 0 0 0 0 0 2.08333e+10 2.08333e+10 2.08333e+10 
-0.0022896 -0.0151291 0.000669259 -0.0146334 -0.00141374 -0.0122913 0 0 0 0 0 0 1.04167e+10 1.04167e+10 1.04167e+10 
-0.0022896 -0.0151291 -0.0046873 -0.0146574 -0.00384331 -0.0174883 0 0 0 0 0 0 1.04167e+10 1.04167e+10 1.04167e+10 
-0.0022896 -0.0151291 -0.00141374 -0.0122913 -0.00334804 -0.0123067 0 0 0 0 0 0 1.04167e+10 1.04167e+10 1.04167e+10 
-0.0022896 -0.0151291 -0.00334804 -0.0123067 -0.0046873 -0.0146574 0 0 0 0 0 0 1.04167e+10 1.04167e+10 1.04167e+10 
-0.00919869 0.00536656 -0.0110259 0.00718418 -0.0123728 0.00494443 0 0 0 0 0 0 1.04167e+10 1.04167e+10 1.04167e+10 
-0.00919869 0.00536656 -0.0123728 0.00494443 -0.0111295 0.00261126 0 0 0 0 0 0 1.04167e+10 1.04167e+10 1.04167e+10 
0.0104 -0.02 0.0109746 -0.0175867 0.0088 -0.02 0 0 0 0 0 0 1.04167e+10 1.04167e+10 1.04167e+10 
0.0103029 0.0156745 0.0119638 0.0177998 0.0101561 0.0186342 0 0 0 0 0 0 2.08333e+10 2.08333e+10 2.08333e+10 
0.0103029 0.0156745 0.0101561 0.0186342 0.00866454 0.0166115 0 0 0 0 0 0 2.08333e+10 2.08333e+10 2.08333e+10 
0.0103029 0.0156745 0.0117748 0.0145986 0.0119638 0.0177998 0 0 0 0 0 0 2.08333e+10 2.08333e+10 2.08333e+10 
0.00535365 -0.0102397 0.00338346 -0.00748113 0.00315025 -0.0101685 0 0 0 0 0 0 1.04167e+10 1.04167e+10 1.04167e+10 
0.00535365 -0.0102397 0.00599168 -0.00772745 0.00338346 -0.00748113 0 0 0 0 0 0 1.04167e+10 1.04167e+10 1.04167e+10 
0.00535365 -0.0102397 0.00622259 -0.0121674 0.00762659 -0.0101958 0 0 0 0 0 0 1.04167e+10 1.04167e+10 1.04167e+10 
0.00535365 -0.0102397 0.00762659 -0.0101958 0.00599168 -0.00772745 0 0 0 0 0 0 1.04167e+10 1.04167e+10 1.04167e+10 
0.00535365 -0.0102397 0.00393938 -0.0127923 0.00622259 -0.0121674 0 0 0 0 0 0 1.04167e+10 1.04167e+10 1.04167e+10 
0.00535365 -0.0102397 0.00315025 -0.0101685 0.00393938 -0.0127923 0 0 0 0 0 0 1.04167e+10 1.04167e+10 1.04167e+10 
0.00645447 0.00627455 0.00442429 0.00702904 0.00507924 0.00479941 0 0 0 0 0 0 2.08333e+10 2.08333e+10 2.08333e+10 
0.00645447 0.00627455 0.00507924 0.00479941 0.00711534 0.00393055 0 0 0 0 0 0 2.08333e+10 2.08333e+10 2.08333e+10 
0.00645447 0.00627455 0.00711534 0.00393055 0.00875053 0.00577992 0 0 0 0 0 0 2.08333e+10 2.08333e+10 2.08333e+10 
0.00645447 0.00627455 0.00875053 0.00577992 0.00785256 0.00792856 0 0 0 0 0 0 2.08333e+10 2.08333e+10 2.08333e+10 
0.00763069 -0.0148572 0.00622259 -0.0121674 0.00542275 -0.0153622 0 0 0 0 0 0 1.04167e+10 1.04167e+10 1.04167e+10 
-0.0170014 -0.0151785 -0.0183731 -0.0121929 -0.02 -0.0136 0 0 0 0 0 0 1.04167e+10 1.04167e+10 1.04167e+10 
-0.0170014 -0.0151785 -0.0164292 -0.0124652 -0.0183731 -0.0121929 0 0 0 0 0 0 1.04167e+10 1.04167e+10 1.04167e+10 
-0.0170014 -0.0151785 -0.0144796 -0.0149787 -0.0164292 -0.0124652 0 0 0 0 0 0 1.04167e+10 1.04167e+10 1.04167e+10 
0.0164517 0.0148964 0.0187612 0.014429 0.018466 0.0168448 0 0 0 0 0 0 2.08333e+10 2.08333e+10 2.08333e+10 
0.0164517 0.0148964 0.018466 0.0168448 0.0170739 0.0176887 0 0 0 0 0 0 2.08333e+10 2.08333e+10 2.08333e+10 
-0.00207903 0.00342231 -0.00097294 0.00446322 -0.00228035 0.00461683 0 0 0 0 0 0 2.08333e+10 2.08333e+10 2.08333e+10 
-0.004 0.02 -0.00396038 0.0174 -0.0024 0.02 0 0 0 0 0 0 1.04167e+10 1.04167e+10 1.04167e+10 
-0.004 0.02 -0.0056 0.02 -0.00396038 0.0174 0 0 0 0 0 0 1.04167e+10 1.04167e+10 1.04167e+10 
-0.00891945 -0.0174528 -0.00624478 -0.0173872 -0.0070766 -0.0147638 0 0 0 0 0 0 1.04167e+10 1.04167e+10 1.04167e+10 
-0.00891945 -0.0174528 -0.0072 -0.02 -0.00624478 -0.0173872 0 0 0 0 0 0 1.04167e+10 1.04167e+10 1.04167e+10 
-0.00405271 -0.00724321 -0.00197655 -0.0100595 -0.00151891 -0.00728556 0 0 0 0 0 0 1.04167e+10 1.04167e+10 1.04167e+10 
-0.00405271 -0.00724321 -0.00151891 -0.00728556 -0.00166443 -0.0053902 0 0 0 0 0 0 1.04167e+10 1.04167e+10 1.04167e+10 
0.004 0.02 0.00250168 0.0175923 0.00539386 0.0186314 0 0 0 0 0 0 2.08333e+10 2.08333e+10 2.08333e+10 
0.004 0.02 0.00539386 0.0186314 0.0056 0.02 0 0 0 0 0 0 2.08333e+10 2.08333e+10 2.08333e+10 
0.00517659 -0.00150388 0.00558446 -0.00282423 0.00680468 -0.00159933 0 0 0 0 0 0 2.08333e+10 2.08333e+10 2.08333e+10 
0.0104494 -0.0100731 0.0110378 -0.0121558 0.0126109 -0.00964405 0 0 0 0 0 0 1.04167e+10 1.04167e+10 1.04167e+10 
0.0104494 -0.0100731 0.00903557 -0.00729643 0.00762659 -0.0101958 0 0 0 0 0 0 1.04167e+10 1.04167e+10 1.04167e+10 
-0.00863478 0.00749337 -0.00966359 0.0103802 -0.0110259 0.00718418 0 0 0 0 0 0 1.04167e+10 1.04167e+10 1.04167e+10 
-0.00863478 0.00749337 -0.00686824 0.00517419 -0.00592913 0.00769622 0 0 0 0 0 0 1.04167e+10 1.04167e+10 1.04167e+10 
-0.00863478 0.00749337 -0.00919869 0.00536656 -0.00686824 0.00517419 0 0 0 0 0 0 1.04167e+10 1.04167e+10 1.04167e+10 
-0.00863478 0.00749337 -0.0110259 0.00718418 -0.00919869 0.00536656 0 0 0 0 0 0 1.04167e+10 1.04167e+10 1.04167e+10 
-0.0183008 -0.00711937 -0.02 -0.0056 -0.02 -0.0072 0 0 0 0 0 0 1.04167e+10 1.04167e+10 1.04167e+10 
0.0100812 0.0123745 0.0117748 0.0145986 0.0103029 0.0156745 0 0 0 0 0 0 2.08333e+10 2.08333e+10 2.08333e+10 
0.012 -0.02 0.0136 -0.02 0.0134511 -0.0178423 0 0 0 0 0 0 1.04167e+10 1.04167e+10 1.04167e+10 
0.012 -0.02 0.0134511 -0.0178423 0.0109746 -0.0175867 0 0 0 0 0 0 1.04167e+10 1.04167e+10 1.04167e+10 
0.012 -0.02 0.0109746 -0.0175867 0.0104 -0.02 0 0 0 0 0 0 1.04167e+10 1.04167e+10 1.04167e+10 
0.000217492 0.0126982 -0.000810112 0.0135592 -0.00125825 0.0122926 0 0 0 0 0 0 2.08333e+10 2.08333e+10 2.08333e+10 
0.000217492 0.0126982 0.000891113 0.0143708 -0.000810112 0.0135592 0 0 0 0 0 0 2.08333e+10 2.08333e+10 2.08333e+10 
0.000217492 0.0126982 0.00182507 0.0116456 0.000891113 0.0143708 0 0 0 0 0 0 2.08333e+10 2.08333e+10 2.08333e+10 
0.00334322 0.0104472 0.00272854 0.00797942 0.00484096 0.00934492 0 0 0 0 0 0 2.08333e+10 2.08333e+10 2.08333e+10 
0.00334322 0.0104472 0.0043261 0.0128801 0.00182507 0.0116456 0 0 0 0 0 0 2.08333e+10 2.08333e+10 2.08333e+10 
0.00334322 0.0104472 0.00484096 0.00934492 0.0058317 0.0118445 0 0 0 0 0 0 2.08333e+10 2.08333e+10 2.08333e+10 
0.00334322 0.0104472 0.0058317 0.0118445 0.0043261 0.0128801 0 0 0 0 0 0 2.08333e+10 2.08333e+10 2.08333e+10 
-0.02 0.0184 -0.0184 0.02 -0.02 0.02 0 0 0 0 0 0 1.04167e+10 1.04167e+10 1.04167e+10 
-0.0056 -0.02 -0.00384331 -0.0174883 -0.00624478 -0.0173872 0 0 0 0 0 0 1.04167e+10 1.04167e+10 1.04167e+10 
-0.0056 -0.02 -0.00624478 -0.0173872 -0.0072 -0.02 0 0 0 0 0 0 1.04167e+10 1.04167e+10 1.04167e+10 
-0.02 -0.0088 -0.0183008 -0.00711937 -0.02 -0.0072 0 0 0 0 0 0 1.04167e+10 1.04167e+10 1.04167e+10 
-0.00865107 -0.00772364 -0.00999205 -0.00529942 -0.0114051 -0.00773427 0 0 0 0 0 0 1.04167e+10 1.04167e+10 1.04167e+10 
-0.00865107 -0.00772364 -0.00670603 -0.00963239 -0.00652916 -0.00729687 0 0 0 0 0 0 1.04167e+10 1.04167e+10 1.04167e+10 
-0.00865107 -0.00772364 -0.00666251 -0.00525871 -0.00999205 -0.00529942 0 0 0 0 0 0 1.04167e+10 1.04167e+10 1.04167e+10 
-0.00865107 -0.00772364 -0.00652916 -0.00729687 -0.00666251 -0.00525871 0 0 0 0 0 0 1.04167e+10 1.04167e+10 1.04167e+10 
-0.0120358 -0.00477637 -0.00999205 -0.00529942 -0.0110082 -0.0023872 0 0 0 0 0 0 1.04167e+10 1.04167e+10 1.04167e+10 
-0.0120358 -0.00477637 -0.0136577 -0.00216959 -0.0146338 -0.00472028 0 0 0 0 0 0 1.04167e+10 1.04167e+10 1.04167e+10 
-0.0120358 -0.00477637 -0.0110082 -0.0023872 -0.0136577 -0.00216959 0 0 0 0 0 0 1.04167e+10 1.04167e+10 1.04167e+10 
-0.0120358 -0.00477637 -0.0114051 -0.00773427 -0.00999205 -0.00529942 0 0 0 0 0 0 1.04167e+10 1.04167e+10 1.04167e+10 
0.0120513 -0.000674843 0.0134167 0.00181859 0.0110182 0.000954723 0 0 0 0 0 0 2.08333e+10 2.08333e+10 2.08333e+10 
0.0120513 -0.000674843 0.0136925 -9.56456e-05 0.0134167 0.00181859 0 0 0 0 0 0 2.08333e+10 2.08333e+10 2.08333e+10 
0.0120513 -0.000674843 0.0110182 0.000954723 0.0102704 -0.00116155 0 0 0 0 0 0 2.08333e+10 2.08333e+10 2.08333e+10 
0.0088 0.02 0.0101561 0.0186342 0.0104 0.02 0 0 0 0 0 0 2.08333e+10 2.08333e+10 2.08333e+10 
0.0088 0.02 0.00866454 0.0166115 0.0101561 0.0186342 0 0 0 0 0 0 2.08333e+10 2.08333e+10 2.08333e+10 
-0.0160728 0.00262044 -0.0148418 0.000132241 -0.0138588 0.00222404 0 0 0 0 0 0 1.04167e+10 1.04167e+10 1.04167e+10 
0.000902714 -0.00710616 0.00338346 -0.00748113 0.00246614 -0.00462981 0 0 0 0 0 0 1.04167e+10 1.04167e+10 1.04167e+10 
0.000902714 -0.00710616 0.000504647 -0.0101916 0.00315025 -0.0101685 0 0 0 0 0 0 1.04167e+10 1.04167e+10 1.04167e+10 
0.000902714 -0.00710616 0.00315025 -0.0101685 0.00338346 -0.00748113 0 0 0 0 0 0 1.04167e+10 1.04167e+10 1.04167e+10 
0.000902714 -0.00710616 -0.00151891 -0.00728556 0.000504647 -0.0101916 0 0 0 0 0 0 1.04167e+10 1.04167e+10 1.04167e+10 
-0.0174763 -0.00525843 -0.018698 -0.00227487 -0.02 -0.004 0 0 0 0 0 0 1.04167e+10 1.04167e+10 1.04167e+10 
-0.0174763 -0.00525843 -0.02 -0.004 -0.02 -0.0056 0 0 0 0 0 0 1.04167e+10 1.04167e+10 1.04167e+10 
-0.0174763 -0.00525843 -0.02 -0.0056 -0.0183008 -0.00711937 0 0 0 0 0 0 1.04167e+10 1.04167e+10 1.04167e+10 
-0.00961532 -0.0102487 -0.00869734 -0.0129031 -0.00627957 -0.0121221 0 0 0 0 0 0 1.04167e+10 1.04167e+10 1.04167e+10 
-0.00961532 -0.0102487 -0.00627957 -0.0121221 -0.00670603 -0.00963239 0 0 0 0 0 0 1.04167e+10 1.04167e+10 1.04167e+10 
-0.00961532 -0.0102487 -0.011214 -0.0123532 -0.00869734 -0.0129031 0 0 0 0 0 0 1.04167e+10 1.04167e+10 1.04167e+10 
-0.00961532 -0.0102487 -0.0119388 -0.0096404 -0.011214 -0.0123532 0 0 0 0 0 0 1.04167e+10 1.04167e+10 1.04167e+10 
-0.00961532 -0.0102487 -0.00670603 -0.00963239 -0.00865107 -0.00772364 0 0 0 0 0 0 1.04167e+10 1.04167e+10 1.04167e+10 
-0.00961532 -0.0102487 -0.0114051 -0.00773427 -0.0119388 -0.0096404 0 0 0 0 0 0 1.04167e+10 1.04167e+10 1.04167e+10 
-0.00961532 -0.0102487 -0.00865107 -0.00772364 -0.0114051 -0.00773427 0 0 0 0 0 0 1.04167e+10 1.04167e+10 1.04167e+10 
0.0176948 0.00625915 0.02 0.0056 0.02 0.0072 0 0 0 0 0 0 2.08333e+10 2.08333e+10 2.08333e+10 
0.0008 -0.02 0.0024 -0.02 0.00139375 -0.0173099 0 0 0 0 0 0 1.04167e+10 1.04167e+10 1.04167e+10 
0.02 0.0184 0.018466 0.0168448 0.02 0.0168 0 0 0 0 0 0 2.08333e+10 2.08333e+10 2.08333e+10 
0.02 0.0184 0.0170739 0.0176887 0.018466 0.0168448 0 0 0 0 0 0 2.08333e+10 2.08333e+10 2.08333e+10 
0.012 0.02 0.0101561 0.0186342 0.0119638 0.0177998 0 0 0 0 0 0 2.08333e+10 2.08333e+10 2.08333e+10 
0.012 0.02 0.0104 0.02 0.0101561 0.0186342 0 0 0 0 0 0 2.08333e+10 2.08333e+10 2.08333e+10 
0.0107415 -0.0151322 0.0125186 -0.01542 0.0110378 -0.0121558 0 0 0 0 0 0 1.04167e+10 1.04167e+10 1.04167e+10 
0.0107415 -0.0151322 0.0109746 -0.0175867 0.0125186 -0.01542 0 0 0 0 0 0 1.04167e+10 1.04167e+10 1.04167e+10 
0.0107415 -0.0151322 0.00845758 -0.0172338 0.0109746 -0.0175867 0 0 0 0 0 0 1.04167e+10 1.04167e+10 1.04167e+10 
0.0107415 -0.0151322 0.00763069 -0.0148572 0.00845758 -0.0172338 0 0 0 0 0 0 1.04167e+10 1.04167e+10 1.04167e+10 
0.0106932 0.00276014 0.0110182 0.000954723 0.0134167 0.00181859 0 0 0 0 0 0 2.08333e+10 2.08333e+10 2.08333e+10 
0.0106932 0.00276014 0.00852189 0.00039636 0.0110182 0.000954723 0 0 0 0 0 0 2.08333e+10 2.08333e+10 2.08333e+10 
0.0106932 0.00276014 0.00800779 0.00216783 0.00852189 0.00039636 0 0 0 0 0 0 2.08333e+10 2.08333e+10 2.08333e+10 
0.0159539 -0.000520906 0.0146582 -0.00107567 0.0164505 -0.00266024 0 0 0 0 0 0 1.04167e+10 1.04167e+10 1.04167e+10 
0.0131045 0.0036991 0.0134167 0.00181859 0.0159379 0.00301183 0 0 0 0 0 0 2.08333e+10 2.08333e+10 2.08333e+10 
0.0131045 0.0036991 0.0159379 0.00301183 0.0153559 0.00484088 0 0 0 0 0 0 2.08333e+10 2.08333e+10 2.08333e+10 
0.0131045 0.0036991 0.0106932 0.00276014 0.0134167 0.00181859 0 0 0 0 0 0 2.08333e+10 2.08333e+10 2.08333e+10 
0.0131045 0.0036991 0.0120222 0.00518093 0.0106932 0.00276014 0 0 0 0 0 0 2.08333e+10 2.08333e+10 2.08333e+10 
-0.000622554 0.00301648 0.000976351 0.00445209 -0.00097294 0.00446322 0 0 0 0 0 0 2.08333e+10 2.08333e+10 2.08333e+10 
-0.000622554 0.00301648 0.00194212 0.00233173 0.000976351 0.00445209 0 0 0 0 0 0 2.08333e+10 2.08333e+10 2.08333e+10 
-0.000622554 0.00301648 1.68062e-05 0.00162874 0.00194212 0.00233173 0 0 0 0 0 0 2.08333e+10 2.08333e+10 2.08333e+10 
-0.000622554 0.00301648 -0.00175656 0.00231601 1.68062e-05 0.00162874 0 0 0 0 0 0 2.08333e+10 2.08333e+10 2.08333e+10 
-0.000622554 0.00301648 -0.00097294 0.00446322 -0.00207903 0.00342231 0 0 0 0 0 0 2.08333e+10 2.08333e+10 2.08333e+10 
-0.000622554 0.00301648 -0.00207903 0.00342231 -0.00175656 0.00231601 0 0 0 0 0 0 2.08333e+10 2.08333e+10 2.08333e+10 
0.0180856 0.011289 0.02 0.0104 0.02 0.012 0 0 0 0 0 0 2.08333e+10 2.08333e+10 2.08333e+10 
0.0180856 0.011289 0.02 0.0136 0.0187612 0.014429 0 0 0 0 0 0 2.08333e+10 2.08333e+10 2.08333e+10 
0.0180856 0.011289 0.02 0.012 0.02 0.0136 0 0 0 0 0 0 2.08333e+10 2.08333e+10 2.08333e+10 
0.0166029 0.012522 0.0187612 0.014429 0.0164517 0.0148964 0 0 0 0 0 0 2.08333e+10 2.08333e+10 2.08333e+10 
0.0166029 0.012522 0.0180856 0.011289 0.0187612 0.014429 0 0 0 0 0 0 2.08333e+10 2.08333e+10 2.08333e+10 
0.0166029 0.012522 0.0159673 0.00965013 0.0180856 0.011289 0 0 0 0 0 0 2.08333e+10 2.08333e+10 2.08333e+10 
0.00906305 -0.0126485 0.00762659 -0.0101958 0.00622259 -0.0121674 0 0 0 0 0 0 1.04167e+10 1.04167e+10 1.04167e+10 
0.00906305 -0.0126485 0.00622259 -0.0121674 0.00763069 -0.0148572 0 0 0 0 0 0 1.04167e+10 1.04167e+10 1.04167e+10 
0.00906305 -0.0126485 0.0110378 -0.0121558 0.0104494 -0.0100731 0 0 0 0 0 0 1.04167e+10 1.04167e+10 1.04167e+10 
0.00906305 -0.0126485 0.0104494 -0.0100731 0.00762659 -0.0101958 0 0 0 0 0 0 1.04167e+10 1.04167e+10 1.04167e+10 
0.00906305 -0.0126485 0.0107415 -0.0151322 0.0110378 -0.0121558 0 0 0 0 0 0 1.04167e+10 1.04167e+10 1.04167e+10 
0.00906305 -0.0126485 0.00763069 -0.0148572 0.0107415 -0.0151322 0 0 0 0 0 0 1.04167e+10 1.04167e+10 1.04167e+10 
0.0154801 0.0188592 0.0168 0.02 0.0152 0.02 0 0 0 0 0 0 2.08333e+10 2.08333e+10 2.08333e+10 
0.0154801 0.0188592 0.0170739 0.0176887 0.0168 0.02 0 0 0 0 0 0 2.08333e+10 2.08333e+10 2.08333e+10 
0.00241593 0.02 0.00150558 0.0184578 0.00250168 0.0175923 0 0 0 0 0 0 2.08333e+10 2.08333e+10 2.08333e+10 
0.00241593 0.02 0.00250168 0.0175923 0.004 0.02 0 0 0 0 0 0 2.08333e+10 2.08333e+10 2.08333e+10 
-0.0184273 -0.0175924 -0.0184 -0.02 -0.0168 -0.02 0 0 0 0 0 0 1.04167e+10 1.04167e+10 1.04167e+10 
-0.0184273 -0.0175924 -0.02 -0.0184 -0.0184 -0.02 0 0 0 0 0 0 1.04167e+10 1.04167e+10 1.04167e+10 
-0.0049315 0.00516256 -0.00686824 0.00517419 -0.00601462 0.00223944 0 0 0 0 0 0 1.04167e+10 1.04167e+10 1.04167e+10 
-0.0049315 0.00516256 -0.00592913 0.00769622 -0.00686824 0.00517419 0 0 0 0 0 0 1.04167e+10 1.04167e+10 1.04167e+10 
0.000724222 -0.00537421 0.000902714 -0.00710616 0.00246614 -0.00462981 0 0 0 0 0 0 1.04167e+10 1.04167e+10 1.04167e+10 
0.000724222 -0.00537421 -0.00166443 -0.0053902 -0.00151891 -0.00728556 0 0 0 0 0 0 1.04167e+10 1.04167e+10 1.04167e+10 
0.000724222 -0.00537421 -0.00151891 -0.00728556 0.000902714 -0.00710616 0 0 0 0 0 0 1.04167e+10 1.04167e+10 1.04167e+10 
-0.0140665 0.0176528 -0.0136 0.02 -0.0152 0.02 0 0 0 0 0 0 1.04167e+10 1.04167e+10 1.04167e+10 
0.0182077 0.00430878 0.0183932 0.00217221 0.02 0.004 0 0 0 0 0 0 2.08333e+10 2.08333e+10 2.08333e+10 
0.0182077 0.00430878 0.0159379 0.00301183 0.0183932 0.00217221 0 0 0 0 0 0 2.08333e+10 2.08333e+10 2.08333e+10 
0.0182077 0.00430878 0.0176948 0.00625915 0.0153559 0.00484088 0 0 0 0 0 0 2.08333e+10 2.08333e+10 2.08333e+10 
0.0182077 0.00430878 0.0153559 0.00484088 0.0159379 0.00301183 0 0 0 0 0 0 2.08333e+10 2.08333e+10 2.08333e+10 
0.0182077 0.00430878 0.02 0.004 0.02 0.0056 0 0 0 0 0 0 2.08333e+10 2.08333e+10 2.08333e+10 
0.0182077 0.00430878 0.02 0.0056 0.0176948 0.00625915 0 0 0 0 0 0 2.08333e+10 2.08333e+10 2.08333e+10 
0.00400717 0.0163475 0.00539386 0.0186314 0.00250168 0.0175923 0 0 0 0 0 0 2.08333e+10 2.08333e+10 2.08333e+10 
0.00400717 0.0163475 0.00250168 0.0175923 0.00169527 0.0160785 0 0 0 0 0 0 2.08333e+10 2.08333e+10 2.08333e+10 
-0.0160636 -0.00760221 -0.0146338 -0.00472028 -0.0174763 -0.00525843 0 0 0 0 0 0 1.04167e+10 1.04167e+10 1.04167e+10 
-0.0160636 -0.00760221 -0.0174763 -0.00525843 -0.0183008 -0.00711937 0 0 0 0 0 0 1.04167e+10 1.04167e+10 1.04167e+10 
0.0154695 -0.0050415 0.018064 -0.00535031 0.0164505 -0.00266024 0 0 0 0 0 0 1.04167e+10 1.04167e+10 1.04167e+10 
0.0154695 -0.0050415 0.0127767 -0.00495408 0.013897 -0.00727273 0 0 0 0 0 0 1.04167e+10 1.04167e+10 1.04167e+10 
0.0008 0.02 0.00150558 0.0184578 0.00241593 0.02 0 0 0 0 0 0 1.04167e+10 1.04167e+10 1.04167e+10 
-0.0138342 -0.0122723 -0.0164292 -0.0124652 -0.0144796 -0.0149787 0 0 0 0 0 0 1.04167e+10 1.04167e+10 1.04167e+10 
-0.0138342 -0.0122723 -0.0146889 -0.00972458 -0.0164292 -0.0124652 0 0 0 0 0 0 1.04167e+10 1.04167e+10 1.04167e+10 
-0.0138342 -0.0122723 -0.011214 -0.0123532 -0.0119388 -0.0096404 0 0 0 0 0 0 1.04167e+10 1.04167e+10 1.04167e+10 
-0.0138342 -0.0122723 -0.0119388 -0.0096404 -0.0146889 -0.00972458 0 0 0 0 0 0 1.04167e+10 1.04167e+10 1.04167e+10 
-0.0138342 -0.0122723 -0.0121056 -0.0145863 -0.011214 -0.0123532 0 0 0 0 0 0 1.04167e+10 1.04167e+10 1.04167e+10 
-0.0138342 -0.0122723 -0.0144796 -0.0149787 -0.0121056 -0.0145863 0 0 0 0 0 0 1.04167e+10 1.04167e+10 1.04167e+10 
0.0145739 0.0131248 0.0134029 0.0138347 0.0126512 0.0113719 0 0 0 0 0 0 2.08333e+10 2.08333e+10 2.08333e+10 
0.0145739 0.0131248 0.0166029 0.012522 0.0164517 0.0148964 0 0 0 0 0 0 2.08333e+10 2.08333e+10 2.08333e+10 
-0.02 -0.0024 -0.018698 -0.00227487 -0.02 -0.0008 0 0 0 0 0 0 1.04167e+10 1.04167e+10 1.04167e+10 
-0.02 -0.0024 -0.02 -0.004 -0.018698 -0.00227487 0 0 0 0 0 0 1.04167e+10 1.04167e+10 1.04167e+10 
0.00857356 -0.00146965 0.00680468 -0.00159933 0.00826627 -0.00276799 0 0 0 0 0 0 2.08333e+10 2.08333e+10 2.08333e+10 
0.00857356 -0.00146965 0.00852189 0.00039636 0.00680468 -0.00159933 0 0 0 0 0 0 2.08333e+10 2.08333e+10 2.08333e+10 
0.00857356 -0.00146965 0.0102704 -0.00116155 0.00852189 0.00039636 0 0 0 0 0 0 2.08333e+10 2.08333e+10 2.08333e+10 
0.00857356 -0.00146965 0.00826627 -0.00276799 0.00956074 -0.00258297 0 0 0 0 0 0 2.08333e+10 2.08333e+10 2.08333e+10 
0.00857356 -0.00146965 0.00956074 -0.00258297 0.0102704 -0.00116155 0 0 0 0 0 0 2.08333e+10 2.08333e+10 2.08333e+10 
-0.00699594 0.0150842 -0.00950399 0.0150225 -0.00911948 0.0124555 0 0 0 0 0 0 1.04167e+10 1.04167e+10 1.04167e+10 
-0.00699594 0.0150842 -0.00911948 0.0124555 -0.00579934 0.0126819 0 0 0 0 0 0 1.04167e+10 1.04167e+10 1.04167e+10 
-0.00699594 0.0150842 -0.00898719 0.0174135 -0.00950399 0.0150225 0 0 0 0 0 0 1.04167e+10 1.04167e+10 1.04167e+10 
-0.0188929 0.0172559 -0.0184 0.02 -0.02 0.0184 0 0 0 0 0 0 1.04167e+10 1.04167e+10 1.04167e+10 
-0.0188929 0.0172559 -0.02 0.0184 -0.02 0.0168 0 0 0 0 0 0 1.04167e+10 1.04167e+10 1.04167e+10 
-0.0188929 0.0172559 -0.02 0.0168 -0.02 0.0152 0 0 0 0 0 0 1.04167e+10 1.04167e+10 1.04167e+10 
0.0153768 0.00061741 0.0168768 0.00134733 0.0159379 0.00301183 0 0 0 0 0 0 2.08333e+10 2.08333e+10 2.08333e+10 
0.0153768 0.00061741 0.0159379 0.00301183 0.0134167 0.00181859 0 0 0 0 0 0 2.08333e+10 2.08333e+10 2.08333e+10 
0.0153768 0.00061741 0.0134167 0.00181859 0.0136925 -9.56456e-05 0 0 0 0 0 0 2.08333e+10 2.08333e+10 2.08333e+10 
0.0153768 0.00061741 0.0170995 2.22701e-05 0.0168768 0.00134733 0 0 0 0 0 0 2.08333e+10 2.08333e+10 2.08333e+10 
0.0153768 0.00061741 0.0159539 -0.000520906 0.0170995 2.22701e-05 0 0 0 0 0 0 2.08333e+10 2.08333e+10 2.08333e+10 
0.0153768 0.00061741 0.0136925 -9.56456e-05 0.0146582 -0.00107567 0 0 0 0 0 0 2.08333e+10 2.08333e+10 2.08333e+10 
0.0153768 0.00061741 0.0146582 -0.00107567 0.0159539 -0.000520906 0 0 0 0 0 0 2.08333e+10 2.08333e+10 2.08333e+10 
-0.0147194 0.00981474 -0.0174431 0.0101288 -0.0162285 0.00731717 0 0 0 0 0 0 1.04167e+10 1.04167e+10 1.04167e+10 
-0.0147194 0.00981474 -0.0162285 0.00731717 -0.0140046 0.00766116 0 0 0 0 0 0 1.04167e+10 1.04167e+10 1.04167e+10 
0.02 -0.0072 0.0187927 -0.00786905 0.02 -0.0088 0 0 0 0 0 0 1.04167e+10 1.04167e+10 1.04167e+10 
0.02 -0.0072 0.02 -0.0056 0.018064 -0.00535031 0 0 0 0 0 0 1.04167e+10 1.04167e+10 1.04167e+10 
0.02 -0.0072 0.018064 -0.00535031 0.0187927 -0.00786905 0 0 0 0 0 0 1.04167e+10 1.04167e+10 1.04167e+10 
-0.000805495 -0.00228667 -0.00339839 -0.00221034 -0.00166443 -0.0053902 0 0 0 0 0 0 1.04167e+10 1.04167e+10 1.04167e+10 
0.00695489 0.0174916 0.0072 0.02 0.00539386 0.0186314 0 0 0 0 0 0 2.08333e+10 2.08333e+10 2.08333e+10 
0.00695489 0.0174916 0.00539386 0.0186314 0.00400717 0.0163475 0 0 0 0 0 0 2.08333e+10 2.08333e+10 2.08333e+10 
0.00695489 0.0174916 0.00400717 0.0163475 0.00550379 0.0151448 0 0 0 0 0 0 2.08333e+10 2.08333e+10 2.08333e+10 
0.00695489 0.0174916 0.00866454 0.0166115 0.0088 0.02 0 0 0 0 0 0 2.08333e+10 2.08333e+10 2.08333e+10 
0.00695489 0.0174916 0.0088 0.02 0.0072 0.02 0 0 0 0 0 0 2.08333e+10 2.08333e+10 2.08333e+10 
0.0159193 -0.00781946 0.0154695 -0.0050415 0.013897 -0.00727273 0 0 0 0 0 0 1.04167e+10 1.04167e+10 1.04167e+10 
0.0159193 -0.00781946 0.018064 -0.00535031 0.0154695 -0.0050415 0 0 0 0 0 0 1.04167e+10 1.04167e+10 1.04167e+10 
0.0159193 -0.00781946 0.0187927 -0.00786905 0.018064 -0.00535031 0 0 0 0 0 0 1.04167e+10 1.04167e+10 1.04167e+10 
0.00585176 -0.017725 0.004 -0.02 0.0056 -0.02 0 0 0 0 0 0 1.04167e+10 1.04167e+10 1.04167e+10 
0.00585176 -0.017725 0.00763069 -0.0148572 0.00542275 -0.0153622 0 0 0 0 0 0 1.04167e+10 1.04167e+10 1.04167e+10 
0.00585176 -0.017725 0.00845758 -0.0172338 0.00763069 -0.0148572 0 0 0 0 0 0 1.04167e+10 1.04167e+10 1.04167e+10 
-0.00979246 4.03435e-05 -0.0120906 0.000412532 -0.0110082 -0.0023872 0 0 0 0 0 0 1.04167e+10 1.04167e+10 1.04167e+10 
-0.00979246 4.03435e-05 -0.0111295 0.00261126 -0.0120906 0.000412532 0 0 0 0 0 0 1.04167e+10 1.04167e+10 1.04167e+10 
-0.0159773 -0.0172389 -0.0144796 -0.0149787 -0.0170014 -0.0151785 0 0 0 0 0 0 1.04167e+10 1.04167e+10 1.04167e+10 
-0.0159773 -0.0172389 -0.0170014 -0.0151785 -0.0184273 -0.0175924 0 0 0 0 0 0 1.04167e+10 1.04167e+10 1.04167e+10 
-0.0159773 -0.0172389 -0.0168 -0.02 -0.0152 -0.02 0 0 0 0 0 0 1.04167e+10 1.04167e+10 1.04167e+10 
-0.0159773 -0.0172389 -0.0184273 -0.0175924 -0.0168 -0.02 0 0 0 0 0 0 1.04167e+10 1.04167e+10 1.04167e+10 
0.0101319 0.00787324 0.00785256 0.00792856 0.00875053 0.00577992 0 0 0 0 0 0 2.08333e+10 2.08333e+10 2.08333e+10 
-0.012 0.02 -0.010978 0.017692 -0.0104 0.02 0 0 0 0 0 0 1.04167e+10 1.04167e+10 1.04167e+10 
-0.012 0.02 -0.0140665 0.0176528 -0.010978 0.017692 0 0 0 0 0 0 1.04167e+10 1.04167e+10 1.04167e+10 
-0.012 0.02 -0.0136 0.02 -0.0140665 0.0176528 0 0 0 0 0 0 1.04167e+10 1.04167e+10 1.04167e+10 
-0.0088 0.02 -0.0104 0.02 -0.00898719 0.0174135 0 0 0 0 0 0 1.04167e+10 1.04167e+10 1.04167e+10 
-0.0088 0.02 -0.00898719 0.0174135 -0.0072 0.02 0 0 0 0 0 0 1.04167e+10 1.04167e+10 1.04167e+10 
0.000878887 0.0173012 0.000303621 0.0161506 0.00169527 0.0160785 0 0 0 0 0 0 2.08333e+10 2.08333e+10 2.08333e+10 
0.000878887 0.0173012 0.00250168 0.0175923 0.00150558 0.0184578 0 0 0 0 0 0 2.08333e+10 2.08333e+10 2.08333e+10 
0.000878887 0.0173012 0.00169527 0.0160785 0.00250168 0.0175923 0 0 0 0 0 0 2.08333e+10 2.08333e+10 2.08333e+10 
0.0184 0.02 0.02 0.0184 0.02 0.02 0 0 0 0 0 0 2.08333e+10 2.08333e+10 2.08333e+10 
0.0184 0.02 0.0170739 0.0176887 0.02 0.0184 0 0 0 0 0 0 2.08333e+10 2.08333e+10 2.08333e+10 
0.0184 0.02 0.0168 0.02 0.0170739 0.0176887 0 0 0 0 0 0 2.08333e+10 2.08333e+10 2.08333e+10 
0.0182528 0.000617831 0.0183932 0.00217221 0.0168768 0.00134733 0 0 0 0 0 0 2.08333e+10 2.08333e+10 2.08333e+10 
0.0182528 0.000617831 0.0168768 0.00134733 0.0170995 2.22701e-05 0 0 0 0 0 0 2.08333e+10 2.08333e+10 2.08333e+10 
-0.00219264 0.00837336 -0.00232564 0.00710564 -0.00102099 0.00763991 0 0 0 0 0 0 2.08333e+10 2.08333e+10 2.08333e+10 
0.0133813 -0.00155815 0.0136925 -9.56456e-05 0.0120513 -0.000674843 0 0 0 0 0 0 2.08333e+10 2.08333e+10 2.08333e+10 
0.0133813 -0.00155815 0.0120513 -0.000674843 0.0121276 -0.00196668 0 0 0 0 0 0 2.08333e+10 2.08333e+10 2.08333e+10 
0.0133813 -0.00155815 0.0146582 -0.00107567 0.0136925 -9.56456e-05 0 0 0 0 0 0 2.08333e+10 2.08333e+10 2.08333e+10 
0.00107894 0.00905193 0.000778718 0.00670451 0.00272854 0.00797942 0 0 0 0 0 0 2.08333e+10 2.08333e+10 2.08333e+10 
0.00107894 0.00905193 -0.00102099 0.00763991 0.000778718 0.00670451 0 0 0 0 0 0 2.08333e+10 2.08333e+10 2.08333e+10 
0.00107894 0.00905193 0.00272854 0.00797942 0.00334322 0.0104472 0 0 0 0 0 0 2.08333e+10 2.08333e+10 2.08333e+10 
0.00107894 0.00905193 0.00334322 0.0104472 0.00182507 0.0116456 0 0 0 0 0 0 2.08333e+10 2.08333e+10 2.08333e+10 
-0.0133648 -0.0177646 -0.0136 -0.02 -0.012 -0.02 0 0 0 0 0 0 1.04167e+10 1.04167e+10 1.04167e+10 
-0.0133648 -0.0177646 -0.0121056 -0.0145863 -0.0144796 -0.0149787 0 0 0 0 0 0 1.04167e+10 1.04167e+10 1.04167e+10 
-0.0133648 -0.0177646 -0.0144796 -0.0149787 -0.0159773 -0.0172389 0 0 0 0 0 0 1.04167e+10 1.04167e+10 1.04167e+10 
-0.0133648 -0.0177646 -0.0152 -0.02 -0.0136 -0.02 0 0 0 0 0 0 1.04167e+10 1.04167e+10 1.04167e+10 
-0.0133648 -0.0177646 -0.0159773 -0.0172389 -0.0152 -0.02 0 0 0 0 0 0 1.04167e+10 1.04167e+10 1.04167e+10 
-0.00462495 8.09724e-05 -0.00601462 0.00223944 -0.00690814 -0.00033838 0 0 0 0 0 0 1.04167e+10 1.04167e+10 1.04167e+10 
-0.00483305 0.0152886 -0.00397798 0.0124772 -0.00247617 0.014649 0 0 0 0 0 0 1.04167e+10 1.04167e+10 1.04167e+10 
-0.00483305 0.0152886 -0.00579934 0.0126819 -0.00397798 0.0124772 0 0 0 0 0 0 1.04167e+10 1.04167e+10 1.04167e+10 
-0.00483305 0.0152886 -0.00699594 0.0150842 -0.00579934 0.0126819 0 0 0 0 0 0 1.04167e+10 1.04167e+10 1.04167e+10 
-0.00483305 0.0152886 -0.00247617 0.014649 -0.00396038 0.0174 0 0 0 0 0 0 1.04167e+10 1.04167e+10 1.04167e+10 
-0.02 0.0072 -0.02 0.0056 -0.0187568 0.00780532 0 0 0 0 0 0 1.04167e+10 1.04167e+10 1.04167e+10 
0.0112138 0.00668746 0.0101319 0.00787324 0.00875053 0.00577992 0 0 0 0 0 0 2.08333e+10 2.08333e+10 2.08333e+10 
-0.00852311 0.00234983 -0.00686824 0.00517419 -0.00919869 0.00536656 0 0 0 0 0 0 1.04167e+10 1.04167e+10 1.04167e+10 
-0.00852311 0.00234983 -0.00601462 0.00223944 -0.00686824 0.00517419 0 0 0 0 0 0 1.04167e+10 1.04167e+10 1.04167e+10 
-0.00852311 0.00234983 -0.00919869 0.00536656 -0.0111295 0.00261126 0 0 0 0 0 0 1.04167e+10 1.04167e+10 1.04167e+10 
-0.00852311 0.00234983 -0.0111295 0.00261126 -0.00979246 4.03435e-05 0 0 0 0 0 0 1.04167e+10 1.04167e+10 1.04167e+10 
-0.00852311 0.00234983 -0.00979246 4.03435e-05 -0.00690814 -0.00033838 0 0 0 0 0 0 1.04167e+10 1.04167e+10 1.04167e+10 
-0.00852311 0.00234983 -0.00690814 -0.00033838 -0.00601462 0.00223944 0 0 0 0 0 0 1.04167e+10 1.04167e+10 1.04167e+10 
0.0135213 0.0166828 0.0119638 0.0177998 0.0117748 0.0145986 0 0 0 0 0 0 2.08333e+10 2.08333e+10 2.08333e+10 
0.0135213 0.0166828 0.0117748 0.0145986 0.0134029 0.0138347 0 0 0 0 0 0 2.08333e+10 2.08333e+10 2.08333e+10 
0.0109016 -0.00229979 0.0120513 -0.000674843 0.0102704 -0.00116155 0 0 0 0 0 0 2.08333e+10 2.08333e+10 2.08333e+10 
0.0109016 -0.00229979 0.0121276 -0.00196668 0.0120513 -0.000674843 0 0 0 0 0 0 2.08333e+10 2.08333e+10 2.08333e+10 
0.0109016 -0.00229979 0.0102704 -0.00116155 0.00956074 -0.00258297 0 0 0 0 0 0 2.08333e+10 2.08333e+10 2.08333e+10 
0.0109016 -0.00229979 0.00956074 -0.00258297 0.0107614 -0.00472027 0 0 0 0 0 0 1.04167e+10 1.04167e+10 1.04167e+10 
-0.000320995 0.011072 0.00107894 0.00905193 0.00182507 0.0116456 0 0 0 0 0 0 2.08333e+10 2.08333e+10 2.08333e+10 
-0.000320995 0.011072 0.00182507 0.0116456 0.000217492 0.0126982 0 0 0 0 0 0 2.08333e+10 2.08333e+10 2.08333e+10 
-0.000320995 0.011072 0.000217492 0.0126982 -0.00125825 0.0122926 0 0 0 0 0 0 2.08333e+10 2.08333e+10 2.08333e+10 
-0.000320995 0.011072 -0.00125825 0.0122926 -0.00163172 0.0110513 0 0 0 0 0 0 2.08333e+10 2.08333e+10 2.08333e+10 
-0.02 -0.0168 -0.02 -0.0184 -0.0184273 -0.0175924 0 0 0 0 0 0 1.04167e+10 1.04167e+10 1.04167e+10 
0.0022911 -0.000578082 0.00366329 0.000929539 0.00100811 0.000378488 0 0 0 0 0 0 2.08333e+10 2.08333e+10 2.08333e+10 
0.0022911 -0.000578082 0.00370667 -0.00118431 0.00366329 0.000929539 0 0 0 0 0 0 2.08333e+10 2.08333e+10 2.08333e+10 
0.0022911 -0.000578082 0.00100811 0.000378488 0.00104285 -0.00136117 0 0 0 0 0 0 2.08333e+10 2.08333e+10 2.08333e+10 
0.02 0.0008 0.02 0.004 0.0183932 0.00217221 0 0 0 0 0 0 2.08333e+10 2.08333e+10 2.08333e+10 
0.02 0.0008 0.0182528 0.000617831 0.02 -0.0008 0 0 0 0 0 0 1.04167e+10 1.04167e+10 1.04167e+10 
0.02 0.0008 0.0183932 0.00217221 0.0182528 0.000617831 0 0 0 0 0 0 2.08333e+10 2.08333e+10 2.08333e+10 
0.000140331 -0.000636499 -0.000805495 -0.00228667 0.00104285 -0.00136117 0 0 0 0 0 0 1.04167e+10 1.04167e+10 1.04167e+10 
0.000140331 -0.000636499 0.00104285 -0.00136117 0.00100811 0.000378488 0 0 0 0 0 0 2.08333e+10 2.08333e+10 2.08333e+10 
-0.02 -0.012 -0.02 -0.0136 -0.0183731 -0.0121929 0 0 0 0 0 0 1.04167e+10 1.04167e+10 1.04167e+10 
-0.02 -0.012 -0.0183731 -0.0121929 -0.02 -0.0104 0 0 0 0 0 0 1.04167e+10 1.04167e+10 1.04167e+10 
-0.0122475 0.00964226 -0.00966359 0.0103802 -0.0109052 0.0126934 0 0 0 0 0 0 1.04167e+10 1.04167e+10 1.04167e+10 
-0.0122475 0.00964226 -0.0140046 0.00766116 -0.0110259 0.00718418 0 0 0 0 0 0 1.04167e+10 1.04167e+10 1.04167e+10 
-0.0122475 0.00964226 -0.0147194 0.00981474 -0.0140046 0.00766116 0 0 0 0 0 0 1.04167e+10 1.04167e+10 1.04167e+10 
-0.0122475 0.00964226 -0.0110259 0.00718418 -0.00966359 0.0103802 0 0 0 0 0 0 1.04167e+10 1.04167e+10 1.04167e+10 
-0.0166762 0.00456563 -0.0162285 0.00731717 -0.0187568 0.00780532 0 0 0 0 0 0 1.04167e+10 1.04167e+10 1.04167e+10 
-0.0166762 0.00456563 -0.0187568 0.00780532 -0.02 0.0056 0 0 0 0 0 0 1.04167e+10 1.04167e+10 1.04167e+10 
-0.0166762 0.00456563 -0.02 0.0056 -0.02 0.004 0 0 0 0 0 0 1.04167e+10 1.04167e+10 1.04167e+10 
-0.0088 -0.02 -0.0072 -0.02 -0.00891945 -0.0174528 0 0 0 0 0 0 1.04167e+10 1.04167e+10 1.04167e+10 
-0.0088 -0.02 -0.00891945 -0.0174528 -0.0104 -0.02 0 0 0 0 0 0 1.04167e+10 1.04167e+10 1.04167e+10 
-0.00235701 0.00576192 -0.00228035 0.00461683 -0.00109954 0.0060704 0 0 0 0 0 0 2.08333e+10 2.08333e+10 2.08333e+10 
-0.00235701 0.00576192 -0.00109954 0.0060704 -0.00232564 0.00710564 0 0 0 0 0 0 2.08333e+10 2.08333e+10 2.08333e+10 
0.00435864 -0.0026685 0.00558446 -0.00282423 0.00517659 -0.00150388 0 0 0 0 0 0 2.08333e+10 2.08333e+10 2.08333e+10 
0.00435864 -0.0026685 0.00517659 -0.00150388 0.00370667 -0.00118431 0 0 0 0 0 0 2.08333e+10 2.08333e+10 2.08333e+10 
0.00435864 -0.0026685 0.00370667 -0.00118431 0.00321864 -0.00239113 0 0 0 0 0 0 2.08333e+10 2.08333e+10 2.08333e+10 
-0.00076072 0.00931193 -0.00219264 0.00837336 -0.00102099 0.00763991 0 0 0 0 0 0 2.08333e+10 2.08333e+10 2.08333e+10 
-0.00076072 0.00931193 -0.00196099 0.00969054 -0.00219264 0.00837336 0 0 0 0 0 0 2.08333e+10 2.08333e+10 2.08333e+10 
-0.00076072 0.00931193 -0.00102099 0.00763991 0.00107894 0.00905193 0 0 0 0 0 0 2.08333e+10 2.08333e+10 2.08333e+10 
-0.00076072 0.00931193 0.00107894 0.00905193 -0.000320995 0.011072 0 0 0 0 0 0 2.08333e+10 2.08333e+10 2.08333e+10 
-0.00076072 0.00931193 -0.00163172 0.0110513 -0.00196099 0.00969054 0 0 0 0 0 0 2.08333e+10 2.08333e+10 2.08333e+10 
-0.00076072 0.00931193 -0.000320995 0.011072 -0.00163172 0.0110513 0 0 0 0 0 0 2.08333e+10 2.08333e+10 2.08333e+10 
0.00207123 -0.00194735 0.0022911 -0.000578082 0.00104285 -0.00136117 0 0 0 0 0 0 2.08333e+10 2.08333e+10 2.08333e+10 
0.00207123 -0.00194735 0.00370667 -0.00118431 0.0022911 -0.000578082 0 0 0 0 0 0 2.08333e+10 2.08333e+10 2.08333e+10 
0.00207123 -0.00194735 0.00321864 -0.00239113 0.00370667 -0.00118431 0 0 0 0 0 0 2.08333e+10 2.08333e+10 2.08333e+10 
-0.004 -0.02 -0.00384331 -0.0174883 -0.0056 -0.02 0 0 0 0 0 0 1.04167e+10 1.04167e+10 1.04167e+10 
-0.004 -0.02 -0.0024 -0.02 -0.00384331 -0.0174883 0 0 0 0 0 0 1.04167e+10 1.04167e+10 1.04167e+10 
-0.00913151 -0.00228317 -0.00979246 4.03435e-05 -0.0110082 -0.0023872 0 0 0 0 0 0 1.04167e+10 1.04167e+10 1.04167e+10 
-0.00913151 -0.00228317 -0.00690814 -0.00033838 -0.00979246 4.03435e-05 0 0 0 0 0 0 1.04167e+10 1.04167e+10 1.04167e+10 
-0.00913151 -0.00228317 -0.00999205 -0.00529942 -0.00666251 -0.00525871 0 0 0 0 0 0 1.04167e+10 1.04167e+10 1.04167e+10 
-0.00913151 -0.00228317 -0.0110082 -0.0023872 -0.00999205 -0.00529942 0 0 0 0 0 0 1.04167e+10 1.04167e+10 1.04167e+10 
0.0150528 -0.0103272 0.0126109 -0.00964405 0.0136441 -0.0123367 0 0 0 0 0 0 1.04167e+10 1.04167e+10 1.04167e+10 
0.0150528 -0.0103272 0.0136441 -0.0123367 0.0166744 -0.0124224 0 0 0 0 0 0 1.04167e+10 1.04167e+10 1.04167e+10 
0.0150528 -0.0103272 0.013897 -0.00727273 0.0126109 -0.00964405 0 0 0 0 0 0 1.04167e+10 1.04167e+10 1.04167e+10 
0.0150528 -0.0103272 0.0159193 -0.00781946 0.013897 -0.00727273 0 0 0 0 0 0 1.04167e+10 1.04167e+10 1.04167e+10 
0.00252354 -0.0146068 0.00542275 -0.0153622 0.00393938 -0.0127923 0 0 0 0 0 0 1.04167e+10 1.04167e+10 1.04167e+10 
0.00252354 -0.0146068 0.000669259 -0.0146334 0.00139375 -0.0173099 0 0 0 0 0 0 1.04167e+10 1.04167e+10 1.04167e+10 
-0.000630336 0.000221863 0.00100811 0.000378488 1.68062e-05 0.00162874 0 0 0 0 0 0 2.08333e+10 2.08333e+10 2.08333e+10 
-0.000630336 0.000221863 0.000140331 -0.000636499 0.00100811 0.000378488 0 0 0 0 0 0 2.08333e+10 2.08333e+10 2.08333e+10 
-0.000630336 0.000221863 1.68062e-05 0.00162874 -0.00126404 0.00120822 0 0 0 0 0 0 2.08333e+10 2.08333e+10 2.08333e+10 
-0.000630336 0.000221863 -0.000805495 -0.00228667 0.000140331 -0.000636499 0 0 0 0 0 0 1.04167e+10 1.04167e+10 1.04167e+10 
0.011412 -0.00709102 0.0126109 -0.00964405 0.013897 -0.00727273 0 0 0 0 0 0 1.04167e+10 1.04167e+10 1.04167e+10 
0.011412 -0.00709102 0.0107614 -0.00472027 0.00903557 -0.00729643 0 0 0 0 0 0 1.04167e+10 1.04167e+10 1.04167e+10 
0.011412 -0.00709102 0.0104494 -0.0100731 0.0126109 -0.00964405 0 0 0 0 0 0 1.04167e+10 1.04167e+10 1.04167e+10 
0.011412 -0.00709102 0.00903557 -0.00729643 0.0104494 -0.0100731 0 0 0 0 0 0 1.04167e+10 1.04167e+10 1.04167e+10 
0.011412 -0.00709102 0.013897 -0.00727273 0.0127767 -0.00495408 0 0 0 0 0 0 1.04167e+10 1.04167e+10 1.04167e+10 
0.011412 -0.00709102 0.0127767 -0.00495408 0.0107614 -0.00472027 0 0 0 0 0 0 1.04167e+10 1.04167e+10 1.04167e+10 
0.00866958 0.0133175 0.0058317 0.0118445 0.00727017 0.0108816 0 0 0 0 0 0 2.08333e+10 2.08333e+10 2.08333e+10 
0.00866958 0.0133175 0.0103029 0.0156745 0.00866454 0.0166115 0 0 0 0 0 0 2.08333e+10 2.08333e+10 2.08333e+10 
0.00866958 0.0133175 0.0100812 0.0123745 0.0103029 0.0156745 0 0 0 0 0 0 2.08333e+10 2.08333e+10 2.08333e+10 
0.00584365 0.000325771 0.00852189 0.00039636 0.00800779 0.00216783 0 0 0 0 0 0 2.08333e+10 2.08333e+10 2.08333e+10 
0.00584365 0.000325771 0.00680468 -0.00159933 0.00852189 0.00039636 0 0 0 0 0 0 2.08333e+10 2.08333e+10 2.08333e+10 
0.00584365 0.000325771 0.00517659 -0.00150388 0.00680468 -0.00159933 0 0 0 0 0 0 2.08333e+10 2.08333e+10 2.08333e+10 
0.00584365 0.000325771 0.00366329 0.000929539 0.00370667 -0.00118431 0 0 0 0 0 0 2.08333e+10 2.08333e+10 2.08333e+10 
0.00584365 0.000325771 0.00370667 -0.00118431 0.00517659 -0.00150388 0 0 0 0 0 0 2.08333e+10 2.08333e+10 2.08333e+10 
-0.0188003 0.00267149 -0.0160728 0.00262044 -0.0166762 0.00456563 0 0 0 0 0 0 1.04167e+10 1.04167e+10 1.04167e+10 
-0.0188003 0.00267149 -0.02 0.0024 -0.02 0.0008 0 0 0 0 0 0 1.04167e+10 1.04167e+10 1.04167e+10 
-0.0188003 0.00267149 -0.02 0.004 -0.02 0.0024 0 0 0 0 0 0 1.04167e+10 1.04167e+10 1.04167e+10 
-0.0188003 0.00267149 -0.0166762 0.00456563 -0.02 0.004 0 0 0 0 0 0 1.04167e+10 1.04167e+10 1.04167e+10 
-0.02 -0.0152 -0.0170014 -0.0151785 -0.02 -0.0136 0 0 0 0 0 0 1.04167e+10 1.04167e+10 1.04167e+10 
-0.02 -0.0152 -0.0184273 -0.0175924 -0.0170014 -0.0151785 0 0 0 0 0 0 1.04167e+10 1.04167e+10 1.04167e+10 
-0.02 -0.0152 -0.02 -0.0168 -0.0184273 -0.0175924 0 0 0 0 0 0 1.04167e+10 1.04167e+10 1.04167e+10 
0.00636296 0.00859622 0.00727017 0.0108816 0.00484096 0.00934492 0 0 0 0 0 0 2.08333e+10 2.08333e+10 2.08333e+10 
0.00636296 0.00859622 0.00645447 0.00627455 0.00785256 0.00792856 0 0 0 0 0 0 2.08333e+10 2.08333e+10 2.08333e+10 
0.00636296 0.00859622 0.00484096 0.00934492 0.00442429 0.00702904 0 0 0 0 0 0 2.08333e+10 2.08333e+10 2.08333e+10 
0.00636296 0.00859622 0.00442429 0.00702904 0.00645447 0.00627455 0 0 0 0 0 0 2.08333e+10 2.08333e+10 2.08333e+10 
0.00717111 0.0143165 0.0043261 0.0128801 0.0058317 0.0118445 0 0 0 0 0 0 2.08333e+10 2.08333e+10 2.08333e+10 
0.00717111 0.0143165 0.00550379 0.0151448 0.0043261 0.0128801 0 0 0 0 0 0 2.08333e+10 2.08333e+10 2.08333e+10 
0.00717111 0.0143165 0.0058317 0.0118445 0.00866958 0.0133175 0 0 0 0 0 0 2.08333e+10 2.08333e+10 2.08333e+10 
0.00717111 0.0143165 0.00695489 0.0174916 0.00550379 0.0151448 0 0 0 0 0 0 2.08333e+10 2.08333e+10 2.08333e+10 
0.00717111 0.0143165 0.00866454 0.0166115 0.00695489 0.0174916 0 0 0 0 0 0 2.08333e+10 2.08333e+10 2.08333e+10 
0.00717111 0.0143165 0.00866958 0.0133175 0.00866454 0.0166115 0 0 0 0 0 0 2.08333e+10 2.08333e+10 2.08333e+10 
0.0145559 0.0108435 0.013625 0.00804718 0.0159673 0.00965013 0 0 0 0 0 0 2.08333e+10 2.08333e+10 2.08333e+10 
0.0145559 0.0108435 0.0145739 0.0131248 0.0126512 0.0113719 0 0 0 0 0 0 2.08333e+10 2.08333e+10 2.08333e+10 
0.0145559 0.0108435 0.0159673 0.00965013 0.0166029 0.012522 0 0 0 0 0 0 2.08333e+10 2.08333e+10 2.08333e+10 
0.0145559 0.0108435 0.0166029 0.012522 0.0145739 0.0131248 0 0 0 0 0 0 2.08333e+10 2.08333e+10 2.08333e+10 
-0.0188031 0.0120672 -0.02 0.012 -0.02 0.0104 0 0 0 0 0 0 1.04167e+10 1.04167e+10 1.04167e+10 
-0.0188031 0.0120672 -0.02 0.0104 -0.0174431 0.0101288 0 0 0 0 0 0 1.04167e+10 1.04167e+10 1.04167e+10 
-0.0188031 0.0120672 -0.02 0.0136 -0.02 0.012 0 0 0 0 0 0 1.04167e+10 1.04167e+10 1.04167e+10 
0.00869033 0.0102265 0.0107553 0.00975254 0.0100812 0.0123745 0 0 0 0 0 0 2.08333e+10 2.08333e+10 2.08333e+10 
0.00869033 0.0102265 0.00785256 0.00792856 0.0101319 0.00787324 0 0 0 0 0 0 2.08333e+10 2.08333e+10 2.08333e+10 
0.00869033 0.0102265 0.0101319 0.00787324 0.0107553 0.00975254 0 0 0 0 0 0 2.08333e+10 2.08333e+10 2.08333e+10 
0.00869033 0.0102265 0.00727017 0.0108816 0.00636296 0.00859622 0 0 0 0 0 0 2.08333e+10 2.08333e+10 2.08333e+10 
0.00869033 0.0102265 0.00636296 0.00859622 0.00785256 0.00792856 0 0 0 0 0 0 2.08333e+10 2.08333e+10 2.08333e+10 
0.00869033 0.0102265 0.00866958 0.0133175 0.00727017 0.0108816 0 0 0 0 0 0 2.08333e+10 2.08333e+10 2.08333e+10 
0.00869033 0.0102265 0.0100812 0.0123745 0.00866958 0.0133175 0 0 0 0 0 0 2.08333e+10 2.08333e+10 2.08333e+10 
0.0123975 0.00924704 0.0126512 0.0113719 0.0107553 0.00975254 0 0 0 0 0 0 2.08333e+10 2.08333e+10 2.08333e+10 
0.0123975 0.00924704 0.0112138 0.00668746 0.013625 0.00804718 0 0 0 0 0 0 2.08333e+10 2.08333e+10 2.08333e+10 
0.0123975 0.00924704 0.013625 0.00804718 0.0145559 0.0108435 0 0 0 0 0 0 2.08333e+10 2.08333e+10 2.08333e+10 
0.0123975 0.00924704 0.0145559 0.0108435 0.0126512 0.0113719 0 0 0 0 0 0 2.08333e+10 2.08333e+10 2.08333e+10 
0.0123975 0.00924704 0.0101319 0.00787324 0.0112138 0.00668746 0 0 0 0 0 0 2.08333e+10 2.08333e+10 2.08333e+10 
0.0123975 0.00924704 0.0107553 0.00975254 0.0101319 0.00787324 0 0 0 0 0 0 2.08333e+10 2.08333e+10 2.08333e+10 
0.00360184 0.00345357 0.00267677 0.00566126 0.000976351 0.00445209 0 0 0 0 0 0 2.08333e+10 2.08333e+10 2.08333e+10 
0.00360184 0.00345357 0.000976351 0.00445209 0.00194212 0.00233173 0 0 0 0 0 0 2.08333e+10 2.08333e+10 2.08333e+10 
0.00360184 0.00345357 0.00194212 0.00233173 0.00366329 0.000929539 0 0 0 0 0 0 2.08333e+10 2.08333e+10 2.08333e+10 
0.00360184 0.00345357 0.00507924 0.00479941 0.00267677 0.00566126 0 0 0 0 0 0 2.08333e+10 2.08333e+10 2.08333e+10 
-0.02 0.0088 -0.0187568 0.00780532 -0.0174431 0.0101288 0 0 0 0 0 0 1.04167e+10 1.04167e+10 1.04167e+10 
-0.02 0.0088 -0.0174431 0.0101288 -0.02 0.0104 0 0 0 0 0 0 1.04167e+10 1.04167e+10 1.04167e+10 
-0.02 0.0088 -0.02 0.0072 -0.0187568 0.00780532 0 0 0 0 0 0 1.04167e+10 1.04167e+10 1.04167e+10 
-0.00425879 -0.00532772 -0.00405271 -0.00724321 -0.00166443 -0.0053902 0 0 0 0 0 0 1.04167e+10 1.04167e+10 1.04167e+10 
-0.00425879 -0.00532772 -0.00166443 -0.0053902 -0.00339839 -0.00221034 0 0 0 0 0 0 1.04167e+10 1.04167e+10 1.04167e+10 
-0.00425879 -0.00532772 -0.00652916 -0.00729687 -0.00405271 -0.00724321 0 0 0 0 0 0 1.04167e+10 1.04167e+10 1.04167e+10 
-0.00425879 -0.00532772 -0.00666251 -0.00525871 -0.00652916 -0.00729687 0 0 0 0 0 0 1.04167e+10 1.04167e+10 1.04167e+10 
0.0144667 0.00646347 0.0167462 0.00791226 0.013625 0.00804718 0 0 0 0 0 0 2.08333e+10 2.08333e+10 2.08333e+10 
0.0144667 0.00646347 0.0176948 0.00625915 0.0167462 0.00791226 0 0 0 0 0 0 2.08333e+10 2.08333e+10 2.08333e+10 
0.0144667 0.00646347 0.0153559 0.00484088 0.0176948 0.00625915 0 0 0 0 0 0 2.08333e+10 2.08333e+10 2.08333e+10 
0.0144667 0.00646347 0.0131045 0.0036991 0.0153559 0.00484088 0 0 0 0 0 0 2.08333e+10 2.08333e+10 2.08333e+10 
0.0144667 0.00646347 0.0120222 0.00518093 0.0131045 0.0036991 0 0 0 0 0 0 2.08333e+10 2.08333e+10 2.08333e+10 
0.0144667 0.00646347 0.0112138 0.00668746 0.0120222 0.00518093 0 0 0 0 0 0 2.08333e+10 2.08333e+10 2.08333e+10 
0.0144667 0.00646347 0.013625 0.00804718 0.0112138 0.00668746 0 0 0 0 0 0 2.08333e+10 2.08333e+10 2.08333e+10 
-0.0049083 -0.00966657 -0.00334804 -0.0123067 -0.00197655 -0.0100595 0 0 0 0 0 0 1.04167e+10 1.04167e+10 1.04167e+10 
-0.0049083 -0.00966657 -0.00197655 -0.0100595 -0.00405271 -0.00724321 0 0 0 0 0 0 1.04167e+10 1.04167e+10 1.04167e+10 
-0.0049083 -0.00966657 -0.00652916 -0.00729687 -0.00670603 -0.00963239 0 0 0 0 0 0 1.04167e+10 1.04167e+10 1.04167e+10 
-0.0049083 -0.00966657 -0.00405271 -0.00724321 -0.00652916 -0.00729687 0 0 0 0 0 0 1.04167e+10 1.04167e+10 1.04167e+10 
-0.0049083 -0.00966657 -0.00627957 -0.0121221 -0.00334804 -0.0123067 0 0 0 0 0 0 1.04167e+10 1.04167e+10 1.04167e+10 
-0.0049083 -0.00966657 -0.00670603 -0.00963239 -0.00627957 -0.0121221 0 0 0 0 0 0 1.04167e+10 1.04167e+10 1.04167e+10 
0.00956535 0.00425956 0.0106932 0.00276014 0.0120222 0.00518093 0 0 0 0 0 0 2.08333e+10 2.08333e+10 2.08333e+10 
0.00956535 0.00425956 0.00800779 0.00216783 0.0106932 0.00276014 0 0 0 0 0 0 2.08333e+10 2.08333e+10 2.08333e+10 
0.00956535 0.00425956 0.00711534 0.00393055 0.00800779 0.00216783 0 0 0 0 0 0 2.08333e+10 2.08333e+10 2.08333e+10 
0.00956535 0.00425956 0.00875053 0.00577992 0.00711534 0.00393055 0 0 0 0 0 0 2.08333e+10 2.08333e+10 2.08333e+10 
0.00956535 0.00425956 0.0112138 0.00668746 0.00875053 0.00577992 0 0 0 0 0 0 2.08333e+10 2.08333e+10 2.08333e+10 
0.00956535 0.00425956 0.0120222 0.00518093 0.0112138 0.00668746 0 0 0 0 0 0 2.08333e+10 2.08333e+10 2.08333e+10 
0.0186252 -0.002735 0.02 -0.004 0.02 -0.0024 0 0 0 0 0 0 1.04167e+10 1.04167e+10 1.04167e+10 
0.0186252 -0.002735 0.018064 -0.00535031 0.02 -0.004 0 0 0 0 0 0 1.04167e+10 1.04167e+10 1.04167e+10 
0.0186252 -0.002735 0.0164505 -0.00266024 0.018064 -0.00535031 0 0 0 0 0 0 1.04167e+10 1.04167e+10 1.04167e+10 
-0.0063863 0.0174423 -0.0056 0.02 -0.0072 0.02 0 0 0 0 0 0 1.04167e+10 1.04167e+10 1.04167e+10 
-0.0063863 0.0174423 -0.00396038 0.0174 -0.0056 0.02 0 0 0 0 0 0 1.04167e+10 1.04167e+10 1.04167e+10 
-0.0063863 0.0174423 -0.0072 0.02 -0.00898719 0.0174135 0 0 0 0 0 0 1.04167e+10 1.04167e+10 1.04167e+10 
-0.0063863 0.0174423 -0.00898719 0.0174135 -0.00699594 0.0150842 0 0 0 0 0 0 1.04167e+10 1.04167e+10 1.04167e+10 
-0.0063863 0.0174423 -0.00699594 0.0150842 -0.00483305 0.0152886 0 0 0 0 0 0 1.04167e+10 1.04167e+10 1.04167e+10 
-0.0063863 0.0174423 -0.00483305 0.0152886 -0.00396038 0.0174 0 0 0 0 0 0 1.04167e+10 1.04167e+10 1.04167e+10 
0.00284865 0.0141084 0.000891113 0.0143708 0.00182507 0.0116456 0 0 0 0 0 0 2.08333e+10 2.08333e+10 2.08333e+10 
0.00284865 0.0141084 0.00182507 0.0116456 0.0043261 0.0128801 0 0 0 0 0 0 2.08333e+10 2.08333e+10 2.08333e+10 
0.00284865 0.0141084 0.00169527 0.0160785 0.000891113 0.0143708 0 0 0 0 0 0 2.08333e+10 2.08333e+10 2.08333e+10 
0.00284865 0.0141084 0.00400717 0.0163475 0.00169527 0.0160785 0 0 0 0 0 0 2.08333e+10 2.08333e+10 2.08333e+10 
0.00284865 0.0141084 0.00550379 0.0151448 0.00400717 0.0163475 0 0 0 0 0 0 2.08333e+10 2.08333e+10 2.08333e+10 
0.00284865 0.0141084 0.0043261 0.0128801 0.00550379 0.0151448 0 0 0 0 0 0 2.08333e+10 2.08333e+10 2.08333e+10 
-0.0135065 -0.00761492 -0.0120358 -0.00477637 -0.0146338 -0.00472028 0 0 0 0 0 0 1.04167e+10 1.04167e+10 1.04167e+10 
-0.0135065 -0.00761492 -0.0114051 -0.00773427 -0.0120358 -0.00477637 0 0 0 0 0 0 1.04167e+10 1.04167e+10 1.04167e+10 
-0.0135065 -0.00761492 -0.0119388 -0.0096404 -0.0114051 -0.00773427 0 0 0 0 0 0 1.04167e+10 1.04167e+10 1.04167e+10 
-0.0135065 -0.00761492 -0.0146889 -0.00972458 -0.0119388 -0.0096404 0 0 0 0 0 0 1.04167e+10 1.04167e+10 1.04167e+10 
-0.0135065 -0.00761492 -0.0146338 -0.00472028 -0.0160636 -0.00760221 0 0 0 0 0 0 1.04167e+10 1.04167e+10 1.04167e+10 
-0.0135065 -0.00761492 -0.0160636 -0.00760221 -0.0146889 -0.00972458 0 0 0 0 0 0 1.04167e+10 1.04167e+10 1.04167e+10 
-0.0174726 0.000116438 -0.02 -0.0008 -0.018698 -0.00227487 0 0 0 0 0 0 1.04167e+10 1.04167e+10 1.04167e+10 
-0.0174726 0.000116438 -0.02 0.0008 -0.02 -0.0008 0 0 0 0 0 0 1.04167e+10 1.04167e+10 1.04167e+10 
-0.0174726 0.000116438 -0.0148418 0.000132241 -0.0160728 0.00262044 0 0 0 0 0 0 1.04167e+10 1.04167e+10 1.04167e+10 
-0.0174726 0.000116438 -0.0160728 0.00262044 -0.0188003 0.00267149 0 0 0 0 0 0 1.04167e+10 1.04167e+10 1.04167e+10 
-0.0174726 0.000116438 -0.0188003 0.00267149 -0.02 0.0008 0 0 0 0 0 0 1.04167e+10 1.04167e+10 1.04167e+10 
-0.00702688 0.00979478 -0.00911948 0.0124555 -0.00966359 0.0103802 0 0 0 0 0 0 1.04167e+10 1.04167e+10 1.04167e+10 
-0.00702688 0.00979478 -0.00579934 0.0126819 -0.00911948 0.0124555 0 0 0 0 0 0 1.04167e+10 1.04167e+10 1.04167e+10 
-0.00702688 0.00979478 -0.00966359 0.0103802 -0.00863478 0.00749337 0 0 0 0 0 0 1.04167e+10 1.04167e+10 1.04167e+10 
-0.00702688 0.00979478 -0.00863478 0.00749337 -0.00592913 0.00769622 0 0 0 0 0 0 1.04167e+10 1.04167e+10 1.04167e+10 
-0.00593342 -0.0021278 -0.00690814 -0.00033838 -0.00913151 -0.00228317 0 0 0 0 0 0 1.04167e+10 1.04167e+10 1.04167e+10 
-0.00593342 -0.0021278 -0.00913151 -0.00228317 -0.00666251 -0.00525871 0 0 0 0 0 0 1.04167e+10 1.04167e+10 1.04167e+10 
-0.00593342 -0.0021278 -0.00339839 -0.00221034 -0.00462495 8.09724e-05 0 0 0 0 0 0 1.04167e+10 1.04167e+10 1.04167e+10 
-0.00593342 -0.0021278 -0.00462495 8.09724e-05 -0.00690814 -0.00033838 0 0 0 0 0 0 1.04167e+10 1.04167e+10 1.04167e+10 
-0.00593342 -0.0021278 -0.00425879 -0.00532772 -0.00339839 -0.00221034 0 0 0 0 0 0 1.04167e+10 1.04167e+10 1.04167e+10 
-0.00593342 -0.0021278 -0.00666251 -0.00525871 -0.00425879 -0.00532772 0 0 0 0 0 0 1.04167e+10 1.04167e+10 1.04167e+10 
-0.0159771 0.0127401 -0.0174431 0.0101288 -0.0147194 0.00981474 0 0 0 0 0 0 1.04167e+10 1.04167e+10 1.04167e+10 
-0.0159771 0.0127401 -0.0188031 0.0120672 -0.0174431 0.0101288 0 0 0 0 0 0 1.04167e+10 1.04167e+10 1.04167e+10 
-0.0113692 -0.0172653 -0.0121056 -0.0145863 -0.0133648 -0.0177646 0 0 0 0 0 0 1.04167e+10 1.04167e+10 1.04167e+10 
-0.0113692 -0.0172653 -0.012 -0.02 -0.0104 -0.02 0 0 0 0 0 0 1.04167e+10 1.04167e+10 1.04167e+10 
-0.0113692 -0.0172653 -0.0133648 -0.0177646 -0.012 -0.02 0 0 0 0 0 0 1.04167e+10 1.04167e+10 1.04167e+10 
-0.0113692 -0.0172653 -0.0104 -0.02 -0.00891945 -0.0174528 0 0 0 0 0 0 1.04167e+10 1.04167e+10 1.04167e+10 
0.0116948 0.0119517 0.0126512 0.0113719 0.0134029 0.0138347 0 0 0 0 0 0 2.08333e+10 2.08333e+10 2.08333e+10 
0.0116948 0.0119517 0.0134029 0.0138347 0.0117748 0.0145986 0 0 0 0 0 0 2.08333e+10 2.08333e+10 2.08333e+10 
0.0116948 0.0119517 0.0117748 0.0145986 0.0100812 0.0123745 0 0 0 0 0 0 2.08333e+10 2.08333e+10 2.08333e+10 
0.0116948 0.0119517 0.0100812 0.0123745 0.0107553 0.00975254 0 0 0 0 0 0 2.08333e+10 2.08333e+10 2.08333e+10 
0.0116948 0.0119517 0.0107553 0.00975254 0.0126512 0.0113719 0 0 0 0 0 0 2.08333e+10 2.08333e+10 2.08333e+10 
-0.00978155 -0.0147626 -0.00869734 -0.0129031 -0.011214 -0.0123532 0 0 0 0 0 0 1.04167e+10 1.04167e+10 1.04167e+10 
-0.00978155 -0.0147626 -0.011214 -0.0123532 -0.0121056 -0.0145863 0 0 0 0 0 0 1.04167e+10 1.04167e+10 1.04167e+10 
-0.00978155 -0.0147626 -0.0070766 -0.0147638 -0.00869734 -0.0129031 0 0 0 0 0 0 1.04167e+10 1.04167e+10 1.04167e+10 
-0.00978155 -0.0147626 -0.00891945 -0.0174528 -0.0070766 -0.0147638 0 0 0 0 0 0 1.04167e+10 1.04167e+10 1.04167e+10 
-0.00978155 -0.0147626 -0.0121056 -0.0145863 -0.0113692 -0.0172653 0 0 0 0 0 0 1.04167e+10 1.04167e+10 1.04167e+10 
-0.00978155 -0.0147626 -0.0113692 -0.0172653 -0.00891945 -0.0174528 0 0 0 0 0 0 1.04167e+10 1.04167e+10 1.04167e+10 
0.017896 -0.00977208 0.0189126 -0.0121862 0.02 -0.0104 0 0 0 0 0 0 1.04167e+10 1.04167e+10 1.04167e+10 
0.017896 -0.00977208 0.0166744 -0.0124224 0.0189126 -0.0121862 0 0 0 0 0 0 1.04167e+10 1.04167e+10 1.04167e+10 
0.017896 -0.00977208 0.0150528 -0.0103272 0.0166744 -0.0124224 0 0 0 0 0 0 1.04167e+10 1.04167e+10 1.04167e+10 
0.017896 -0.00977208 0.02 -0.0104 0.02 -0.0088 0 0 0 0 0 0 1.04167e+10 1.04167e+10 1.04167e+10 
0.017896 -0.00977208 0.02 -0.0088 0.0187927 -0.00786905 0 0 0 0 0 0 1.04167e+10 1.04167e+10 1.04167e+10 
0.017896 -0.00977208 0.0187927 -0.00786905 0.0159193 -0.00781946 0 0 0 0 0 0 1.04167e+10 1.04167e+10 1.04167e+10 
0.017896 -0.00977208 0.0159193 -0.00781946 0.0150528 -0.0103272 0 0 0 0 0 0 1.04167e+10 1.04167e+10 1.04167e+10 
0.0072 -0.02 0.00585176 -0.017725 0.0056 -0.02 0 0 0 0 0 0 1.04167e+10 1.04167e+10 1.04167e+10 
0.0072 -0.02 0.0088 -0.02 0.00845758 -0.0172338 0 0 0 0 0 0 1.04167e+10 1.04167e+10 1.04167e+10 
0.0072 -0.02 0.00845758 -0.0172338 0.00585176 -0.017725 0 0 0 0 0 0 1.04167e+10 1.04167e+10 1.04167e+10 
0.0187625 0.00937022 0.02 0.0072 0.02 0.0088 0 0 0 0 0 0 2.08333e+10 2.08333e+10 2.08333e+10 
0.0187625 0.00937022 0.0159673 0.00965013 0.0167462 0.00791226 0 0 0 0 0 0 2.08333e+10 2.08333e+10 2.08333e+10 
0.0187625 0.00937022 0.0180856 0.011289 0.0159673 0.00965013 0 0 0 0 0 0 2.08333e+10 2.08333e+10 2.08333e+10 
0.0187625 0.00937022 0.02 0.0088 0.02 0.0104 0 0 0 0 0 0 2.08333e+10 2.08333e+10 2.08333e+10 
0.0187625 0.00937022 0.02 0.0104 0.0180856 0.011289 0 0 0 0 0 0 2.08333e+10 2.08333e+10 2.08333e+10 
0.0187625 0.00937022 0.0176948 0.00625915 0.02 0.0072 0 0 0 0 0 0 2.08333e+10 2.08333e+10 2.08333e+10 
0.0187625 0.00937022 0.0167462 0.00791226 0.0176948 0.00625915 0 0 0 0 0 0 2.08333e+10 2.08333e+10 2.08333e+10 
0.0151451 0.0156884 0.0134029 0.0138347 0.0145739 0.0131248 0 0 0 0 0 0 2.08333e+10 2.08333e+10 2.08333e+10 
0.0151451 0.0156884 0.0145739 0.0131248 0.0164517 0.0148964 0 0 0 0 0 0 2.08333e+10 2.08333e+10 2.08333e+10 
0.0151451 0.0156884 0.0135213 0.0166828 0.0134029 0.0138347 0 0 0 0 0 0 2.08333e+10 2.08333e+10 2.08333e+10 
0.0151451 0.0156884 0.0164517 0.0148964 0.0170739 0.0176887 0 0 0 0 0 0 2.08333e+10 2.08333e+10 2.08333e+10 
0.0151451 0.0156884 0.0170739 0.0176887 0.0154801 0.0188592 0 0 0 0 0 0 2.08333e+10 2.08333e+10 2.08333e+10 
0.0151451 0.0156884 0.0154801 0.0188592 0.0135213 0.0166828 0 0 0 0 0 0 2.08333e+10 2.08333e+10 2.08333e+10 
0.0136 0.02 0.012 0.02 0.0119638 0.0177998 0 0 0 0 0 0 2.08333e+10 2.08333e+10 2.08333e+10 
0.0136 0.02 0.0154801 0.0188592 0.0152 0.02 0 0 0 0 0 0 2.08333e+10 2.08333e+10 2.08333e+10 
0.0136 0.02 0.0119638 0.0177998 0.0135213 0.0166828 0 0 0 0 0 0 2.08333e+10 2.08333e+10 2.08333e+10 
0.0136 0.02 0.0135213 0.0166828 0.0154801 0.0188592 0 0 0 0 0 0 2.08333e+10 2.08333e+10 2.08333e+10 
-0.0170168 0.0148792 -0.0188929 0.0172559 -0.02 0.0152 0 0 0 0 0 0 1.04167e+10 1.04167e+10 1.04167e+10 
-0.0170168 0.0148792 -0.0159771 0.0127401 -0.0147713 0.0153401 0 0 0 0 0 0 1.04167e+10 1.04167e+10 1.04167e+10 
-0.0170168 0.0148792 -0.02 0.0152 -0.02 0.0136 0 0 0 0 0 0 1.04167e+10 1.04167e+10 1.04167e+10 
-0.0170168 0.0148792 -0.02 0.0136 -0.0188031 0.0120672 0 0 0 0 0 0 1.04167e+10 1.04167e+10 1.04167e+10 
-0.0170168 0.0148792 -0.0188031 0.0120672 -0.0159771 0.0127401 0 0 0 0 0 0 1.04167e+10 1.04167e+10 1.04167e+10 
-0.0044611 0.0102291 -0.00397798 0.0124772 -0.00579934 0.0126819 0 0 0 0 0 0 1.04167e+10 1.04167e+10 1.04167e+10 
-0.0044611 0.0102291 -0.00579934 0.0126819 -0.00702688 0.00979478 0 0 0 0 0 0 1.04167e+10 1.04167e+10 1.04167e+10 
-0.0044611 0.0102291 -0.00702688 0.00979478 -0.00592913 0.00769622 0 0 0 0 0 0 1.04167e+10 1.04167e+10 1.04167e+10 
-0.0139055 0.0121628 -0.0122475 0.00964226 -0.0109052 0.0126934 0 0 0 0 0 0 1.04167e+10 1.04167e+10 1.04167e+10 
-0.0139055 0.0121628 -0.0147194 0.00981474 -0.0122475 0.00964226 0 0 0 0 0 0 1.04167e+10 1.04167e+10 1.04167e+10 
-0.0139055 0.0121628 -0.0147713 0.0153401 -0.0159771 0.0127401 0 0 0 0 0 0 1.04167e+10 1.04167e+10 1.04167e+10 
-0.0139055 0.0121628 -0.0159771 0.0127401 -0.0147194 0.00981474 0 0 0 0 0 0 1.04167e+10 1.04167e+10 1.04167e+10 
-0.0171529 -0.00962903 -0.0183731 -0.0121929 -0.0164292 -0.0124652 0 0 0 0 0 0 1.04167e+10 1.04167e+10 1.04167e+10 
-0.0171529 -0.00962903 -0.0164292 -0.0124652 -0.0146889 -0.00972458 0 0 0 0 0 0 1.04167e+10 1.04167e+10 1.04167e+10 
-0.0171529 -0.00962903 -0.0183008 -0.00711937 -0.02 -0.0088 0 0 0 0 0 0 1.04167e+10 1.04167e+10 1.04167e+10 
-0.0171529 -0.00962903 -0.0160636 -0.00760221 -0.0183008 -0.00711937 0 0 0 0 0 0 1.04167e+10 1.04167e+10 1.04167e+10 
-0.0171529 -0.00962903 -0.02 -0.0088 -0.02 -0.0104 0 0 0 0 0 0 1.04167e+10 1.04167e+10 1.04167e+10 
-0.0171529 -0.00962903 -0.02 -0.0104 -0.0183731 -0.0121929 0 0 0 0 0 0 1.04167e+10 1.04167e+10 1.04167e+10 
-0.0171529 -0.00962903 -0.0146889 -0.00972458 -0.0160636 -0.00760221 0 0 0 0 0 0 1.04167e+10 1.04167e+10 1.04167e+10 
0.00558955 0.00228571 0.00584365 0.000325771 0.00800779 0.00216783 0 0 0 0 0 0 2.08333e+10 2.08333e+10 2.08333e+10 
0.00558955 0.00228571 0.00800779 0.00216783 0.00711534 0.00393055 0 0 0 0 0 0 2.08333e+10 2.08333e+10 2.08333e+10 
0.00558955 0.00228571 0.00366329 0.000929539 0.00584365 0.000325771 0 0 0 0 0 0 2.08333e+10 2.08333e+10 2.08333e+10 
0.00558955 0.00228571 0.00360184 0.00345357 0.00366329 0.000929539 0 0 0 0 0 0 2.08333e+10 2.08333e+10 2.08333e+10 
0.00558955 0.00228571 0.00711534 0.00393055 0.00507924 0.00479941 0 0 0 0 0 0 2.08333e+10 2.08333e+10 2.08333e+10 
0.00558955 0.00228571 0.00507924 0.00479941 0.00360184 0.00345357 0 0 0 0 0 0 2.08333e+10 2.08333e+10 2.08333e+10 
0.00139748 -0.0126277 0.00393938 -0.0127923 0.00315025 -0.0101685 0 0 0 0 0 0 1.04167e+10 1.04167e+10 1.04167e+10 
0.00139748 -0.0126277 0.00315025 -0.0101685 0.000504647 -0.0101916 0 0 0 0 0 0 1.04167e+10 1.04167e+10 1.04167e+10 
0.00139748 -0.0126277 0.000504647 -0.0101916 -0.00141374 -0.0122913 0 0 0 0 0 0 1.04167e+10 1.04167e+10 1.04167e+10 
0.00139748 -0.0126277 -0.00141374 -0.0122913 0.000669259 -0.0146334 0 0 0 0 0 0 1.04167e+10 1.04167e+10 1.04167e+10 
0.00139748 -0.0126277 0.00252354 -0.0146068 0.00393938 -0.0127923 0 0 0 0 0 0 1.04167e+10 1.04167e+10 1.04167e+10 
0.00139748 -0.0126277 0.000669259 -0.0146334 0.00252354 -0.0146068 0 0 0 0 0 0 1.04167e+10 1.04167e+10 1.04167e+10 
-0.0121205 0.0147111 -0.00950399 0.0150225 -0.010978 0.017692 0 0 0 0 0 0 1.04167e+10 1.04167e+10 1.04167e+10 
-0.0121205 0.0147111 -0.0109052 0.0126934 -0.00950399 0.0150225 0 0 0 0 0 0 1.04167e+10 1.04167e+10 1.04167e+10 
-0.0121205 0.0147111 -0.010978 0.017692 -0.0140665 0.0176528 0 0 0 0 0 0 1.04167e+10 1.04167e+10 1.04167e+10 
-0.0121205 0.0147111 -0.0140665 0.0176528 -0.0147713 0.0153401 0 0 0 0 0 0 1.04167e+10 1.04167e+10 1.04167e+10 
-0.0121205 0.0147111 -0.0139055 0.0121628 -0.0109052 0.0126934 0 0 0 0 0 0 1.04167e+10 1.04167e+10 1.04167e+10 
-0.0121205 0.0147111 -0.0147713 0.0153401 -0.0139055 0.0121628 0 0 0 0 0 0 1.04167e+10 1.04167e+10 1.04167e+10 
-0.0164892 0.0175984 -0.0168 0.02 -0.0184 0.02 0 0 0 0 0 0 1.04167e+10 1.04167e+10 1.04167e+10 
-0.0164892 0.0175984 -0.0184 0.02 -0.0188929 0.0172559 0 0 0 0 0 0 1.04167e+10 1.04167e+10 1.04167e+10 
-0.0164892 0.0175984 -0.0152 0.02 -0.0168 0.02 0 0 0 0 0 0 1.04167e+10 1.04167e+10 1.04167e+10 
-0.0164892 0.0175984 -0.0140665 0.0176528 -0.0152 0.02 0 0 0 0 0 0 1.04167e+10 1.04167e+10 1.04167e+10 
-0.0164892 0.0175984 -0.0188929 0.0172559 -0.0170168 0.0148792 0 0 0 0 0 0 1.04167e+10 1.04167e+10 1.04167e+10 
-0.0164892 0.0175984 -0.0170168 0.0148792 -0.0147713 0.0153401 0 0 0 0 0 0 1.04167e+10 1.04167e+10 1.04167e+10 
-0.0164892 0.0175984 -0.0147713 0.0153401 -0.0140665 0.0176528 0 0 0 0 0 0 1.04167e+10 1.04167e+10 1.04167e+10 
0.0034614 -0.0174064 0.0024 -0.02 0.004 -0.02 0 0 0 0 0 0 1.04167e+10 1.04167e+10 1.04167e+10 
0.0034614 -0.0174064 0.00139375 -0.0173099 0.0024 -0.02 0 0 0 0 0 0 1.04167e+10 1.04167e+10 1.04167e+10 
0.0034614 -0.0174064 0.00585176 -0.017725 0.00542275 -0.0153622 0 0 0 0 0 0 1.04167e+10 1.04167e+10 1.04167e+10 
0.0034614 -0.0174064 0.004 -0.02 0.00585176 -0.017725 0 0 0 0 0 0 1.04167e+10 1.04167e+10 1.04167e+10 
0.0034614 -0.0174064 0.00542275 -0.0153622 0.00252354 -0.0146068 0 0 0 0 0 0 1.04167e+10 1.04167e+10 1.04167e+10 
0.0034614 -0.0174064 0.00252354 -0.0146068 0.00139375 -0.0173099 0 0 0 0 0 0 1.04167e+10 1.04167e+10 1.04167e+10 
-0.000288878 0.0148467 -0.00247617 0.014649 -0.000810112 0.0135592 0 0 0 0 0 0 1.04167e+10 1.04167e+10 1.04167e+10 
-0.000288878 0.0148467 0.000891113 0.0143708 0.000303621 0.0161506 0 0 0 0 0 0 2.08333e+10 2.08333e+10 2.08333e+10 
-0.000288878 0.0148467 -0.000810112 0.0135592 0.000891113 0.0143708 0 0 0 0 0 0 2.08333e+10 2.08333e+10 2.08333e+10 
-0.000829299 -0.0171358 0.000669259 -0.0146334 -0.0022896 -0.0151291 0 0 0 0 0 0 1.04167e+10 1.04167e+10 1.04167e+10 
-0.000829299 -0.0171358 0.00139375 -0.0173099 0.000669259 -0.0146334 0 0 0 0 0 0 1.04167e+10 1.04167e+10 1.04167e+10 
-0.000829299 -0.0171358 -0.0024 -0.02 -0.0008 -0.02 0 0 0 0 0 0 1.04167e+10 1.04167e+10 1.04167e+10 
-0.000829299 -0.0171358 -0.00384331 -0.0174883 -0.0024 -0.02 0 0 0 0 0 0 1.04167e+10 1.04167e+10 1.04167e+10 
-0.000829299 -0.0171358 -0.0022896 -0.0151291 -0.00384331 -0.0174883 0 0 0 0 0 0 1.04167e+10 1.04167e+10 1.04167e+10 
-0.000829299 -0.0171358 0.0008 -0.02 0.00139375 -0.0173099 0 0 0 0 0 0 1.04167e+10 1.04167e+10 1.04167e+10 
-0.000829299 -0.0171358 -0.0008 -0.02 0.0008 -0.02 0 0 0 0 0 0 1.04167e+10 1.04167e+10 1.04167e+10 
-0.0163962 -0.0020693 -0.0146338 -0.00472028 -0.0136577 -0.00216959 0 0 0 0 0 0 1.04167e+10 1.04167e+10 1.04167e+10 
-0.0163962 -0.0020693 -0.0174726 0.000116438 -0.018698 -0.00227487 0 0 0 0 0 0 1.04167e+10 1.04167e+10 1.04167e+10 
-0.0163962 -0.0020693 -0.0136577 -0.00216959 -0.0148418 0.000132241 0 0 0 0 0 0 1.04167e+10 1.04167e+10 1.04167e+10 
-0.0163962 -0.0020693 -0.0148418 0.000132241 -0.0174726 0.000116438 0 0 0 0 0 0 1.04167e+10 1.04167e+10 1.04167e+10 
-0.0163962 -0.0020693 -0.018698 -0.00227487 -0.0174763 -0.00525843 0 0 0 0 0 0 1.04167e+10 1.04167e+10 1.04167e+10 
-0.0163962 -0.0020693 -0.0174763 -0.00525843 -0.0146338 -0.00472028 0 0 0 0 0 0 1.04167e+10 1.04167e+10 1.04167e+10 
-0.0143135 0.00485254 -0.0123728 0.00494443 -0.0140046 0.00766116 0 0 0 0 0 0 1.04167e+10 1.04167e+10 1.04167e+10 
-0.0143135 0.00485254 -0.0140046 0.00766116 -0.0162285 0.00731717 0 0 0 0 0 0 1.04167e+10 1.04167e+10 1.04167e+10 
-0.0143135 0.00485254 -0.0162285 0.00731717 -0.0166762 0.00456563 0 0 0 0 0 0 1.04167e+10 1.04167e+10 1.04167e+10 
-0.0143135 0.00485254 -0.0138588 0.00222404 -0.0123728 0.00494443 0 0 0 0 0 0 1.04167e+10 1.04167e+10 1.04167e+10 
-0.0143135 0.00485254 -0.0160728 0.00262044 -0.0138588 0.00222404 0 0 0 0 0 0 1.04167e+10 1.04167e+10 1.04167e+10 
-0.0143135 0.00485254 -0.0166762 0.00456563 -0.0160728 0.00262044 0 0 0 0 0 0 1.04167e+10 1.04167e+10 1.04167e+10 
-0.00367673 0.00347908 -0.00207903 0.00342231 -0.00228035 0.00461683 0 0 0 0 0 0 1.04167e+10 1.04167e+10 1.04167e+10 
-0.00367673 0.00347908 -0.0049315 0.00516256 -0.00601462 0.00223944 0 0 0 0 0 0 1.04167e+10 1.04167e+10 1.04167e+10 
0.0183788 -0.00107663 0.0182528 0.000617831 0.0170995 2.22701e-05 0 0 0 0 0 0 1.04167e+10 1.04167e+10 1.04167e+10 
0.0183788 -0.00107663 0.02 -0.0008 0.0182528 0.000617831 0 0 0 0 0 0 1.04167e+10 1.04167e+10 1.04167e+10 
0.0183788 -0.00107663 0.02 -0.0024 0.02 -0.0008 0 0 0 0 0 0 1.04167e+10 1.04167e+10 1.04167e+10 
0.0183788 -0.00107663 0.0186252 -0.002735 0.02 -0.0024 0 0 0 0 0 0 1.04167e+10 1.04167e+10 1.04167e+10 
0.0183788 -0.00107663 0.0159539 -0.000520906 0.0164505 -0.00266024 0 0 0 0 0 0 1.04167e+10 1.04167e+10 1.04167e+10 
0.0183788 -0.00107663 0.0170995 2.22701e-05 0.0159539 -0.000520906 0 0 0 0 0 0 1.04167e+10 1.04167e+10 1.04167e+10 
0.0183788 -0.00107663 0.0164505 -0.00266024 0.0186252 -0.002735 0 0 0 0 0 0 1.04167e+10 1.04167e+10 1.04167e+10 
-0.00227715 -0.000215665 -0.00462495 8.09724e-05 -0.00339839 -0.00221034 0 0 0 0 0 0 1.04167e+10 1.04167e+10 1.04167e+10 
-0.00227715 -0.000215665 -0.00339839 -0.00221034 -0.000805495 -0.00228667 0 0 0 0 0 0 1.04167e+10 1.04167e+10 1.04167e+10 
-0.00227715 -0.000215665 -0.000805495 -0.00228667 -0.000630336 0.000221863 0 0 0 0 0 0 1.04167e+10 1.04167e+10 1.04167e+10 
-0.00227715 -0.000215665 -0.000630336 0.000221863 -0.00126404 0.00120822 0 0 0 0 0 0 1.04167e+10 1.04167e+10 1.04167e+10 
0.00217642 -0.00369978 0.00321864 -0.00239113 0.00207123 -0.00194735 0 0 0 0 0 0 1.04167e+10 1.04167e+10 1.04167e+10 
0.00217642 -0.00369978 0.000724222 -0.00537421 0.00246614 -0.00462981 0 0 0 0 0 0 1.04167e+10 1.04167e+10 1.04167e+10 
0.00406976 -0.00419272 0.00338346 -0.00748113 0.00548216 -0.00527967 0 0 0 0 0 0 1.04167e+10 1.04167e+10 1.04167e+10 
0.00406976 -0.00419272 0.00246614 -0.00462981 0.00338346 -0.00748113 0 0 0 0 0 0 1.04167e+10 1.04167e+10 1.04167e+10 
0.00406976 -0.00419272 0.00558446 -0.00282423 0.00435864 -0.0026685 0 0 0 0 0 0 1.04167e+10 1.04167e+10 1.04167e+10 
0.00406976 -0.00419272 0.00217642 -0.00369978 0.00246614 -0.00462981 0 0 0 0 0 0 1.04167e+10 1.04167e+10 1.04167e+10 
0.00406976 -0.00419272 0.00435864 -0.0026685 0.00321864 -0.00239113 0 0 0 0 0 0 1.04167e+10 1.04167e+10 1.04167e+10 
0.00406976 -0.00419272 0.00321864 -0.00239113 0.00217642 -0.00369978 0 0 0 0 0 0 1.04167e+10 1.04167e+10 1.04167e+10 
-0.00387799 0.00534734 -0.00228035 0.00461683 -0.00235701 0.00576192 0 0 0 0 0 0 1.04167e+10 1.04167e+10 1.04167e+10 
-0.00387799 0.00534734 -0.00367673 0.00347908 -0.00228035 0.00461683 0 0 0 0 0 0 1.04167e+10 1.04167e+10 1.04167e+10 
-0.00387799 0.00534734 -0.0049315 0.00516256 -0.00367673 0.00347908 0 0 0 0 0 0 1.04167e+10 1.04167e+10 1.04167e+10 
0.000507227 -0.00291509 -0.00166443 -0.0053902 0.000724222 -0.00537421 0 0 0 0 0 0 1.04167e+10 1.04167e+10 1.04167e+10 
0.000507227 -0.00291509 -0.000805495 -0.00228667 -0.00166443 -0.0053902 0 0 0 0 0 0 1.04167e+10 1.04167e+10 1.04167e+10 
0.000507227 -0.00291509 0.000724222 -0.00537421 0.00217642 -0.00369978 0 0 0 0 0 0 1.04167e+10 1.04167e+10 1.04167e+10 
0.000507227 -0.00291509 0.00104285 -0.00136117 -0.000805495 -0.00228667 0 0 0 0 0 0 1.04167e+10 1.04167e+10 1.04167e+10 
0.000507227 -0.00291509 0.00207123 -0.00194735 0.00104285 -0.00136117 0 0 0 0 0 0 1.04167e+10 1.04167e+10 1.04167e+10 
0.000507227 -0.00291509 0.00217642 -0.00369978 0.00207123 -0.00194735 0 0 0 0 0 0 1.04167e+10 1.04167e+10 1.04167e+10 
-0.00295342 0.011988 -0.00125825 0.0122926 -0.00247617 0.014649 0 0 0 0 0 0 1.04167e+10 1.04167e+10 1.04167e+10 
-0.00295342 0.011988 -0.00247617 0.014649 -0.00397798 0.0124772 0 0 0 0 0 0 1.04167e+10 1.04167e+10 1.04167e+10 
-0.00295342 0.011988 -0.00163172 0.0110513 -0.00125825 0.0122926 0 0 0 0 0 0 1.04167e+10 1.04167e+10 1.04167e+10 
-0.00295342 0.011988 -0.00397798 0.0124772 -0.0044611 0.0102291 0 0 0 0 0 0 1.04167e+10 1.04167e+10 1.04167e+10 
0.00594578 -0.00438171 0.00548216 -0.00527967 0.00760524 -0.00509477 0 0 0 0 0 0 1.04167e+10 1.04167e+10 1.04167e+10 
0.00594578 -0.00438171 0.0068894 -0.00285745 0.00558446 -0.00282423 0 0 0 0 0 0 1.04167e+10 1.04167e+10 1.04167e+10 
0.00594578 -0.00438171 0.00406976 -0.00419272 0.00548216 -0.00527967 0 0 0 0 0 0 1.04167e+10 1.04167e+10 1.04167e+10 
0.00594578 -0.00438171 0.00558446 -0.00282423 0.00406976 -0.00419272 0 0 0 0 0 0 1.04167e+10 1.04167e+10 1.04167e+10 
0.0081973 -0.00430635 0.00826627 -0.00276799 0.0068894 -0.00285745 0 0 0 0 0 0 1.04167e+10 1.04167e+10 1.04167e+10 
0.0081973 -0.00430635 0.00594578 -0.00438171 0.00760524 -0.00509477 0 0 0 0 0 0 1.04167e+10 1.04167e+10 1.04167e+10 
0.0081973 -0.00430635 0.0068894 -0.00285745 0.00594578 -0.00438171 0 0 0 0 0 0 1.04167e+10 1.04167e+10 1.04167e+10 
0.0081973 -0.00430635 0.00760524 -0.00509477 0.00903557 -0.00729643 0 0 0 0 0 0 1.04167e+10 1.04167e+10 1.04167e+10 
0.0081973 -0.00430635 0.00903557 -0.00729643 0.0107614 -0.00472027 0 0 0 0 0 0 1.04167e+10 1.04167e+10 1.04167e+10 
0.0081973 -0.00430635 0.00956074 -0.00258297 0.00826627 -0.00276799 0 0 0 0 0 0 1.04167e+10 1.04167e+10 1.04167e+10 
0.0081973 -0.00430635 0.0107614 -0.00472027 0.00956074 -0.00258297 0 0 0 0 0 0 1.04167e+10 1.04167e+10 1.04167e+10 
-0.0038163 0.00759142 -0.00232564 0.00710564 -0.00219264 0.00837336 0 0 0 0 0 0 1.04167e+10 1.04167e+10 1.04167e+10 
-0.0038163 0.00759142 -0.00592913 0.00769622 -0.0049315 0.00516256 0 0 0 0 0 0 1.04167e+10 1.04167e+10 1.04167e+10 
-0.0038163 0.00759142 -0.0049315 0.00516256 -0.00387799 0.00534734 0 0 0 0 0 0 1.04167e+10 1.04167e+10 1.04167e+10 
-0.0038163 0.00759142 -0.0044611 0.0102291 -0.00592913 0.00769622 0 0 0 0 0 0 1.04167e+10 1.04167e+10 1.04167e+10 
-0.0038163 0.00759142 -0.00235701 0.00576192 -0.00232564 0.00710564 0 0 0 0 0 0 1.04167e+10 1.04167e+10 1.04167e+10 
-0.0038163 0.00759142 -0.00387799 0.00534734 -0.00235701 0.00576192 0 0 0 0 0 0 1.04167e+10 1.04167e+10 1.04167e+10 
0.0123494 -0.00349352 0.0107614 -0.00472027 0.0127767 -0.00495408 0 0 0 0 0 0 1.04167e+10 1.04167e+10 1.04167e+10 
0.0123494 -0.00349352 0.0133813 -0.00155815 0.0121276 -0.00196668 0 0 0 0 0 0 1.04167e+10 1.04167e+10 1.04167e+10 
0.0123494 -0.00349352 0.0121276 -0.00196668 0.0109016 -0.00229979 0 0 0 0 0 0 1.04167e+10 1.04167e+10 1.04167e+10 
0.0123494 -0.00349352 0.0109016 -0.00229979 0.0107614 -0.00472027 0 0 0 0 0 0 1.04167e+10 1.04167e+10 1.04167e+10 
-0.00317035 0.00159544 -0.00175656 0.00231601 -0.00207903 0.00342231 0 0 0 0 0 0 1.04167e+10 1.04167e+10 1.04167e+10 
-0.00317035 0.00159544 -0.00207903 0.00342231 -0.00367673 0.00347908 0 0 0 0 0 0 1.04167e+10 1.04167e+10 1.04167e+10 
-0.00317035 0.00159544 -0.00126404 0.00120822 -0.00175656 0.00231601 0 0 0 0 0 0 1.04167e+10 1.04167e+10 1.04167e+10 
-0.00317035 0.00159544 -0.00227715 -0.000215665 -0.00126404 0.00120822 0 0 0 0 0 0 1.04167e+10 1.04167e+10 1.04167e+10 
-0.00317035 0.00159544 -0.00462495 8.09724e-05 -0.00227715 -0.000215665 0 0 0 0 0 0 1.04167e+10 1.04167e+10 1.04167e+10 
-0.00317035 0.00159544 -0.00601462 0.00223944 -0.00462495 8.09724e-05 0 0 0 0 0 0 1.04167e+10 1.04167e+10 1.04167e+10 
-0.00317035 0.00159544 -0.00367673 0.00347908 -0.00601462 0.00223944 0 0 0 0 0 0 1.04167e+10 1.04167e+10 1.04167e+10 
-0.00350459 0.00973998 -0.00219264 0.00837336 -0.00196099 0.00969054 0 0 0 0 0 0 1.04167e+10 1.04167e+10 1.04167e+10 
-0.00350459 0.00973998 -0.00196099 0.00969054 -0.00163172 0.0110513 0 0 0 0 0 0 1.04167e+10 1.04167e+10 1.04167e+10 
-0.00350459 0.00973998 -0.00163172 0.0110513 -0.00295342 0.011988 0 0 0 0 0 0 1.04167e+10 1.04167e+10 1.04167e+10 
-0.00350459 0.00973998 -0.00295342 0.011988 -0.0044611 0.0102291 0 0 0 0 0 0 1.04167e+10 1.04167e+10 1.04167e+10 
-0.00350459 0.00973998 -0.0038163 0.00759142 -0.00219264 0.00837336 0 0 0 0 0 0 1.04167e+10 1.04167e+10 1.04167e+10 
-0.00350459 0.00973998 -0.0044611 0.0102291 -0.0038163 0.00759142 0 0 0 0 0 0 1.04167e+10 1.04167e+10 1.04167e+10 
-0.000502006 0.0180246 -0.0008 0.02 -0.0024 0.02 0 0 0 0 0 0 1.04167e+10 1.04167e+10 1.04167e+10 
-0.000502006 0.0180246 -0.0024 0.02 -0.00119626 0.0171979 0 0 0 0 0 0 1.04167e+10 1.04167e+10 1.04167e+10 
-0.000502006 0.0180246 0.00150558 0.0184578 0.0008 0.02 0 0 0 0 0 0 1.04167e+10 1.04167e+10 1.04167e+10 
-0.000502006 0.0180246 0.0008 0.02 -0.0008 0.02 0 0 0 0 0 0 1.04167e+10 1.04167e+10 1.04167e+10 
-0.000502006 0.0180246 0.000878887 0.0173012 0.00150558 0.0184578 0 0 0 0 0 0 1.04167e+10 1.04167e+10 1.04167e+10 
-0.000502006 0.0180246 0.000303621 0.0161506 0.000878887 0.0173012 0 0 0 0 0 0 1.04167e+10 1.04167e+10 1.04167e+10 
-0.000502006 0.0180246 -0.00119626 0.0171979 0.000303621 0.0161506 0 0 0 0 0 0 1.04167e+10 1.04167e+10 1.04167e+10 
-0.00140117 0.0161582 -0.00119626 0.0171979 -0.00396038 0.0174 0 0 0 0 0 0 1.04167e+10 1.04167e+10 1.04167e+10 
-0.00140117 0.0161582 -0.00396038 0.0174 -0.00247617 0.014649 0 0 0 0 0 0 1.04167e+10 1.04167e+10 1.04167e+10 
-0.00140117 0.0161582 -0.00247617 0.014649 -0.000288878 0.0148467 0 0 0 0 0 0 1.04167e+10 1.04167e+10 1.04167e+10 
-0.00140117 0.0161582 -0.000288878 0.0148467 0.000303621 0.0161506 0 0 0 0 0 0 1.04167e+10 1.04167e+10 1.04167e+10 
-0.00140117 0.0161582 0.000303621 0.0161506 -0.00119626 0.0171979 0 0 0 0 0 0 1.04167e+10 1.04167e+10 1.04167e+10 
0.014409 -0.00281947 0.0164505 -0.00266024 0.0146582 -0.00107567 0 0 0 0 0 0 1.04167e+10 1.04167e+10 1.04167e+10 
0.014409 -0.00281947 0.0146582 -0.00107567 0.0133813 -0.00155815 0 0 0 0 0 0 1.04167e+10 1.04167e+10 1.04167e+10 
0.014409 -0.00281947 0.0154695 -0.0050415 0.0164505 -0.00266024 0 0 0 0 0 0 1.04167e+10 1.04167e+10 1.04167e+10 
0.014409 -0.00281947 0.0127767 -0.00495408 0.0154695 -0.0050415 0 0 0 0 0 0 1.04167e+10 1.04167e+10 1.04167e+10 
0.014409 -0.00281947 0.0123494 -0.00349352 0.0127767 -0.00495408 0 0 0 0 0 0 1.04167e+10 1.04167e+10 1.04167e+10 
0.014409 -0.00281947 0.0133813 -0.00155815 0.0123494 -0.00349352 0 0 0 0 0 0 1.04167e+10 1.04167e+10 1.04167e+10 
