TRIANGLES
874
3
3
0.017671 -0.0145882 0.0187863 -0.0172033 0.02 -0.0152 0 0 0 0 0 0 1.04167e+10 1.04167e+10 1.04167e+10 
0.0121264 0.00630297 0.0131446 0.00722631 0.0112783 0.0077187 0 0 0 0 0 0 2.08333e+10 2.08333e+10 2.08333e+10 
-0.00365425 -0.00546368 -0.00358561 -0.00381748 -0.005 -0.005 0 0 0 0 0 0 3.125e+10 3.125e+10 3.125e+10 
0.0164481 0.0173355 0.0168 0.02 0.0152 0.02 0 0 0 0 0 0 1.04167e+10 1.04167e+10 1.04167e+10 
-0.0183008 -0.00711937 -0.02 -0.0072 -0.02 -0.0088 0 0 0 0 0 0 1.04167e+10 1.04167e+10 1.04167e+10 
0.02 -0.0136 0.017671 -0.0145882 0.02 -0.0152 0 0 0 0 0 0 1.04167e+10 1.04167e+10 1.04167e+10 
0.00332347 0.0132564 0.00489712 0.0127592 0.00463525 0.0142658 0 0 0 0 0 0 2.08333e+10 2.08333e+10 2.08333e+10 
0.0180102 0.0152941 0.0164481 0.0173355 0.0151878 0.0152435 0 0 0 0 0 0 1.04167e+10 1.04167e+10 1.04167e+10 
-0.0184 0.02 -0.02 0.02 -0.02 0.0184 0 0 0 0 0 0 1.04167e+10 1.04167e+10 1.04167e+10 
0.0159417 0.0125784 0.0180102 0.0152941 0.0151878 0.0152435 0 0 0 0 0 0 1.04167e+10 1.04167e+10 1.04167e+10 
0.0159417 0.0125784 0.0158242 0.00985846 0.0182479 0.00968157 0 0 0 0 0 0 1.04167e+10 1.04167e+10 1.04167e+10 
-0.00376307 -0.000182463 -0.00429776 -0.00131875 -0.00253111 -0.000711233 0 0 0 0 0 0 3.125e+10 3.125e+10 3.125e+10 
0.00523218 -0.00765654 0.00456615 -0.00964646 0.0069475 -0.00924087 0 0 0 0 0 0 3.125e+10 3.125e+10 3.125e+10 
0.00523218 -0.00765654 0.00230105 -0.00880702 0.00456615 -0.00964646 0 0 0 0 0 0 3.125e+10 3.125e+10 3.125e+10 
0.02 -0.0056 0.018064 -0.00535031 0.02 -0.0072 0 0 0 0 0 0 1.04167e+10 1.04167e+10 1.04167e+10 
0.000941858 0.0149704 5.44281e-05 0.0136666 0.00170135 0.0135604 0 0 0 0 0 0 2.08333e+10 2.08333e+10 2.08333e+10 
0.00704401 0.00662015 0.00687381 0.00482287 0.00809017 0.00451057 0 0 0 0 0 0 2.08333e+10 2.08333e+10 2.08333e+10 
0.0184 0.02 0.0168 0.02 0.0164481 0.0173355 0 0 0 0 0 0 1.04167e+10 1.04167e+10 1.04167e+10 
-0.0113549 0.00980131 -0.0101935 0.00910334 -0.010495 0.0107171 0 0 0 0 0 0 2.08333e+10 2.08333e+10 2.08333e+10 
-0.0113549 0.00980131 -0.0121353 0.00881678 -0.0101935 0.00910334 0 0 0 0 0 0 2.08333e+10 2.08333e+10 2.08333e+10 
0.0187927 -0.00786905 0.02 -0.0072 0.018064 -0.00535031 0 0 0 0 0 0 1.04167e+10 1.04167e+10 1.04167e+10 
-0.00158336 0.000636535 -0.00253111 -0.000711233 -0.00024208 -0.000881136 0 0 0 0 0 0 3.125e+10 3.125e+10 3.125e+10 
0.0180066 -0.000401744 0.0186252 -0.002735 0.02 -0.0008 0 0 0 0 0 0 1.04167e+10 1.04167e+10 1.04167e+10 
0.0122897 0.00184547 0.0103169 0.0018441 0.0115161 0.000714185 0 0 0 0 0 0 3.125e+10 3.125e+10 3.125e+10 
0.018219 0.00499335 0.02 0.004 0.02 0.0056 0 0 0 0 0 0 1.04167e+10 1.04167e+10 1.04167e+10 
-0.02 -0.0056 -0.02 -0.0072 -0.0183008 -0.00711937 0 0 0 0 0 0 1.04167e+10 1.04167e+10 1.04167e+10 
0.02 0.0184 0.02 0.02 0.0184 0.02 0 0 0 0 0 0 1.04167e+10 1.04167e+10 1.04167e+10 
0.0109746 -0.0175867 0.0107415 -0.0151322 0.00845758 -0.0172338 0 0 0 0 0 0 1.04167e+10 1.04167e+10 1.04167e+10 
0.0109746 -0.0175867 0.0125186 -0.01542 0.0107415 -0.0151322 0 0 0 0 0 0 1.04167e+10 1.04167e+10 1.04167e+10 
0.0109746 -0.0175867 0.00845758 -0.0172338 0.0088 -0.02 0 0 0 0 0 0 1.04167e+10 1.04167e+10 1.04167e+10 
0.0134511 -0.0178423 0.0125186 -0.01542 0.0109746 -0.0175867 0 0 0 0 0 0 1.04167e+10 1.04167e+10 1.04167e+10 
0.0159193 -0.00781946 0.0150528 -0.0103272 0.017896 -0.00977208 0 0 0 0 0 0 1.04167e+10 1.04167e+10 1.04167e+10 
0.0159193 -0.00781946 0.017896 -0.00977208 0.0187927 -0.00786905 0 0 0 0 0 0 1.04167e+10 1.04167e+10 1.04167e+10 
0.0159193 -0.00781946 0.0187927 -0.00786905 0.018064 -0.00535031 0 0 0 0 0 0 1.04167e+10 1.04167e+10 1.04167e+10 
0.0117554 0.00931722 0.0102657 0.00902186 0.0112783 0.0077187 0 0 0 0 0 0 2.08333e+10 2.08333e+10 2.08333e+10 
0.00342526 0.0146037 0.00332347 0.0132564 0.00463525 0.0142658 0 0 0 0 0 0 2.08333e+10 2.08333e+10 2.08333e+10 
0.02 -0.004 0.0186252 -0.002735 0.018064 -0.00535031 0 0 0 0 0 0 1.04167e+10 1.04167e+10 1.04167e+10 
0.02 -0.004 0.018064 -0.00535031 0.02 -0.0056 0 0 0 0 0 0 1.04167e+10 1.04167e+10 1.04167e+10 
-0.0164292 -0.0124652 -0.0138342 -0.0122723 -0.0146889 -0.00972458 0 0 0 0 0 0 1.04167e+10 1.04167e+10 1.04167e+10 
-0.0164292 -0.0124652 -0.0144796 -0.0149787 -0.0138342 -0.0122723 0 0 0 0 0 0 1.04167e+10 1.04167e+10 1.04167e+10 
-0.00566647 4.70864e-05 -0.00429776 -0.00131875 -0.00376307 -0.000182463 0 0 0 0 0 0 2.08333e+10 2.08333e+10 2.08333e+10 
0.0184698 0.00712598 0.018219 0.00499335 0.02 0.0056 0 0 0 0 0 0 1.04167e+10 1.04167e+10 1.04167e+10 
0.0184698 0.00712598 0.02 0.0088 0.0182479 0.00968157 0 0 0 0 0 0 1.04167e+10 1.04167e+10 1.04167e+10 
-0.00274506 0.00715838 -0.001215 0.00553488 -0.000272002 0.00766184 0 0 0 0 0 0 2.08333e+10 2.08333e+10 2.08333e+10 
-0.0112164 0.00780828 -0.0101935 0.00910334 -0.0121353 0.00881678 0 0 0 0 0 0 2.08333e+10 2.08333e+10 2.08333e+10 
-0.00489712 -0.0127592 -0.00522858 -0.0140592 -0.0040338 -0.0144474 0 0 0 0 0 0 2.08333e+10 2.08333e+10 2.08333e+10 
0.00819382 0.00830496 0.00509056 0.0082177 0.00704401 0.00662015 0 0 0 0 0 0 2.08333e+10 2.08333e+10 2.08333e+10 
-0.0121056 -0.0145863 -0.0138342 -0.0122723 -0.0144796 -0.0149787 0 0 0 0 0 0 1.04167e+10 1.04167e+10 1.04167e+10 
-0.00349617 0.00445958 -0.001215 0.00553488 -0.00274506 0.00715838 0 0 0 0 0 0 2.08333e+10 2.08333e+10 2.08333e+10 
0.012 -0.02 0.0134511 -0.0178423 0.0109746 -0.0175867 0 0 0 0 0 0 1.04167e+10 1.04167e+10 1.04167e+10 
-0.0127978 -0.00479534 -0.0113026 -0.00289181 -0.0132825 -0.00321777 0 0 0 0 0 0 2.08333e+10 2.08333e+10 2.08333e+10 
-0.0147713 0.0153401 -0.0159771 0.0127401 -0.0139055 0.0121628 0 0 0 0 0 0 1.04167e+10 1.04167e+10 1.04167e+10 
-0.0147713 0.0153401 -0.0170168 0.0148792 -0.0159771 0.0127401 0 0 0 0 0 0 1.04167e+10 1.04167e+10 1.04167e+10 
-0.00978155 -0.0147626 -0.0121056 -0.0145863 -0.0113692 -0.0172653 0 0 0 0 0 0 1.04167e+10 1.04167e+10 1.04167e+10 
-0.00468583 -0.0074869 -0.00429776 -0.00868125 -0.00341011 -0.00709313 0 0 0 0 0 0 3.125e+10 3.125e+10 3.125e+10 
0.02 -0.0024 0.02 -0.0008 0.0186252 -0.002735 0 0 0 0 0 0 1.04167e+10 1.04167e+10 1.04167e+10 
0.02 -0.0024 0.0186252 -0.002735 0.02 -0.004 0 0 0 0 0 0 1.04167e+10 1.04167e+10 1.04167e+10 
-0.0128305 0.00777041 -0.0112164 0.00780828 -0.0121353 0.00881678 0 0 0 0 0 0 2.08333e+10 2.08333e+10 2.08333e+10 
-0.00492065 0.0058792 -0.00349617 0.00445958 -0.00274506 0.00715838 0 0 0 0 0 0 2.08333e+10 2.08333e+10 2.08333e+10 
-0.000397666 0.00178058 -0.00158336 0.000636535 -0.00024208 -0.000881136 0 0 0 0 0 0 3.125e+10 3.125e+10 3.125e+10 
0.00562791 0.00498027 0.00577266 0.00363216 0.00687381 0.00482287 0 0 0 0 0 0 3.125e+10 3.125e+10 3.125e+10 
0.00562791 0.00498027 0.00687381 0.00482287 0.00704401 0.00662015 0 0 0 0 0 0 2.08333e+10 2.08333e+10 2.08333e+10 
-0.0120758 0.00639936 -0.0112164 0.00780828 -0.0128305 0.00777041 0 0 0 0 0 0 2.08333e+10 2.08333e+10 2.08333e+10 
-0.00384331 -0.0174883 -0.0056 -0.02 -0.004 -0.02 0 0 0 0 0 0 1.04167e+10 1.04167e+10 1.04167e+10 
0.00390092 0.00157544 0.00635046 0.00152845 0.00577266 0.00363216 0 0 0 0 0 0 3.125e+10 3.125e+10 3.125e+10 
0.00610473 0.0177077 0.00856539 0.017631 0.0072 0.02 0 0 0 0 0 0 1.04167e+10 1.04167e+10 1.04167e+10 
0.00610473 0.0177077 0.0072 0.02 0.0056 0.02 0 0 0 0 0 0 1.04167e+10 1.04167e+10 1.04167e+10 
0.00610473 0.0177077 0.0056 0.02 0.004 0.02 0 0 0 0 0 0 1.04167e+10 1.04167e+10 1.04167e+10 
-0.0170014 -0.0151785 -0.0164292 -0.0124652 -0.0183731 -0.0121929 0 0 0 0 0 0 1.04167e+10 1.04167e+10 1.04167e+10 
-0.0170014 -0.0151785 -0.0144796 -0.0149787 -0.0164292 -0.0124652 0 0 0 0 0 0 1.04167e+10 1.04167e+10 1.04167e+10 
-0.0170014 -0.0151785 -0.0159773 -0.0172389 -0.0144796 -0.0149787 0 0 0 0 0 0 1.04167e+10 1.04167e+10 1.04167e+10 
-0.0170014 -0.0151785 -0.0183731 -0.0121929 -0.02 -0.0136 0 0 0 0 0 0 1.04167e+10 1.04167e+10 1.04167e+10 
-0.0170014 -0.0151785 -0.02 -0.0136 -0.02 -0.0152 0 0 0 0 0 0 1.04167e+10 1.04167e+10 1.04167e+10 
-0.00925522 0.00279021 -0.0114722 0.0021213 -0.00966202 0.000299708 0 0 0 0 0 0 2.08333e+10 2.08333e+10 2.08333e+10 
0.0014971 0.0115702 0.00332347 0.0132564 0.00170135 0.0135604 0 0 0 0 0 0 2.08333e+10 2.08333e+10 2.08333e+10 
0.0014971 0.0115702 0.00170135 0.0135604 5.44281e-05 0.0136666 0 0 0 0 0 0 2.08333e+10 2.08333e+10 2.08333e+10 
0.0014971 0.0115702 5.44281e-05 0.0136666 -0.00102516 0.0116215 0 0 0 0 0 0 2.08333e+10 2.08333e+10 2.08333e+10 
-0.00624478 -0.0173872 -0.0056 -0.02 -0.00384331 -0.0174883 0 0 0 0 0 0 1.04167e+10 1.04167e+10 1.04167e+10 
0.02 0.0104 0.0182479 0.00968157 0.02 0.0088 0 0 0 0 0 0 1.04167e+10 1.04167e+10 1.04167e+10 
-0.0134357 0.00666953 -0.0120758 0.00639936 -0.0128305 0.00777041 0 0 0 0 0 0 2.08333e+10 2.08333e+10 2.08333e+10 
-0.0134357 0.00666953 -0.0127592 0.00489712 -0.0120758 0.00639936 0 0 0 0 0 0 2.08333e+10 2.08333e+10 2.08333e+10 
-0.0143598 -0.00433548 -0.0127978 -0.00479534 -0.0132825 -0.00321777 0 0 0 0 0 0 2.08333e+10 2.08333e+10 2.08333e+10 
-0.00137424 -0.0127051 0.000357746 -0.0123185 -0.000943399 -0.0113077 0 0 0 0 0 0 3.125e+10 3.125e+10 3.125e+10 
-0.00137424 -0.0127051 -0.00281072 -0.0147343 -0.00156793 -0.0149178 0 0 0 0 0 0 2.08333e+10 2.08333e+10 2.08333e+10 
-0.0104167 -0.00525392 -0.0113026 -0.00289181 -0.0127978 -0.00479534 0 0 0 0 0 0 2.08333e+10 2.08333e+10 2.08333e+10 
-0.01166 -0.000394477 -0.00966202 0.000299708 -0.0114722 0.0021213 0 0 0 0 0 0 2.08333e+10 2.08333e+10 2.08333e+10 
-0.01166 -0.000394477 -0.0114722 0.0021213 -0.0135604 0.00170135 0 0 0 0 0 0 2.08333e+10 2.08333e+10 2.08333e+10 
-0.0188031 0.0120672 -0.02 0.012 -0.02 0.0104 0 0 0 0 0 0 1.04167e+10 1.04167e+10 1.04167e+10 
-0.0188031 0.0120672 -0.0159771 0.0127401 -0.0170168 0.0148792 0 0 0 0 0 0 1.04167e+10 1.04167e+10 1.04167e+10 
0.0113742 0.00270513 0.0103169 0.0018441 0.0122897 0.00184547 0 0 0 0 0 0 3.125e+10 3.125e+10 3.125e+10 
0.0024 0.02 0.0008 0.02 0.00132347 0.0170753 0 0 0 0 0 0 1.04167e+10 1.04167e+10 1.04167e+10 
0.0103583 0.00344328 0.0103169 0.0018441 0.0113742 0.00270513 0 0 0 0 0 0 3.125e+10 3.125e+10 3.125e+10 
-0.00309017 0.000877853 -0.00376307 -0.000182463 -0.00253111 -0.000711233 0 0 0 0 0 0 3.125e+10 3.125e+10 3.125e+10 
-0.00309017 0.000877853 -0.00253111 -0.000711233 -0.00158336 0.000636535 0 0 0 0 0 0 3.125e+10 3.125e+10 3.125e+10 
0.0034614 -0.0174064 0.004 -0.02 0.00585176 -0.017725 0 0 0 0 0 0 1.04167e+10 1.04167e+10 1.04167e+10 
0.0034614 -0.0174064 0.00139375 -0.0173099 0.0024 -0.02 0 0 0 0 0 0 1.04167e+10 1.04167e+10 1.04167e+10 
0.0034614 -0.0174064 0.0024 -0.02 0.004 -0.02 0 0 0 0 0 0 1.04167e+10 1.04167e+10 1.04167e+10 
0.0139431 0.0124497 0.0159417 0.0125784 0.0151878 0.0152435 0 0 0 0 0 0 1.04167e+10 1.04167e+10 1.04167e+10 
0.0139431 0.0124497 0.0151878 0.0152435 0.0130393 0.0145943 0 0 0 0 0 0 1.04167e+10 1.04167e+10 1.04167e+10 
0.0139431 0.0124497 0.0158242 0.00985846 0.0159417 0.0125784 0 0 0 0 0 0 1.04167e+10 1.04167e+10 1.04167e+10 
0.0030525 -0.000759126 0.00119298 -0.00230105 0.00363818 -0.00270728 0 0 0 0 0 0 3.125e+10 3.125e+10 3.125e+10 
-0.0016488 -0.00548769 -0.00358561 -0.00381748 -0.00365425 -0.00546368 0 0 0 0 0 0 3.125e+10 3.125e+10 3.125e+10 
-0.0016488 -0.00548769 -0.00365425 -0.00546368 -0.00341011 -0.00709313 0 0 0 0 0 0 3.125e+10 3.125e+10 3.125e+10 
-0.00492115 -0.00625333 -0.00365425 -0.00546368 -0.005 -0.005 0 0 0 0 0 0 3.125e+10 3.125e+10 3.125e+10 
-0.00492115 -0.00625333 -0.00468583 -0.0074869 -0.00341011 -0.00709313 0 0 0 0 0 0 3.125e+10 3.125e+10 3.125e+10 
-0.00492115 -0.00625333 -0.00341011 -0.00709313 -0.00365425 -0.00546368 0 0 0 0 0 0 3.125e+10 3.125e+10 3.125e+10 
-0.00457145 0.00851741 -0.00492065 0.0058792 -0.00274506 0.00715838 0 0 0 0 0 0 2.08333e+10 2.08333e+10 2.08333e+10 
0.0072 -0.02 0.0088 -0.02 0.00845758 -0.0172338 0 0 0 0 0 0 1.04167e+10 1.04167e+10 1.04167e+10 
0.0072 -0.02 0.00845758 -0.0172338 0.00585176 -0.017725 0 0 0 0 0 0 1.04167e+10 1.04167e+10 1.04167e+10 
-0.00902186 0.0102657 -0.00956136 0.0115577 -0.010495 0.0107171 0 0 0 0 0 0 2.08333e+10 2.08333e+10 2.08333e+10 
-0.00902186 0.0102657 -0.010495 0.0107171 -0.0101935 0.00910334 0 0 0 0 0 0 2.08333e+10 2.08333e+10 2.08333e+10 
0.0189126 -0.0121862 0.017671 -0.0145882 0.02 -0.0136 0 0 0 0 0 0 1.04167e+10 1.04167e+10 1.04167e+10 
0.0189126 -0.0121862 0.02 -0.0136 0.02 -0.012 0 0 0 0 0 0 1.04167e+10 1.04167e+10 1.04167e+10 
0.0189126 -0.0121862 0.02 -0.0104 0.017896 -0.00977208 0 0 0 0 0 0 1.04167e+10 1.04167e+10 1.04167e+10 
0.0189126 -0.0121862 0.02 -0.012 0.02 -0.0104 0 0 0 0 0 0 1.04167e+10 1.04167e+10 1.04167e+10 
-0.00638669 -0.0135724 -0.00522858 -0.0140592 -0.00489712 -0.0127592 0 0 0 0 0 0 2.08333e+10 2.08333e+10 2.08333e+10 
-0.00638669 -0.0135724 -0.00489712 -0.0127592 -0.00639936 -0.0120758 0 0 0 0 0 0 2.08333e+10 2.08333e+10 2.08333e+10 
-0.00638669 -0.0135724 -0.00639936 -0.0120758 -0.0075 -0.0129904 0 0 0 0 0 0 2.08333e+10 2.08333e+10 2.08333e+10 
-0.00321777 0.0132825 -0.00281072 0.0147343 -0.0040338 0.0144474 0 0 0 0 0 0 2.08333e+10 2.08333e+10 2.08333e+10 
-0.00780828 -0.0112164 -0.00956136 -0.0115577 -0.0085607 -0.0123172 0 0 0 0 0 0 2.08333e+10 2.08333e+10 2.08333e+10 
-0.00780828 -0.0112164 -0.00910334 -0.0101935 -0.00956136 -0.0115577 0 0 0 0 0 0 2.08333e+10 2.08333e+10 2.08333e+10 
-0.00780828 -0.0112164 -0.0085607 -0.0123172 -0.0075 -0.0129904 0 0 0 0 0 0 2.08333e+10 2.08333e+10 2.08333e+10 
-0.00780828 -0.0112164 -0.0075 -0.0129904 -0.00639936 -0.0120758 0 0 0 0 0 0 2.08333e+10 2.08333e+10 2.08333e+10 
0.0008 -0.02 0.00139375 -0.0173099 -0.000829299 -0.0171358 0 0 0 0 0 0 1.04167e+10 1.04167e+10 1.04167e+10 
0.0008 -0.02 0.0024 -0.02 0.00139375 -0.0173099 0 0 0 0 0 0 1.04167e+10 1.04167e+10 1.04167e+10 
-0.0133648 -0.0177646 -0.0144796 -0.0149787 -0.0159773 -0.0172389 0 0 0 0 0 0 1.04167e+10 1.04167e+10 1.04167e+10 
-0.0133648 -0.0177646 -0.0121056 -0.0145863 -0.0144796 -0.0149787 0 0 0 0 0 0 1.04167e+10 1.04167e+10 1.04167e+10 
-0.0133648 -0.0177646 -0.0113692 -0.0172653 -0.0121056 -0.0145863 0 0 0 0 0 0 1.04167e+10 1.04167e+10 1.04167e+10 
0.0186259 0.00222853 0.02 0.0024 0.02 0.004 0 0 0 0 0 0 1.04167e+10 1.04167e+10 1.04167e+10 
0.0186259 0.00222853 0.02 0.004 0.018219 0.00499335 0 0 0 0 0 0 1.04167e+10 1.04167e+10 1.04167e+10 
-0.0132564 0.00332347 -0.0135604 0.00170135 -0.0114722 0.0021213 0 0 0 0 0 0 2.08333e+10 2.08333e+10 2.08333e+10 
-0.0132564 0.00332347 -0.0146722 0.00311868 -0.0135604 0.00170135 0 0 0 0 0 0 2.08333e+10 2.08333e+10 2.08333e+10 
0.00367019 0.0173969 0.00610473 0.0177077 0.004 0.02 0 0 0 0 0 0 1.04167e+10 1.04167e+10 1.04167e+10 
0.00367019 0.0173969 0.0024 0.02 0.00132347 0.0170753 0 0 0 0 0 0 1.04167e+10 1.04167e+10 1.04167e+10 
0.00367019 0.0173969 0.004 0.02 0.0024 0.02 0 0 0 0 0 0 1.04167e+10 1.04167e+10 1.04167e+10 
-0.00784918 0.00863143 -0.00902186 0.0102657 -0.0101935 0.00910334 0 0 0 0 0 0 2.08333e+10 2.08333e+10 2.08333e+10 
0.0189027 0.0170678 0.0164481 0.0173355 0.0180102 0.0152941 0 0 0 0 0 0 1.04167e+10 1.04167e+10 1.04167e+10 
0.0189027 0.0170678 0.0184 0.02 0.0164481 0.0173355 0 0 0 0 0 0 1.04167e+10 1.04167e+10 1.04167e+10 
0.0189027 0.0170678 0.02 0.0184 0.0184 0.02 0 0 0 0 0 0 1.04167e+10 1.04167e+10 1.04167e+10 
-0.00119626 0.0171979 0.00132347 0.0170753 0.0008 0.02 0 0 0 0 0 0 1.04167e+10 1.04167e+10 1.04167e+10 
-0.00119626 0.0171979 0.0008 0.02 -0.0008 0.02 0 0 0 0 0 0 1.04167e+10 1.04167e+10 1.04167e+10 
0.000742207 -0.0140483 -0.000314136 -0.0149967 0.000941858 -0.0149704 0 0 0 0 0 0 2.08333e+10 2.08333e+10 2.08333e+10 
0.000742207 -0.0140483 0.000941858 -0.0149704 0.00219125 -0.0148391 0 0 0 0 0 0 2.08333e+10 2.08333e+10 2.08333e+10 
-0.0112783 -0.0077187 -0.00904371 -0.00737037 -0.0104167 -0.00525392 0 0 0 0 0 0 2.08333e+10 2.08333e+10 2.08333e+10 
-0.0112783 -0.0077187 -0.0128305 -0.00777041 -0.0121353 -0.00881678 0 0 0 0 0 0 2.08333e+10 2.08333e+10 2.08333e+10 
0.02 0.0168 0.02 0.0184 0.0189027 0.0170678 0 0 0 0 0 0 1.04167e+10 1.04167e+10 1.04167e+10 
0.0136 -0.02 0.0152 -0.02 0.0134511 -0.0178423 0 0 0 0 0 0 1.04167e+10 1.04167e+10 1.04167e+10 
0.0136 -0.02 0.0134511 -0.0178423 0.012 -0.02 0 0 0 0 0 0 1.04167e+10 1.04167e+10 1.04167e+10 
-0.02 -0.012 -0.0183731 -0.0121929 -0.02 -0.0104 0 0 0 0 0 0 1.04167e+10 1.04167e+10 1.04167e+10 
-0.02 -0.012 -0.02 -0.0136 -0.0183731 -0.0121929 0 0 0 0 0 0 1.04167e+10 1.04167e+10 1.04167e+10 
0.000983111 0.00267956 0.00250907 0.00330099 0.000742207 0.00404827 0 0 0 0 0 0 3.125e+10 3.125e+10 3.125e+10 
0.00581273 0.0138279 0.00463525 0.0142658 0.00489712 0.0127592 0 0 0 0 0 0 2.08333e+10 2.08333e+10 2.08333e+10 
0.00777504 0.015331 0.0102637 0.0152755 0.00856539 0.017631 0 0 0 0 0 0 1.04167e+10 1.04167e+10 1.04167e+10 
0.00777504 0.015331 0.00581273 0.0138279 0.00694944 0.0132931 0 0 0 0 0 0 1.04167e+10 1.04167e+10 1.04167e+10 
0.00777504 0.015331 0.00856539 0.017631 0.00610473 0.0177077 0 0 0 0 0 0 1.04167e+10 1.04167e+10 1.04167e+10 
-0.0166762 0.00456563 -0.02 0.0056 -0.02 0.004 0 0 0 0 0 0 1.04167e+10 1.04167e+10 1.04167e+10 
-0.0166762 0.00456563 -0.0187568 0.00780532 -0.02 0.0056 0 0 0 0 0 0 1.04167e+10 1.04167e+10 1.04167e+10 
0.011238 0.0127458 0.0130393 0.0145943 0.0102637 0.0152755 0 0 0 0 0 0 1.04167e+10 1.04167e+10 1.04167e+10 
0.011238 0.0127458 0.0139431 0.0124497 0.0130393 0.0145943 0 0 0 0 0 0 1.04167e+10 1.04167e+10 1.04167e+10 
-0.0174763 -0.00525843 -0.018698 -0.00227487 -0.02 -0.004 0 0 0 0 0 0 1.04167e+10 1.04167e+10 1.04167e+10 
-0.0174763 -0.00525843 -0.02 -0.0056 -0.0183008 -0.00711937 0 0 0 0 0 0 1.04167e+10 1.04167e+10 1.04167e+10 
-0.0174763 -0.00525843 -0.02 -0.004 -0.02 -0.0056 0 0 0 0 0 0 1.04167e+10 1.04167e+10 1.04167e+10 
0.00910334 0.0101935 0.00819382 0.00830496 0.0102657 0.00902186 0 0 0 0 0 0 2.08333e+10 2.08333e+10 2.08333e+10 
-0.00952117 0.00674229 -0.0112164 0.00780828 -0.0120758 0.00639936 0 0 0 0 0 0 2.08333e+10 2.08333e+10 2.08333e+10 
-0.00952117 0.00674229 -0.0101935 0.00910334 -0.0112164 0.00780828 0 0 0 0 0 0 2.08333e+10 2.08333e+10 2.08333e+10 
-0.00952117 0.00674229 -0.00784918 0.00863143 -0.0101935 0.00910334 0 0 0 0 0 0 2.08333e+10 2.08333e+10 2.08333e+10 
0.000415028 -0.00983968 -0.000943399 -0.0113077 0.000357746 -0.0123185 0 0 0 0 0 0 3.125e+10 3.125e+10 3.125e+10 
0.000415028 -0.00983968 -0.00202974 -0.0100689 -0.000943399 -0.0113077 0 0 0 0 0 0 3.125e+10 3.125e+10 3.125e+10 
-0.0072 -0.02 -0.0056 -0.02 -0.00624478 -0.0173872 0 0 0 0 0 0 1.04167e+10 1.04167e+10 1.04167e+10 
0.0023584 -0.00463522 0.005 -0.005 0.00363818 -0.00270728 0 0 0 0 0 0 3.125e+10 3.125e+10 3.125e+10 
0.0023584 -0.00463522 0.00363818 -0.00270728 0.00119298 -0.00230105 0 0 0 0 0 0 3.125e+10 3.125e+10 3.125e+10 
0.000759126 -0.0069475 0.000415028 -0.00983968 0.00230105 -0.00880702 0 0 0 0 0 0 3.125e+10 3.125e+10 3.125e+10 
0.00487213 -0.0116654 0.0069475 -0.00924087 0.00456615 -0.00964646 0 0 0 0 0 0 3.125e+10 3.125e+10 3.125e+10 
0.0030678 -0.00683785 0.00230105 -0.00880702 0.00523218 -0.00765654 0 0 0 0 0 0 3.125e+10 3.125e+10 3.125e+10 
0.0030678 -0.00683785 0.00523218 -0.00765654 0.005 -0.005 0 0 0 0 0 0 3.125e+10 3.125e+10 3.125e+10 
0.0030678 -0.00683785 0.005 -0.005 0.0023584 -0.00463522 0 0 0 0 0 0 3.125e+10 3.125e+10 3.125e+10 
0.0030678 -0.00683785 0.000759126 -0.0069475 0.00230105 -0.00880702 0 0 0 0 0 0 3.125e+10 3.125e+10 3.125e+10 
0.0030678 -0.00683785 0.0023584 -0.00463522 0.000759126 -0.0069475 0 0 0 0 0 0 3.125e+10 3.125e+10 3.125e+10 
0.000299708 0.00966202 0.0014971 0.0115702 -0.00102516 0.0116215 0 0 0 0 0 0 2.08333e+10 2.08333e+10 2.08333e+10 
0.000299708 0.00966202 -0.000272002 0.00766184 0.00223053 0.00733502 0 0 0 0 0 0 2.08333e+10 2.08333e+10 2.08333e+10 
-0.0174431 0.0101288 -0.0159771 0.0127401 -0.0188031 0.0120672 0 0 0 0 0 0 1.04167e+10 1.04167e+10 1.04167e+10 
-0.0174431 0.0101288 -0.02 0.0088 -0.0187568 0.00780532 0 0 0 0 0 0 1.04167e+10 1.04167e+10 1.04167e+10 
-0.0174431 0.0101288 -0.02 0.0104 -0.02 0.0088 0 0 0 0 0 0 1.04167e+10 1.04167e+10 1.04167e+10 
-0.0174431 0.0101288 -0.0188031 0.0120672 -0.02 0.0104 0 0 0 0 0 0 1.04167e+10 1.04167e+10 1.04167e+10 
0.00159981 0.000734384 0.00119298 -0.00230105 0.0030525 -0.000759126 0 0 0 0 0 0 3.125e+10 3.125e+10 3.125e+10 
0.00159981 0.000734384 -0.00024208 -0.000881136 0.00119298 -0.00230105 0 0 0 0 0 0 3.125e+10 3.125e+10 3.125e+10 
0.00159981 0.000734384 0.00390092 0.00157544 0.00250907 0.00330099 0 0 0 0 0 0 3.125e+10 3.125e+10 3.125e+10 
0.00159981 0.000734384 0.00250907 0.00330099 0.000983111 0.00267956 0 0 0 0 0 0 3.125e+10 3.125e+10 3.125e+10 
0.00159981 0.000734384 -0.000397666 0.00178058 -0.00024208 -0.000881136 0 0 0 0 0 0 3.125e+10 3.125e+10 3.125e+10 
0.00159981 0.000734384 0.0030525 -0.000759126 0.00390092 0.00157544 0 0 0 0 0 0 3.125e+10 3.125e+10 3.125e+10 
0.00159981 0.000734384 0.000983111 0.00267956 -0.000397666 0.00178058 0 0 0 0 0 0 3.125e+10 3.125e+10 3.125e+10 
-0.0143598 0.00433548 -0.0132564 0.00332347 -0.0127592 0.00489712 0 0 0 0 0 0 2.08333e+10 2.08333e+10 2.08333e+10 
-0.0143598 0.00433548 -0.0146722 0.00311868 -0.0132564 0.00332347 0 0 0 0 0 0 2.08333e+10 2.08333e+10 2.08333e+10 
-0.0143598 0.00433548 -0.0166762 0.00456563 -0.0146722 0.00311868 0 0 0 0 0 0 1.04167e+10 1.04167e+10 1.04167e+10 
0.0137032 0.00610105 0.0131446 0.00722631 0.0121264 0.00630297 0 0 0 0 0 0 2.08333e+10 2.08333e+10 2.08333e+10 
0.0137032 0.00610105 0.0121264 0.00630297 0.0127978 0.00479534 0 0 0 0 0 0 2.08333e+10 2.08333e+10 2.08333e+10 
0.0137032 0.00610105 0.0127978 0.00479534 0.0141656 0.004933 0 0 0 0 0 0 2.08333e+10 2.08333e+10 2.08333e+10 
0.0166744 -0.0124224 0.0150528 -0.0103272 0.0136441 -0.0123367 0 0 0 0 0 0 1.04167e+10 1.04167e+10 1.04167e+10 
0.0166744 -0.0124224 0.017671 -0.0145882 0.0189126 -0.0121862 0 0 0 0 0 0 1.04167e+10 1.04167e+10 1.04167e+10 
0.0166744 -0.0124224 0.017896 -0.00977208 0.0150528 -0.0103272 0 0 0 0 0 0 1.04167e+10 1.04167e+10 1.04167e+10 
0.0166744 -0.0124224 0.0189126 -0.0121862 0.017896 -0.00977208 0 0 0 0 0 0 1.04167e+10 1.04167e+10 1.04167e+10 
0.00924087 -0.0030525 0.00769895 -0.00119298 0.00753827 -0.0041825 0 0 0 0 0 0 3.125e+10 3.125e+10 3.125e+10 
0.00924087 -0.0030525 0.0103962 -0.00108521 0.00769895 -0.00119298 0 0 0 0 0 0 3.125e+10 3.125e+10 3.125e+10 
0.00924087 -0.0030525 0.011446 -0.0032989 0.0103962 -0.00108521 0 0 0 0 0 0 3.125e+10 3.125e+10 3.125e+10 
0.00924087 -0.0030525 0.00753827 -0.0041825 0.00964646 -0.00543385 0 0 0 0 0 0 3.125e+10 3.125e+10 3.125e+10 
0.00924087 -0.0030525 0.00964646 -0.00543385 0.011446 -0.0032989 0 0 0 0 0 0 3.125e+10 3.125e+10 3.125e+10 
0.000353544 -0.00456615 0.0023584 -0.00463522 0.00119298 -0.00230105 0 0 0 0 0 0 3.125e+10 3.125e+10 3.125e+10 
0.000353544 -0.00456615 -0.0016488 -0.00548769 0.000759126 -0.0069475 0 0 0 0 0 0 3.125e+10 3.125e+10 3.125e+10 
0.000353544 -0.00456615 0.000759126 -0.0069475 0.0023584 -0.00463522 0 0 0 0 0 0 3.125e+10 3.125e+10 3.125e+10 
0.0163703 0.00728904 0.0182479 0.00968157 0.0158242 0.00985846 0 0 0 0 0 0 1.04167e+10 1.04167e+10 1.04167e+10 
0.0163703 0.00728904 0.0184698 0.00712598 0.0182479 0.00968157 0 0 0 0 0 0 1.04167e+10 1.04167e+10 1.04167e+10 
0.0163703 0.00728904 0.018219 0.00499335 0.0184698 0.00712598 0 0 0 0 0 0 1.04167e+10 1.04167e+10 1.04167e+10 
-0.0075 0.0129904 -0.00630297 0.0121264 -0.00638669 0.0135724 0 0 0 0 0 0 2.08333e+10 2.08333e+10 2.08333e+10 
-0.0056 0.02 -0.0072 0.02 -0.0063863 0.0174423 0 0 0 0 0 0 1.04167e+10 1.04167e+10 1.04167e+10 
0.00543385 -0.000353544 0.0030525 -0.000759126 0.00363818 -0.00270728 0 0 0 0 0 0 3.125e+10 3.125e+10 3.125e+10 
0.00543385 -0.000353544 0.00769895 -0.00119298 0.00635046 0.00152845 0 0 0 0 0 0 3.125e+10 3.125e+10 3.125e+10 
0.00543385 -0.000353544 0.00635046 0.00152845 0.00390092 0.00157544 0 0 0 0 0 0 3.125e+10 3.125e+10 3.125e+10 
0.00543385 -0.000353544 0.00390092 0.00157544 0.0030525 -0.000759126 0 0 0 0 0 0 3.125e+10 3.125e+10 3.125e+10 
-0.00492115 -0.00374667 -0.00358561 -0.00381748 -0.00468583 -0.0025131 0 0 0 0 0 0 3.125e+10 3.125e+10 3.125e+10 
-0.00492115 -0.00374667 -0.005 -0.005 -0.00358561 -0.00381748 0 0 0 0 0 0 3.125e+10 3.125e+10 3.125e+10 
-0.00724787 -0.00914219 -0.00910334 -0.0101935 -0.00780828 -0.0112164 0 0 0 0 0 0 2.08333e+10 2.08333e+10 2.08333e+10 
-0.00724787 -0.00914219 -0.00904371 -0.00737037 -0.00910334 -0.0101935 0 0 0 0 0 0 2.08333e+10 2.08333e+10 2.08333e+10 
-0.000314136 0.0149967 5.44281e-05 0.0136666 0.000941858 0.0149704 0 0 0 0 0 0 2.08333e+10 2.08333e+10 2.08333e+10 
-0.010495 -0.0107171 -0.00956136 -0.0115577 -0.00910334 -0.0101935 0 0 0 0 0 0 2.08333e+10 2.08333e+10 2.08333e+10 
0.0130902 0.000877853 0.0122897 0.00184547 0.0115161 0.000714185 0 0 0 0 0 0 3.125e+10 3.125e+10 3.125e+10 
0.0130902 0.000877853 0.0147899 0.00250153 0.0122897 0.00184547 0 0 0 0 0 0 2.08333e+10 2.08333e+10 2.08333e+10 
0.0130902 0.000877853 0.0149474 0.00125517 0.0147899 0.00250153 0 0 0 0 0 0 2.08333e+10 2.08333e+10 2.08333e+10 
-0.0146722 -0.00311868 -0.0143598 -0.00433548 -0.0132825 -0.00321777 0 0 0 0 0 0 2.08333e+10 2.08333e+10 2.08333e+10 
-0.00376307 -0.00981754 -0.00309017 -0.0108779 -0.00202974 -0.0100689 0 0 0 0 0 0 3.125e+10 3.125e+10 3.125e+10 
-0.00320667 -0.00221401 -0.00429776 -0.00131875 -0.00468583 -0.0025131 0 0 0 0 0 0 3.125e+10 3.125e+10 3.125e+10 
-0.00320667 -0.00221401 -0.00468583 -0.0025131 -0.00358561 -0.00381748 0 0 0 0 0 0 3.125e+10 3.125e+10 3.125e+10 
-0.00320667 -0.00221401 -0.00253111 -0.000711233 -0.00429776 -0.00131875 0 0 0 0 0 0 3.125e+10 3.125e+10 3.125e+10 
0.0124938 0.00830087 0.0112783 0.0077187 0.0131446 0.00722631 0 0 0 0 0 0 2.08333e+10 2.08333e+10 2.08333e+10 
0.0124938 0.00830087 0.0117554 0.00931722 0.0112783 0.0077187 0 0 0 0 0 0 2.08333e+10 2.08333e+10 2.08333e+10 
-0.012 0.02 -0.010978 0.017692 -0.0104 0.02 0 0 0 0 0 0 1.04167e+10 1.04167e+10 1.04167e+10 
0.00594344 -0.0025058 0.00753827 -0.0041825 0.00769895 -0.00119298 0 0 0 0 0 0 3.125e+10 3.125e+10 3.125e+10 
0.00594344 -0.0025058 0.005 -0.005 0.00753827 -0.0041825 0 0 0 0 0 0 3.125e+10 3.125e+10 3.125e+10 
0.00594344 -0.0025058 0.00363818 -0.00270728 0.005 -0.005 0 0 0 0 0 0 3.125e+10 3.125e+10 3.125e+10 
0.00594344 -0.0025058 0.00543385 -0.000353544 0.00363818 -0.00270728 0 0 0 0 0 0 3.125e+10 3.125e+10 3.125e+10 
0.00594344 -0.0025058 0.00769895 -0.00119298 0.00543385 -0.000353544 0 0 0 0 0 0 3.125e+10 3.125e+10 3.125e+10 
0.00247293 -0.0111691 0.000415028 -0.00983968 0.000357746 -0.0123185 0 0 0 0 0 0 3.125e+10 3.125e+10 3.125e+10 
0.00247293 -0.0111691 0.00230105 -0.00880702 0.000415028 -0.00983968 0 0 0 0 0 0 3.125e+10 3.125e+10 3.125e+10 
0.00247293 -0.0111691 0.00456615 -0.00964646 0.00230105 -0.00880702 0 0 0 0 0 0 3.125e+10 3.125e+10 3.125e+10 
0.00247293 -0.0111691 0.00487213 -0.0116654 0.00456615 -0.00964646 0 0 0 0 0 0 3.125e+10 3.125e+10 3.125e+10 
-0.010748 0.00453789 -0.0120758 0.00639936 -0.0127592 0.00489712 0 0 0 0 0 0 2.08333e+10 2.08333e+10 2.08333e+10 
-0.010748 0.00453789 -0.00952117 0.00674229 -0.0120758 0.00639936 0 0 0 0 0 0 2.08333e+10 2.08333e+10 2.08333e+10 
-0.010748 0.00453789 -0.0114722 0.0021213 -0.00925522 0.00279021 0 0 0 0 0 0 2.08333e+10 2.08333e+10 2.08333e+10 
-0.010748 0.00453789 -0.00925522 0.00279021 -0.0082177 0.00509056 0 0 0 0 0 0 2.08333e+10 2.08333e+10 2.08333e+10 
-0.010748 0.00453789 -0.0082177 0.00509056 -0.00952117 0.00674229 0 0 0 0 0 0 2.08333e+10 2.08333e+10 2.08333e+10 
-0.010748 0.00453789 -0.0132564 0.00332347 -0.0114722 0.0021213 0 0 0 0 0 0 2.08333e+10 2.08333e+10 2.08333e+10 
-0.010748 0.00453789 -0.0127592 0.00489712 -0.0132564 0.00332347 0 0 0 0 0 0 2.08333e+10 2.08333e+10 2.08333e+10 
-0.00156793 0.0149178 -0.000314136 0.0149967 -0.00119626 0.0171979 0 0 0 0 0 0 1.04167e+10 1.04167e+10 1.04167e+10 
0.02 0.0008 0.02 0.0024 0.0186259 0.00222853 0 0 0 0 0 0 1.04167e+10 1.04167e+10 1.04167e+10 
0.02 0.0008 0.0180066 -0.000401744 0.02 -0.0008 0 0 0 0 0 0 1.04167e+10 1.04167e+10 1.04167e+10 
0.02 0.0008 0.0186259 0.00222853 0.0180066 -0.000401744 0 0 0 0 0 0 1.04167e+10 1.04167e+10 1.04167e+10 
-0.00228969 0.00184547 -0.00158336 0.000636535 -0.000397666 0.00178058 0 0 0 0 0 0 3.125e+10 3.125e+10 3.125e+10 
-0.00228969 0.00184547 -0.000397666 0.00178058 -0.00137424 0.00270513 0 0 0 0 0 0 3.125e+10 3.125e+10 3.125e+10 
-0.00228969 0.00184547 -0.00309017 0.000877853 -0.00158336 0.000636535 0 0 0 0 0 0 3.125e+10 3.125e+10 3.125e+10 
0.02 -0.0088 0.02 -0.0072 0.0187927 -0.00786905 0 0 0 0 0 0 1.04167e+10 1.04167e+10 1.04167e+10 
0.02 -0.0088 0.0187927 -0.00786905 0.017896 -0.00977208 0 0 0 0 0 0 1.04167e+10 1.04167e+10 1.04167e+10 
0.02 -0.0088 0.017896 -0.00977208 0.02 -0.0104 0 0 0 0 0 0 1.04167e+10 1.04167e+10 1.04167e+10 
0.0124797 -0.000622253 0.0115161 0.000714185 0.0103962 -0.00108521 0 0 0 0 0 0 3.125e+10 3.125e+10 3.125e+10 
0.0124797 -0.000622253 0.0130902 0.000877853 0.0115161 0.000714185 0 0 0 0 0 0 3.125e+10 3.125e+10 3.125e+10 
0.0124797 -0.000622253 0.0103962 -0.00108521 0.011446 -0.0032989 0 0 0 0 0 0 3.125e+10 3.125e+10 3.125e+10 
-0.0188003 0.00267149 -0.0166762 0.00456563 -0.02 0.004 0 0 0 0 0 0 1.04167e+10 1.04167e+10 1.04167e+10 
0.00437209 0.00498027 0.00577266 0.00363216 0.00562791 0.00498027 0 0 0 0 0 0 3.125e+10 3.125e+10 3.125e+10 
0.0137631 -0.000182463 0.015 0 0.0149474 0.00125517 0 0 0 0 0 0 2.08333e+10 2.08333e+10 2.08333e+10 
0.0137631 -0.000182463 0.0149474 0.00125517 0.0130902 0.000877853 0 0 0 0 0 0 2.08333e+10 2.08333e+10 2.08333e+10 
0.0137631 -0.000182463 0.0149474 -0.00125517 0.015 0 0 0 0 0 0 0 2.08333e+10 2.08333e+10 2.08333e+10 
0.0137631 -0.000182463 0.0130902 0.000877853 0.0124797 -0.000622253 0 0 0 0 0 0 3.125e+10 3.125e+10 3.125e+10 
0.02 -0.0168 0.02 -0.0152 0.0187863 -0.0172033 0 0 0 0 0 0 1.04167e+10 1.04167e+10 1.04167e+10 
-0.00159329 0.0135735 -0.00102516 0.0116215 5.44281e-05 0.0136666 0 0 0 0 0 0 2.08333e+10 2.08333e+10 2.08333e+10 
-0.00159329 0.0135735 -0.00321777 0.0132825 -0.00102516 0.0116215 0 0 0 0 0 0 2.08333e+10 2.08333e+10 2.08333e+10 
-0.00159329 0.0135735 -0.00281072 0.0147343 -0.00321777 0.0132825 0 0 0 0 0 0 2.08333e+10 2.08333e+10 2.08333e+10 
-0.00159329 0.0135735 -0.00156793 0.0149178 -0.00281072 0.0147343 0 0 0 0 0 0 2.08333e+10 2.08333e+10 2.08333e+10 
-0.00159329 0.0135735 5.44281e-05 0.0136666 -0.000314136 0.0149967 0 0 0 0 0 0 2.08333e+10 2.08333e+10 2.08333e+10 
-0.00159329 0.0135735 -0.000314136 0.0149967 -0.00156793 0.0149178 0 0 0 0 0 0 2.08333e+10 2.08333e+10 2.08333e+10 
0.00279021 0.00925522 0.00223053 0.00733502 0.00509056 0.0082177 0 0 0 0 0 0 2.08333e+10 2.08333e+10 2.08333e+10 
0.00279021 0.00925522 0.0014971 0.0115702 0.000299708 0.00966202 0 0 0 0 0 0 2.08333e+10 2.08333e+10 2.08333e+10 
0.00279021 0.00925522 0.000299708 0.00966202 0.00223053 0.00733502 0 0 0 0 0 0 2.08333e+10 2.08333e+10 2.08333e+10 
0.02 -0.0184 0.0184 -0.02 0.02 -0.02 0 0 0 0 0 0 1.04167e+10 1.04167e+10 1.04167e+10 
0.02 -0.0184 0.0187863 -0.0172033 0.0184 -0.02 0 0 0 0 0 0 1.04167e+10 1.04167e+10 1.04167e+10 
0.02 -0.0184 0.02 -0.0168 0.0187863 -0.0172033 0 0 0 0 0 0 1.04167e+10 1.04167e+10 1.04167e+10 
0.0167116 -0.0177465 0.0187863 -0.0172033 0.017671 -0.0145882 0 0 0 0 0 0 1.04167e+10 1.04167e+10 1.04167e+10 
0.0167116 -0.0177465 0.0168 -0.02 0.0184 -0.02 0 0 0 0 0 0 1.04167e+10 1.04167e+10 1.04167e+10 
0.0167116 -0.0177465 0.0184 -0.02 0.0187863 -0.0172033 0 0 0 0 0 0 1.04167e+10 1.04167e+10 1.04167e+10 
0.0167116 -0.0177465 0.0134511 -0.0178423 0.0152 -0.02 0 0 0 0 0 0 1.04167e+10 1.04167e+10 1.04167e+10 
0.0167116 -0.0177465 0.0152 -0.02 0.0168 -0.02 0 0 0 0 0 0 1.04167e+10 1.04167e+10 1.04167e+10 
0.00394935 0.0109779 0.00489712 0.0127592 0.00332347 0.0132564 0 0 0 0 0 0 2.08333e+10 2.08333e+10 2.08333e+10 
0.00394935 0.0109779 0.00332347 0.0132564 0.0014971 0.0115702 0 0 0 0 0 0 2.08333e+10 2.08333e+10 2.08333e+10 
0.00394935 0.0109779 0.0014971 0.0115702 0.00279021 0.00925522 0 0 0 0 0 0 2.08333e+10 2.08333e+10 2.08333e+10 
0.00394935 0.0109779 0.00279021 0.00925522 0.00509056 0.0082177 0 0 0 0 0 0 2.08333e+10 2.08333e+10 2.08333e+10 
-0.0184273 -0.0175924 -0.02 -0.0152 -0.02 -0.0168 0 0 0 0 0 0 1.04167e+10 1.04167e+10 1.04167e+10 
-0.0184273 -0.0175924 -0.0170014 -0.0151785 -0.02 -0.0152 0 0 0 0 0 0 1.04167e+10 1.04167e+10 1.04167e+10 
-0.0184273 -0.0175924 -0.0159773 -0.0172389 -0.0170014 -0.0151785 0 0 0 0 0 0 1.04167e+10 1.04167e+10 1.04167e+10 
-0.0102657 -0.00902186 -0.00904371 -0.00737037 -0.0112783 -0.0077187 0 0 0 0 0 0 2.08333e+10 2.08333e+10 2.08333e+10 
-0.0102657 -0.00902186 -0.00910334 -0.0101935 -0.00904371 -0.00737037 0 0 0 0 0 0 2.08333e+10 2.08333e+10 2.08333e+10 
-0.0102657 -0.00902186 -0.010495 -0.0107171 -0.00910334 -0.0101935 0 0 0 0 0 0 2.08333e+10 2.08333e+10 2.08333e+10 
-0.0102657 -0.00902186 -0.0112783 -0.0077187 -0.0121353 -0.00881678 0 0 0 0 0 0 2.08333e+10 2.08333e+10 2.08333e+10 
-0.000358268 -0.0134433 -0.00156793 -0.0149178 -0.000314136 -0.0149967 0 0 0 0 0 0 2.08333e+10 2.08333e+10 2.08333e+10 
-0.000358268 -0.0134433 -0.00137424 -0.0127051 -0.00156793 -0.0149178 0 0 0 0 0 0 2.08333e+10 2.08333e+10 2.08333e+10 
-0.000358268 -0.0134433 -0.000314136 -0.0149967 0.000742207 -0.0140483 0 0 0 0 0 0 2.08333e+10 2.08333e+10 2.08333e+10 
-0.000358268 -0.0134433 0.000357746 -0.0123185 -0.00137424 -0.0127051 0 0 0 0 0 0 3.125e+10 3.125e+10 3.125e+10 
-0.000358268 -0.0134433 0.000742207 -0.0140483 0.000357746 -0.0123185 0 0 0 0 0 0 3.125e+10 3.125e+10 3.125e+10 
0.0139377 0.0177711 0.0151878 0.0152435 0.0164481 0.0173355 0 0 0 0 0 0 1.04167e+10 1.04167e+10 1.04167e+10 
0.0139377 0.0177711 0.0164481 0.0173355 0.0152 0.02 0 0 0 0 0 0 1.04167e+10 1.04167e+10 1.04167e+10 
0.0139377 0.0177711 0.0130393 0.0145943 0.0151878 0.0152435 0 0 0 0 0 0 1.04167e+10 1.04167e+10 1.04167e+10 
0.0188438 0.0125262 0.0159417 0.0125784 0.0182479 0.00968157 0 0 0 0 0 0 1.04167e+10 1.04167e+10 1.04167e+10 
0.0188438 0.0125262 0.0180102 0.0152941 0.0159417 0.0125784 0 0 0 0 0 0 1.04167e+10 1.04167e+10 1.04167e+10 
0.0188438 0.0125262 0.02 0.0136 0.0180102 0.0152941 0 0 0 0 0 0 1.04167e+10 1.04167e+10 1.04167e+10 
0.0188438 0.0125262 0.02 0.012 0.02 0.0136 0 0 0 0 0 0 1.04167e+10 1.04167e+10 1.04167e+10 
0.0188438 0.0125262 0.0182479 0.00968157 0.02 0.0104 0 0 0 0 0 0 1.04167e+10 1.04167e+10 1.04167e+10 
0.0188438 0.0125262 0.02 0.0104 0.02 0.012 0 0 0 0 0 0 1.04167e+10 1.04167e+10 1.04167e+10 
0.0113208 0.0178671 0.012 0.02 0.0104 0.02 0 0 0 0 0 0 1.04167e+10 1.04167e+10 1.04167e+10 
0.0113208 0.0178671 0.00856539 0.017631 0.0102637 0.0152755 0 0 0 0 0 0 1.04167e+10 1.04167e+10 1.04167e+10 
0.0113208 0.0178671 0.0104 0.02 0.00856539 0.017631 0 0 0 0 0 0 1.04167e+10 1.04167e+10 1.04167e+10 
0.0113208 0.0178671 0.0102637 0.0152755 0.0130393 0.0145943 0 0 0 0 0 0 1.04167e+10 1.04167e+10 1.04167e+10 
0.0113208 0.0178671 0.0130393 0.0145943 0.0139377 0.0177711 0 0 0 0 0 0 1.04167e+10 1.04167e+10 1.04167e+10 
0.0113208 0.0178671 0.0139377 0.0177711 0.012 0.02 0 0 0 0 0 0 1.04167e+10 1.04167e+10 1.04167e+10 
-0.0164892 0.0175984 -0.0168 0.02 -0.0184 0.02 0 0 0 0 0 0 1.04167e+10 1.04167e+10 1.04167e+10 
-0.0164892 0.0175984 -0.0170168 0.0148792 -0.0147713 0.0153401 0 0 0 0 0 0 1.04167e+10 1.04167e+10 1.04167e+10 
-0.0164892 0.0175984 -0.0152 0.02 -0.0168 0.02 0 0 0 0 0 0 1.04167e+10 1.04167e+10 1.04167e+10 
-0.02 0.0024 -0.0188003 0.00267149 -0.02 0.004 0 0 0 0 0 0 1.04167e+10 1.04167e+10 1.04167e+10 
-0.02 0.0024 -0.02 0.0008 -0.0188003 0.00267149 0 0 0 0 0 0 1.04167e+10 1.04167e+10 1.04167e+10 
-0.002862 -0.00864693 -0.00341011 -0.00709313 -0.00429776 -0.00868125 0 0 0 0 0 0 3.125e+10 3.125e+10 3.125e+10 
-0.002862 -0.00864693 -0.00376307 -0.00981754 -0.00202974 -0.0100689 0 0 0 0 0 0 3.125e+10 3.125e+10 3.125e+10 
-0.002862 -0.00864693 -0.00429776 -0.00868125 -0.00376307 -0.00981754 0 0 0 0 0 0 3.125e+10 3.125e+10 3.125e+10 
-0.00891945 -0.0174528 -0.0104 -0.02 -0.0088 -0.02 0 0 0 0 0 0 1.04167e+10 1.04167e+10 1.04167e+10 
-0.00891945 -0.0174528 -0.0113692 -0.0172653 -0.0104 -0.02 0 0 0 0 0 0 1.04167e+10 1.04167e+10 1.04167e+10 
-0.00891945 -0.0174528 -0.00978155 -0.0147626 -0.0113692 -0.0172653 0 0 0 0 0 0 1.04167e+10 1.04167e+10 1.04167e+10 
-0.00891945 -0.0174528 -0.0072 -0.02 -0.00624478 -0.0173872 0 0 0 0 0 0 1.04167e+10 1.04167e+10 1.04167e+10 
-0.00891945 -0.0174528 -0.0088 -0.02 -0.0072 -0.02 0 0 0 0 0 0 1.04167e+10 1.04167e+10 1.04167e+10 
-0.00228969 -0.0118455 -0.00137424 -0.0127051 -0.000943399 -0.0113077 0 0 0 0 0 0 3.125e+10 3.125e+10 3.125e+10 
-0.00228969 -0.0118455 -0.000943399 -0.0113077 -0.00202974 -0.0100689 0 0 0 0 0 0 3.125e+10 3.125e+10 3.125e+10 
-0.00228969 -0.0118455 -0.00202974 -0.0100689 -0.00309017 -0.0108779 0 0 0 0 0 0 3.125e+10 3.125e+10 3.125e+10 
-0.0152 -0.02 -0.0133648 -0.0177646 -0.0159773 -0.0172389 0 0 0 0 0 0 1.04167e+10 1.04167e+10 1.04167e+10 
-0.0121264 -0.00630297 -0.0104167 -0.00525392 -0.0127978 -0.00479534 0 0 0 0 0 0 2.08333e+10 2.08333e+10 2.08333e+10 
-0.0121264 -0.00630297 -0.0112783 -0.0077187 -0.0104167 -0.00525392 0 0 0 0 0 0 2.08333e+10 2.08333e+10 2.08333e+10 
-0.0121264 -0.00630297 -0.0128305 -0.00777041 -0.0112783 -0.0077187 0 0 0 0 0 0 2.08333e+10 2.08333e+10 2.08333e+10 
-0.0121264 -0.00630297 -0.0134357 -0.00666953 -0.0128305 -0.00777041 0 0 0 0 0 0 2.08333e+10 2.08333e+10 2.08333e+10 
-0.0121264 -0.00630297 -0.0127978 -0.00479534 -0.0134357 -0.00666953 0 0 0 0 0 0 2.08333e+10 2.08333e+10 2.08333e+10 
0.0088 0.02 0.0072 0.02 0.00856539 0.017631 0 0 0 0 0 0 1.04167e+10 1.04167e+10 1.04167e+10 
0.0088 0.02 0.00856539 0.017631 0.0104 0.02 0 0 0 0 0 0 1.04167e+10 1.04167e+10 1.04167e+10 
-0.012 -0.02 -0.0113692 -0.0172653 -0.0133648 -0.0177646 0 0 0 0 0 0 1.04167e+10 1.04167e+10 1.04167e+10 
-0.012 -0.02 -0.0104 -0.02 -0.0113692 -0.0172653 0 0 0 0 0 0 1.04167e+10 1.04167e+10 1.04167e+10 
-0.0136666 5.44281e-05 -0.01166 -0.000394477 -0.0135604 0.00170135 0 0 0 0 0 0 2.08333e+10 2.08333e+10 2.08333e+10 
-0.0136666 5.44281e-05 -0.0149868 0.000628135 -0.0149868 -0.000628135 0 0 0 0 0 0 2.08333e+10 2.08333e+10 2.08333e+10 
-0.0136666 5.44281e-05 -0.0135604 0.00170135 -0.0149868 0.000628135 0 0 0 0 0 0 2.08333e+10 2.08333e+10 2.08333e+10 
-0.000358268 0.00344328 0.000983111 0.00267956 0.000742207 0.00404827 0 0 0 0 0 0 3.125e+10 3.125e+10 3.125e+10 
-0.000358268 0.00344328 -0.000397666 0.00178058 0.000983111 0.00267956 0 0 0 0 0 0 3.125e+10 3.125e+10 3.125e+10 
-0.000358268 0.00344328 -0.00137424 0.00270513 -0.000397666 0.00178058 0 0 0 0 0 0 3.125e+10 3.125e+10 3.125e+10 
-0.02 0.0136 -0.0188031 0.0120672 -0.0170168 0.0148792 0 0 0 0 0 0 1.04167e+10 1.04167e+10 1.04167e+10 
-0.02 0.0136 -0.0170168 0.0148792 -0.02 0.0152 0 0 0 0 0 0 1.04167e+10 1.04167e+10 1.04167e+10 
-0.02 0.0136 -0.02 0.012 -0.0188031 0.0120672 0 0 0 0 0 0 1.04167e+10 1.04167e+10 1.04167e+10 
-0.00749416 0.00161719 -0.00966202 0.000299708 -0.00761321 -0.000903782 0 0 0 0 0 0 2.08333e+10 2.08333e+10 2.08333e+10 
-0.00749416 0.00161719 -0.00925522 0.00279021 -0.00966202 0.000299708 0 0 0 0 0 0 2.08333e+10 2.08333e+10 2.08333e+10 
-0.00749416 0.00161719 -0.00761321 -0.000903782 -0.00566647 4.70864e-05 0 0 0 0 0 0 2.08333e+10 2.08333e+10 2.08333e+10 
-0.00749416 0.00161719 -0.00566647 4.70864e-05 -0.00508488 0.00250101 0 0 0 0 0 0 2.08333e+10 2.08333e+10 2.08333e+10 
-0.0188929 0.0172559 -0.0184 0.02 -0.02 0.0184 0 0 0 0 0 0 1.04167e+10 1.04167e+10 1.04167e+10 
-0.0188929 0.0172559 -0.0164892 0.0175984 -0.0184 0.02 0 0 0 0 0 0 1.04167e+10 1.04167e+10 1.04167e+10 
-0.0188929 0.0172559 -0.02 0.0184 -0.02 0.0168 0 0 0 0 0 0 1.04167e+10 1.04167e+10 1.04167e+10 
-0.0188929 0.0172559 -0.02 0.0168 -0.02 0.0152 0 0 0 0 0 0 1.04167e+10 1.04167e+10 1.04167e+10 
-0.0188929 0.0172559 -0.02 0.0152 -0.0170168 0.0148792 0 0 0 0 0 0 1.04167e+10 1.04167e+10 1.04167e+10 
-0.0188929 0.0172559 -0.0170168 0.0148792 -0.0164892 0.0175984 0 0 0 0 0 0 1.04167e+10 1.04167e+10 1.04167e+10 
-0.00396038 0.0174 -0.0056 0.02 -0.0063863 0.0174423 0 0 0 0 0 0 1.04167e+10 1.04167e+10 1.04167e+10 
-0.00396038 0.0174 -0.004 0.02 -0.0056 0.02 0 0 0 0 0 0 1.04167e+10 1.04167e+10 1.04167e+10 
-0.0121205 0.0147111 -0.0147713 0.0153401 -0.0139055 0.0121628 0 0 0 0 0 0 1.04167e+10 1.04167e+10 1.04167e+10 
-0.0121205 0.0147111 -0.00950399 0.0150225 -0.010978 0.017692 0 0 0 0 0 0 1.04167e+10 1.04167e+10 1.04167e+10 
-0.00349948 0.0111295 -0.00581017 0.010117 -0.00457145 0.00851741 0 0 0 0 0 0 2.08333e+10 2.08333e+10 2.08333e+10 
-0.00349948 0.0111295 -0.00102516 0.0116215 -0.00321777 0.0132825 0 0 0 0 0 0 2.08333e+10 2.08333e+10 2.08333e+10 
-0.0136 -0.02 -0.0133648 -0.0177646 -0.0152 -0.02 0 0 0 0 0 0 1.04167e+10 1.04167e+10 1.04167e+10 
-0.0136 -0.02 -0.012 -0.02 -0.0133648 -0.0177646 0 0 0 0 0 0 1.04167e+10 1.04167e+10 1.04167e+10 
-0.00704401 -0.00662015 -0.00904371 -0.00737037 -0.00724787 -0.00914219 0 0 0 0 0 0 2.08333e+10 2.08333e+10 2.08333e+10 
-0.00704401 -0.00662015 -0.00468583 -0.0074869 -0.00492115 -0.00625333 0 0 0 0 0 0 2.08333e+10 2.08333e+10 2.08333e+10 
-0.0077187 0.0112783 -0.00956136 0.0115577 -0.00902186 0.0102657 0 0 0 0 0 0 2.08333e+10 2.08333e+10 2.08333e+10 
-0.0077187 0.0112783 -0.0085607 0.0123172 -0.00956136 0.0115577 0 0 0 0 0 0 2.08333e+10 2.08333e+10 2.08333e+10 
-0.0077187 0.0112783 -0.00581017 0.010117 -0.00630297 0.0121264 0 0 0 0 0 0 2.08333e+10 2.08333e+10 2.08333e+10 
-0.0077187 0.0112783 -0.00630297 0.0121264 -0.0075 0.0129904 0 0 0 0 0 0 2.08333e+10 2.08333e+10 2.08333e+10 
-0.0077187 0.0112783 -0.0075 0.0129904 -0.0085607 0.0123172 0 0 0 0 0 0 2.08333e+10 2.08333e+10 2.08333e+10 
-0.0077187 0.0112783 -0.00784918 0.00863143 -0.00581017 0.010117 0 0 0 0 0 0 2.08333e+10 2.08333e+10 2.08333e+10 
-0.0077187 0.0112783 -0.00902186 0.0102657 -0.00784918 0.00863143 0 0 0 0 0 0 2.08333e+10 2.08333e+10 2.08333e+10 
0.00621693 0.00987223 0.00509056 0.0082177 0.00819382 0.00830496 0 0 0 0 0 0 2.08333e+10 2.08333e+10 2.08333e+10 
0.00621693 0.00987223 0.00394935 0.0109779 0.00509056 0.0082177 0 0 0 0 0 0 2.08333e+10 2.08333e+10 2.08333e+10 
0.00621693 0.00987223 0.00819382 0.00830496 0.00910334 0.0101935 0 0 0 0 0 0 2.08333e+10 2.08333e+10 2.08333e+10 
0.00621693 0.00987223 0.00910334 0.0101935 0.00780828 0.0112164 0 0 0 0 0 0 2.08333e+10 2.08333e+10 2.08333e+10 
-0.0008 -0.02 0.0008 -0.02 -0.000829299 -0.0171358 0 0 0 0 0 0 1.04167e+10 1.04167e+10 1.04167e+10 
-0.00851741 -0.00457145 -0.0104167 -0.00525392 -0.00904371 -0.00737037 0 0 0 0 0 0 2.08333e+10 2.08333e+10 2.08333e+10 
-0.00851741 -0.00457145 -0.00904371 -0.00737037 -0.00704401 -0.00662015 0 0 0 0 0 0 2.08333e+10 2.08333e+10 2.08333e+10 
-0.0168 -0.02 -0.0184273 -0.0175924 -0.0184 -0.02 0 0 0 0 0 0 1.04167e+10 1.04167e+10 1.04167e+10 
-0.0168 -0.02 -0.0159773 -0.0172389 -0.0184273 -0.0175924 0 0 0 0 0 0 1.04167e+10 1.04167e+10 1.04167e+10 
-0.0168 -0.02 -0.0152 -0.02 -0.0159773 -0.0172389 0 0 0 0 0 0 1.04167e+10 1.04167e+10 1.04167e+10 
-0.0148817 0.00188 -0.0135604 0.00170135 -0.0146722 0.00311868 0 0 0 0 0 0 2.08333e+10 2.08333e+10 2.08333e+10 
-0.0148817 0.00188 -0.0149868 0.000628135 -0.0135604 0.00170135 0 0 0 0 0 0 2.08333e+10 2.08333e+10 2.08333e+10 
0.00639936 0.0120758 0.00780828 0.0112164 0.0080374 0.0126649 0 0 0 0 0 0 2.08333e+10 2.08333e+10 2.08333e+10 
0.00639936 0.0120758 0.0080374 0.0126649 0.00694944 0.0132931 0 0 0 0 0 0 2.08333e+10 2.08333e+10 2.08333e+10 
0.00639936 0.0120758 0.00581273 0.0138279 0.00489712 0.0127592 0 0 0 0 0 0 2.08333e+10 2.08333e+10 2.08333e+10 
0.00639936 0.0120758 0.00694944 0.0132931 0.00581273 0.0138279 0 0 0 0 0 0 2.08333e+10 2.08333e+10 2.08333e+10 
0.00639936 0.0120758 0.00621693 0.00987223 0.00780828 0.0112164 0 0 0 0 0 0 2.08333e+10 2.08333e+10 2.08333e+10 
0.00639936 0.0120758 0.00489712 0.0127592 0.00394935 0.0109779 0 0 0 0 0 0 2.08333e+10 2.08333e+10 2.08333e+10 
0.00639936 0.0120758 0.00394935 0.0109779 0.00621693 0.00987223 0 0 0 0 0 0 2.08333e+10 2.08333e+10 2.08333e+10 
-0.02 -0.0024 -0.018698 -0.00227487 -0.02 -0.0008 0 0 0 0 0 0 1.04167e+10 1.04167e+10 1.04167e+10 
-0.02 -0.0024 -0.02 -0.004 -0.018698 -0.00227487 0 0 0 0 0 0 1.04167e+10 1.04167e+10 1.04167e+10 
0.00190983 0.00451057 0.000742207 0.00404827 0.00250907 0.00330099 0 0 0 0 0 0 3.125e+10 3.125e+10 3.125e+10 
0.00190983 0.00451057 0.00250907 0.00330099 0.00312619 0.00482287 0 0 0 0 0 0 3.125e+10 3.125e+10 3.125e+10 
0.0056 -0.02 0.00585176 -0.017725 0.004 -0.02 0 0 0 0 0 0 1.04167e+10 1.04167e+10 1.04167e+10 
0.0056 -0.02 0.0072 -0.02 0.00585176 -0.017725 0 0 0 0 0 0 1.04167e+10 1.04167e+10 1.04167e+10 
-0.02 0.0072 -0.02 0.0056 -0.0187568 0.00780532 0 0 0 0 0 0 1.04167e+10 1.04167e+10 1.04167e+10 
-0.02 0.0072 -0.0187568 0.00780532 -0.02 0.0088 0 0 0 0 0 0 1.04167e+10 1.04167e+10 1.04167e+10 
0.02 0.0152 0.0180102 0.0152941 0.02 0.0136 0 0 0 0 0 0 1.04167e+10 1.04167e+10 1.04167e+10 
0.02 0.0152 0.0189027 0.0170678 0.0180102 0.0152941 0 0 0 0 0 0 1.04167e+10 1.04167e+10 1.04167e+10 
0.02 0.0152 0.02 0.0168 0.0189027 0.0170678 0 0 0 0 0 0 1.04167e+10 1.04167e+10 1.04167e+10 
0.02 0.0072 0.0184698 0.00712598 0.02 0.0056 0 0 0 0 0 0 1.04167e+10 1.04167e+10 1.04167e+10 
0.02 0.0072 0.02 0.0088 0.0184698 0.00712598 0 0 0 0 0 0 1.04167e+10 1.04167e+10 1.04167e+10 
0.00906899 0.0119479 0.0080374 0.0126649 0.00780828 0.0112164 0 0 0 0 0 0 2.08333e+10 2.08333e+10 2.08333e+10 
0.00906899 0.0119479 0.010037 0.0111472 0.011238 0.0127458 0 0 0 0 0 0 1.04167e+10 1.04167e+10 1.04167e+10 
0.00906899 0.0119479 0.00910334 0.0101935 0.010037 0.0111472 0 0 0 0 0 0 2.08333e+10 2.08333e+10 2.08333e+10 
0.00906899 0.0119479 0.00780828 0.0112164 0.00910334 0.0101935 0 0 0 0 0 0 2.08333e+10 2.08333e+10 2.08333e+10 
-0.0135735 -0.00159329 -0.0132825 -0.00321777 -0.0113026 -0.00289181 0 0 0 0 0 0 2.08333e+10 2.08333e+10 2.08333e+10 
-0.0135735 -0.00159329 -0.0113026 -0.00289181 -0.01166 -0.000394477 0 0 0 0 0 0 2.08333e+10 2.08333e+10 2.08333e+10 
-0.0135735 -0.00159329 -0.01166 -0.000394477 -0.0136666 5.44281e-05 0 0 0 0 0 0 2.08333e+10 2.08333e+10 2.08333e+10 
-0.0135735 -0.00159329 -0.0146722 -0.00311868 -0.0132825 -0.00321777 0 0 0 0 0 0 2.08333e+10 2.08333e+10 2.08333e+10 
-0.0135735 -0.00159329 -0.0148817 -0.00188 -0.0146722 -0.00311868 0 0 0 0 0 0 2.08333e+10 2.08333e+10 2.08333e+10 
-0.0135735 -0.00159329 -0.0149868 -0.000628135 -0.0148817 -0.00188 0 0 0 0 0 0 2.08333e+10 2.08333e+10 2.08333e+10 
-0.0135735 -0.00159329 -0.0136666 5.44281e-05 -0.0149868 -0.000628135 0 0 0 0 0 0 2.08333e+10 2.08333e+10 2.08333e+10 
-0.0160636 -0.00760221 -0.0174763 -0.00525843 -0.0183008 -0.00711937 0 0 0 0 0 0 1.04167e+10 1.04167e+10 1.04167e+10 
-0.00102365 -0.00785658 -0.0016488 -0.00548769 -0.00341011 -0.00709313 0 0 0 0 0 0 3.125e+10 3.125e+10 3.125e+10 
-0.00102365 -0.00785658 -0.00341011 -0.00709313 -0.002862 -0.00864693 0 0 0 0 0 0 3.125e+10 3.125e+10 3.125e+10 
-0.00102365 -0.00785658 0.000759126 -0.0069475 -0.0016488 -0.00548769 0 0 0 0 0 0 3.125e+10 3.125e+10 3.125e+10 
-0.00102365 -0.00785658 -0.00202974 -0.0100689 0.000415028 -0.00983968 0 0 0 0 0 0 3.125e+10 3.125e+10 3.125e+10 
-0.00102365 -0.00785658 -0.002862 -0.00864693 -0.00202974 -0.0100689 0 0 0 0 0 0 3.125e+10 3.125e+10 3.125e+10 
-0.00102365 -0.00785658 0.000415028 -0.00983968 0.000759126 -0.0069475 0 0 0 0 0 0 3.125e+10 3.125e+10 3.125e+10 
-0.0147194 0.00981474 -0.0139055 0.0121628 -0.0159771 0.0127401 0 0 0 0 0 0 1.04167e+10 1.04167e+10 1.04167e+10 
-0.0147194 0.00981474 -0.0159771 0.0127401 -0.0174431 0.0101288 0 0 0 0 0 0 1.04167e+10 1.04167e+10 1.04167e+10 
0.00861762 0.000599759 0.00769895 -0.00119298 0.0103962 -0.00108521 0 0 0 0 0 0 3.125e+10 3.125e+10 3.125e+10 
0.00861762 0.000599759 0.00635046 0.00152845 0.00769895 -0.00119298 0 0 0 0 0 0 3.125e+10 3.125e+10 3.125e+10 
0.00861762 0.000599759 0.0115161 0.000714185 0.0103169 0.0018441 0 0 0 0 0 0 3.125e+10 3.125e+10 3.125e+10 
0.00861762 0.000599759 0.0103962 -0.00108521 0.0115161 0.000714185 0 0 0 0 0 0 3.125e+10 3.125e+10 3.125e+10 
0.00978758 0.00634937 0.0121264 0.00630297 0.0112783 0.0077187 0 0 0 0 0 0 2.08333e+10 2.08333e+10 2.08333e+10 
0.00978758 0.00634937 0.0112783 0.0077187 0.0102657 0.00902186 0 0 0 0 0 0 2.08333e+10 2.08333e+10 2.08333e+10 
0.00978758 0.00634937 0.0102657 0.00902186 0.00819382 0.00830496 0 0 0 0 0 0 2.08333e+10 2.08333e+10 2.08333e+10 
-0.001376 -0.00305293 -0.00024208 -0.000881136 -0.00253111 -0.000711233 0 0 0 0 0 0 3.125e+10 3.125e+10 3.125e+10 
-0.001376 -0.00305293 -0.00253111 -0.000711233 -0.00320667 -0.00221401 0 0 0 0 0 0 3.125e+10 3.125e+10 3.125e+10 
-0.001376 -0.00305293 0.00119298 -0.00230105 -0.00024208 -0.000881136 0 0 0 0 0 0 3.125e+10 3.125e+10 3.125e+10 
-0.001376 -0.00305293 0.000353544 -0.00456615 0.00119298 -0.00230105 0 0 0 0 0 0 3.125e+10 3.125e+10 3.125e+10 
-0.001376 -0.00305293 -0.00358561 -0.00381748 -0.0016488 -0.00548769 0 0 0 0 0 0 3.125e+10 3.125e+10 3.125e+10 
-0.001376 -0.00305293 -0.00320667 -0.00221401 -0.00358561 -0.00381748 0 0 0 0 0 0 3.125e+10 3.125e+10 3.125e+10 
-0.001376 -0.00305293 -0.0016488 -0.00548769 0.000353544 -0.00456615 0 0 0 0 0 0 3.125e+10 3.125e+10 3.125e+10 
-0.0139466 -0.00552187 -0.0127978 -0.00479534 -0.0143598 -0.00433548 0 0 0 0 0 0 2.08333e+10 2.08333e+10 2.08333e+10 
-0.0139466 -0.00552187 -0.0134357 -0.00666953 -0.0127978 -0.00479534 0 0 0 0 0 0 2.08333e+10 2.08333e+10 2.08333e+10 
-0.0024 0.02 -0.00119626 0.0171979 -0.0008 0.02 0 0 0 0 0 0 1.04167e+10 1.04167e+10 1.04167e+10 
-0.0024 0.02 -0.00396038 0.0174 -0.00119626 0.0171979 0 0 0 0 0 0 1.04167e+10 1.04167e+10 1.04167e+10 
-0.0024 0.02 -0.004 0.02 -0.00396038 0.0174 0 0 0 0 0 0 1.04167e+10 1.04167e+10 1.04167e+10 
0.00219125 0.0148391 0.000941858 0.0149704 0.00170135 0.0135604 0 0 0 0 0 0 2.08333e+10 2.08333e+10 2.08333e+10 
0.00219125 0.0148391 0.00332347 0.0132564 0.00342526 0.0146037 0 0 0 0 0 0 2.08333e+10 2.08333e+10 2.08333e+10 
0.00219125 0.0148391 0.00170135 0.0135604 0.00332347 0.0132564 0 0 0 0 0 0 2.08333e+10 2.08333e+10 2.08333e+10 
-0.00221122 0.00941036 -0.00274506 0.00715838 -0.000272002 0.00766184 0 0 0 0 0 0 2.08333e+10 2.08333e+10 2.08333e+10 
-0.00221122 0.00941036 -0.000272002 0.00766184 0.000299708 0.00966202 0 0 0 0 0 0 2.08333e+10 2.08333e+10 2.08333e+10 
-0.00221122 0.00941036 -0.00457145 0.00851741 -0.00274506 0.00715838 0 0 0 0 0 0 2.08333e+10 2.08333e+10 2.08333e+10 
-0.00221122 0.00941036 -0.00349948 0.0111295 -0.00457145 0.00851741 0 0 0 0 0 0 2.08333e+10 2.08333e+10 2.08333e+10 
-0.00221122 0.00941036 0.000299708 0.00966202 -0.00102516 0.0116215 0 0 0 0 0 0 2.08333e+10 2.08333e+10 2.08333e+10 
-0.00221122 0.00941036 -0.00102516 0.0116215 -0.00349948 0.0111295 0 0 0 0 0 0 2.08333e+10 2.08333e+10 2.08333e+10 
0.00722173 -0.0064748 0.00523218 -0.00765654 0.0069475 -0.00924087 0 0 0 0 0 0 3.125e+10 3.125e+10 3.125e+10 
0.00722173 -0.0064748 0.0069475 -0.00924087 0.00880702 -0.00769895 0 0 0 0 0 0 3.125e+10 3.125e+10 3.125e+10 
0.00722173 -0.0064748 0.005 -0.005 0.00523218 -0.00765654 0 0 0 0 0 0 3.125e+10 3.125e+10 3.125e+10 
0.00722173 -0.0064748 0.00753827 -0.0041825 0.005 -0.005 0 0 0 0 0 0 3.125e+10 3.125e+10 3.125e+10 
0.00722173 -0.0064748 0.00880702 -0.00769895 0.00964646 -0.00543385 0 0 0 0 0 0 3.125e+10 3.125e+10 3.125e+10 
0.00722173 -0.0064748 0.00964646 -0.00543385 0.00753827 -0.0041825 0 0 0 0 0 0 3.125e+10 3.125e+10 3.125e+10 
0.0136 0.02 0.0139377 0.0177711 0.0152 0.02 0 0 0 0 0 0 1.04167e+10 1.04167e+10 1.04167e+10 
0.0136 0.02 0.012 0.02 0.0139377 0.0177711 0 0 0 0 0 0 1.04167e+10 1.04167e+10 1.04167e+10 
-0.02 -0.0184 -0.0184273 -0.0175924 -0.02 -0.0168 0 0 0 0 0 0 1.04167e+10 1.04167e+10 1.04167e+10 
-0.02 -0.0184 -0.02 -0.02 -0.0184 -0.02 0 0 0 0 0 0 1.04167e+10 1.04167e+10 1.04167e+10 
-0.02 -0.0184 -0.0184 -0.02 -0.0184273 -0.0175924 0 0 0 0 0 0 1.04167e+10 1.04167e+10 1.04167e+10 
0.00739235 0.00332993 0.00809017 0.00451057 0.00687381 0.00482287 0 0 0 0 0 0 3.125e+10 3.125e+10 3.125e+10 
0.00739235 0.00332993 0.00687381 0.00482287 0.00577266 0.00363216 0 0 0 0 0 0 3.125e+10 3.125e+10 3.125e+10 
0.00739235 0.00332993 0.00577266 0.00363216 0.00635046 0.00152845 0 0 0 0 0 0 3.125e+10 3.125e+10 3.125e+10 
-0.00479534 0.0127978 -0.00522858 0.0140592 -0.00638669 0.0135724 0 0 0 0 0 0 2.08333e+10 2.08333e+10 2.08333e+10 
-0.00479534 0.0127978 -0.00638669 0.0135724 -0.00630297 0.0121264 0 0 0 0 0 0 2.08333e+10 2.08333e+10 2.08333e+10 
-0.00479534 0.0127978 -0.00321777 0.0132825 -0.0040338 0.0144474 0 0 0 0 0 0 2.08333e+10 2.08333e+10 2.08333e+10 
-0.00479534 0.0127978 -0.0040338 0.0144474 -0.00522858 0.0140592 0 0 0 0 0 0 2.08333e+10 2.08333e+10 2.08333e+10 
-0.00479534 0.0127978 -0.00349948 0.0111295 -0.00321777 0.0132825 0 0 0 0 0 0 2.08333e+10 2.08333e+10 2.08333e+10 
-0.00479534 0.0127978 -0.00581017 0.010117 -0.00349948 0.0111295 0 0 0 0 0 0 2.08333e+10 2.08333e+10 2.08333e+10 
-0.00479534 0.0127978 -0.00630297 0.0121264 -0.00581017 0.010117 0 0 0 0 0 0 2.08333e+10 2.08333e+10 2.08333e+10 
-0.00941036 -0.00221122 -0.00761321 -0.000903782 -0.00966202 0.000299708 0 0 0 0 0 0 2.08333e+10 2.08333e+10 2.08333e+10 
-0.00941036 -0.00221122 -0.00966202 0.000299708 -0.01166 -0.000394477 0 0 0 0 0 0 2.08333e+10 2.08333e+10 2.08333e+10 
-0.00941036 -0.00221122 -0.01166 -0.000394477 -0.0113026 -0.00289181 0 0 0 0 0 0 2.08333e+10 2.08333e+10 2.08333e+10 
-0.00941036 -0.00221122 -0.00690725 -0.00332682 -0.00761321 -0.000903782 0 0 0 0 0 0 2.08333e+10 2.08333e+10 2.08333e+10 
-0.00941036 -0.00221122 -0.00851741 -0.00457145 -0.00690725 -0.00332682 0 0 0 0 0 0 2.08333e+10 2.08333e+10 2.08333e+10 
-0.00941036 -0.00221122 -0.0113026 -0.00289181 -0.0104167 -0.00525392 0 0 0 0 0 0 2.08333e+10 2.08333e+10 2.08333e+10 
-0.00941036 -0.00221122 -0.0104167 -0.00525392 -0.00851741 -0.00457145 0 0 0 0 0 0 2.08333e+10 2.08333e+10 2.08333e+10 
0.0109345 0.0102682 0.0102657 0.00902186 0.0117554 0.00931722 0 0 0 0 0 0 2.08333e+10 2.08333e+10 2.08333e+10 
0.0109345 0.0102682 0.00910334 0.0101935 0.0102657 0.00902186 0 0 0 0 0 0 2.08333e+10 2.08333e+10 2.08333e+10 
0.0109345 0.0102682 0.010037 0.0111472 0.00910334 0.0101935 0 0 0 0 0 0 2.08333e+10 2.08333e+10 2.08333e+10 
-0.0139466 0.00552187 -0.0127592 0.00489712 -0.0134357 0.00666953 0 0 0 0 0 0 2.08333e+10 2.08333e+10 2.08333e+10 
-0.0139466 0.00552187 -0.0143598 0.00433548 -0.0127592 0.00489712 0 0 0 0 0 0 2.08333e+10 2.08333e+10 2.08333e+10 
-0.00662015 0.00704401 -0.00457145 0.00851741 -0.00581017 0.010117 0 0 0 0 0 0 2.08333e+10 2.08333e+10 2.08333e+10 
-0.00662015 0.00704401 -0.00581017 0.010117 -0.00784918 0.00863143 0 0 0 0 0 0 2.08333e+10 2.08333e+10 2.08333e+10 
-0.00662015 0.00704401 -0.00492065 0.0058792 -0.00457145 0.00851741 0 0 0 0 0 0 2.08333e+10 2.08333e+10 2.08333e+10 
-0.00662015 0.00704401 -0.00784918 0.00863143 -0.00952117 0.00674229 0 0 0 0 0 0 2.08333e+10 2.08333e+10 2.08333e+10 
-0.00662015 0.00704401 -0.00952117 0.00674229 -0.0082177 0.00509056 0 0 0 0 0 0 2.08333e+10 2.08333e+10 2.08333e+10 
-0.0162285 0.00731717 -0.0187568 0.00780532 -0.0166762 0.00456563 0 0 0 0 0 0 1.04167e+10 1.04167e+10 1.04167e+10 
-0.0162285 0.00731717 -0.0174431 0.0101288 -0.0187568 0.00780532 0 0 0 0 0 0 1.04167e+10 1.04167e+10 1.04167e+10 
-0.0162285 0.00731717 -0.0147194 0.00981474 -0.0174431 0.0101288 0 0 0 0 0 0 1.04167e+10 1.04167e+10 1.04167e+10 
-0.0171529 -0.00962903 -0.0164292 -0.0124652 -0.0146889 -0.00972458 0 0 0 0 0 0 1.04167e+10 1.04167e+10 1.04167e+10 
-0.0171529 -0.00962903 -0.0183731 -0.0121929 -0.0164292 -0.0124652 0 0 0 0 0 0 1.04167e+10 1.04167e+10 1.04167e+10 
-0.0171529 -0.00962903 -0.0146889 -0.00972458 -0.0160636 -0.00760221 0 0 0 0 0 0 1.04167e+10 1.04167e+10 1.04167e+10 
-0.0171529 -0.00962903 -0.02 -0.0104 -0.0183731 -0.0121929 0 0 0 0 0 0 1.04167e+10 1.04167e+10 1.04167e+10 
-0.0171529 -0.00962903 -0.0183008 -0.00711937 -0.02 -0.0088 0 0 0 0 0 0 1.04167e+10 1.04167e+10 1.04167e+10 
-0.0171529 -0.00962903 -0.0160636 -0.00760221 -0.0183008 -0.00711937 0 0 0 0 0 0 1.04167e+10 1.04167e+10 1.04167e+10 
-0.0171529 -0.00962903 -0.02 -0.0088 -0.02 -0.0104 0 0 0 0 0 0 1.04167e+10 1.04167e+10 1.04167e+10 
-0.0024 -0.02 -0.00384331 -0.0174883 -0.004 -0.02 0 0 0 0 0 0 1.04167e+10 1.04167e+10 1.04167e+10 
-0.0024 -0.02 -0.000829299 -0.0171358 -0.00384331 -0.0174883 0 0 0 0 0 0 1.04167e+10 1.04167e+10 1.04167e+10 
-0.0024 -0.02 -0.0008 -0.02 -0.000829299 -0.0171358 0 0 0 0 0 0 1.04167e+10 1.04167e+10 1.04167e+10 
0.0104 -0.02 0.0109746 -0.0175867 0.0088 -0.02 0 0 0 0 0 0 1.04167e+10 1.04167e+10 1.04167e+10 
0.0104 -0.02 0.012 -0.02 0.0109746 -0.0175867 0 0 0 0 0 0 1.04167e+10 1.04167e+10 1.04167e+10 
-0.0140665 0.0176528 -0.010978 0.017692 -0.012 0.02 0 0 0 0 0 0 1.04167e+10 1.04167e+10 1.04167e+10 
-0.0140665 0.0176528 -0.012 0.02 -0.0136 0.02 0 0 0 0 0 0 1.04167e+10 1.04167e+10 1.04167e+10 
-0.0140665 0.0176528 -0.0164892 0.0175984 -0.0147713 0.0153401 0 0 0 0 0 0 1.04167e+10 1.04167e+10 1.04167e+10 
-0.0140665 0.0176528 -0.0147713 0.0153401 -0.0121205 0.0147111 0 0 0 0 0 0 1.04167e+10 1.04167e+10 1.04167e+10 
-0.0140665 0.0176528 -0.0121205 0.0147111 -0.010978 0.017692 0 0 0 0 0 0 1.04167e+10 1.04167e+10 1.04167e+10 
-0.0140665 0.0176528 -0.0136 0.02 -0.0152 0.02 0 0 0 0 0 0 1.04167e+10 1.04167e+10 1.04167e+10 
-0.0140665 0.0176528 -0.0152 0.02 -0.0164892 0.0175984 0 0 0 0 0 0 1.04167e+10 1.04167e+10 1.04167e+10 
-0.00656301 0.00396292 -0.00349617 0.00445958 -0.00492065 0.0058792 0 0 0 0 0 0 2.08333e+10 2.08333e+10 2.08333e+10 
-0.00656301 0.00396292 -0.00508488 0.00250101 -0.00349617 0.00445958 0 0 0 0 0 0 2.08333e+10 2.08333e+10 2.08333e+10 
-0.00656301 0.00396292 -0.00749416 0.00161719 -0.00508488 0.00250101 0 0 0 0 0 0 2.08333e+10 2.08333e+10 2.08333e+10 
-0.00656301 0.00396292 -0.00492065 0.0058792 -0.00662015 0.00704401 0 0 0 0 0 0 2.08333e+10 2.08333e+10 2.08333e+10 
-0.00656301 0.00396292 -0.00662015 0.00704401 -0.0082177 0.00509056 0 0 0 0 0 0 2.08333e+10 2.08333e+10 2.08333e+10 
-0.00656301 0.00396292 -0.0082177 0.00509056 -0.00925522 0.00279021 0 0 0 0 0 0 2.08333e+10 2.08333e+10 2.08333e+10 
-0.00656301 0.00396292 -0.00925522 0.00279021 -0.00749416 0.00161719 0 0 0 0 0 0 2.08333e+10 2.08333e+10 2.08333e+10 
-0.0113549 -0.00980131 -0.010495 -0.0107171 -0.0102657 -0.00902186 0 0 0 0 0 0 2.08333e+10 2.08333e+10 2.08333e+10 
-0.0113549 -0.00980131 -0.0102657 -0.00902186 -0.0121353 -0.00881678 0 0 0 0 0 0 2.08333e+10 2.08333e+10 2.08333e+10 
-0.00898719 0.0174135 -0.010978 0.017692 -0.00950399 0.0150225 0 0 0 0 0 0 1.04167e+10 1.04167e+10 1.04167e+10 
-0.00898719 0.0174135 -0.0063863 0.0174423 -0.0072 0.02 0 0 0 0 0 0 1.04167e+10 1.04167e+10 1.04167e+10 
-0.00898719 0.0174135 -0.0072 0.02 -0.0088 0.02 0 0 0 0 0 0 1.04167e+10 1.04167e+10 1.04167e+10 
-0.00898719 0.0174135 -0.0104 0.02 -0.010978 0.017692 0 0 0 0 0 0 1.04167e+10 1.04167e+10 1.04167e+10 
-0.00898719 0.0174135 -0.0088 0.02 -0.0104 0.02 0 0 0 0 0 0 1.04167e+10 1.04167e+10 1.04167e+10 
0.015363 -0.0153823 0.0136441 -0.0123367 0.0125186 -0.01542 0 0 0 0 0 0 1.04167e+10 1.04167e+10 1.04167e+10 
0.015363 -0.0153823 0.0166744 -0.0124224 0.0136441 -0.0123367 0 0 0 0 0 0 1.04167e+10 1.04167e+10 1.04167e+10 
0.015363 -0.0153823 0.017671 -0.0145882 0.0166744 -0.0124224 0 0 0 0 0 0 1.04167e+10 1.04167e+10 1.04167e+10 
0.015363 -0.0153823 0.0167116 -0.0177465 0.017671 -0.0145882 0 0 0 0 0 0 1.04167e+10 1.04167e+10 1.04167e+10 
0.015363 -0.0153823 0.0125186 -0.01542 0.0134511 -0.0178423 0 0 0 0 0 0 1.04167e+10 1.04167e+10 1.04167e+10 
0.015363 -0.0153823 0.0134511 -0.0178423 0.0167116 -0.0177465 0 0 0 0 0 0 1.04167e+10 1.04167e+10 1.04167e+10 
-0.0174726 0.000116438 -0.02 0.0008 -0.02 -0.0008 0 0 0 0 0 0 1.04167e+10 1.04167e+10 1.04167e+10 
-0.0174726 0.000116438 -0.02 -0.0008 -0.018698 -0.00227487 0 0 0 0 0 0 1.04167e+10 1.04167e+10 1.04167e+10 
-0.0174726 0.000116438 -0.0188003 0.00267149 -0.02 0.0008 0 0 0 0 0 0 1.04167e+10 1.04167e+10 1.04167e+10 
0.00412506 0.00362239 0.00390092 0.00157544 0.00577266 0.00363216 0 0 0 0 0 0 3.125e+10 3.125e+10 3.125e+10 
0.00412506 0.00362239 0.00250907 0.00330099 0.00390092 0.00157544 0 0 0 0 0 0 3.125e+10 3.125e+10 3.125e+10 
0.00412506 0.00362239 0.00437209 0.00498027 0.00312619 0.00482287 0 0 0 0 0 0 3.125e+10 3.125e+10 3.125e+10 
0.00412506 0.00362239 0.00312619 0.00482287 0.00250907 0.00330099 0 0 0 0 0 0 3.125e+10 3.125e+10 3.125e+10 
0.00412506 0.00362239 0.00577266 0.00363216 0.00437209 0.00498027 0 0 0 0 0 0 3.125e+10 3.125e+10 3.125e+10 
0.00892556 0.00272665 0.00925779 0.00404827 0.00809017 0.00451057 0 0 0 0 0 0 3.125e+10 3.125e+10 3.125e+10 
0.00892556 0.00272665 0.00809017 0.00451057 0.00739235 0.00332993 0 0 0 0 0 0 3.125e+10 3.125e+10 3.125e+10 
0.00892556 0.00272665 0.0103169 0.0018441 0.0103583 0.00344328 0 0 0 0 0 0 3.125e+10 3.125e+10 3.125e+10 
0.00892556 0.00272665 0.0103583 0.00344328 0.00925779 0.00404827 0 0 0 0 0 0 3.125e+10 3.125e+10 3.125e+10 
0.00892556 0.00272665 0.00635046 0.00152845 0.00861762 0.000599759 0 0 0 0 0 0 3.125e+10 3.125e+10 3.125e+10 
0.00892556 0.00272665 0.00739235 0.00332993 0.00635046 0.00152845 0 0 0 0 0 0 3.125e+10 3.125e+10 3.125e+10 
0.00892556 0.00272665 0.00861762 0.000599759 0.0103169 0.0018441 0 0 0 0 0 0 3.125e+10 3.125e+10 3.125e+10 
-0.00578567 -0.00887701 -0.00429776 -0.00868125 -0.00468583 -0.0074869 0 0 0 0 0 0 2.08333e+10 2.08333e+10 2.08333e+10 
-0.00578567 -0.00887701 -0.00704401 -0.00662015 -0.00724787 -0.00914219 0 0 0 0 0 0 2.08333e+10 2.08333e+10 2.08333e+10 
-0.00578567 -0.00887701 -0.00468583 -0.0074869 -0.00704401 -0.00662015 0 0 0 0 0 0 2.08333e+10 2.08333e+10 2.08333e+10 
-0.00578567 -0.00887701 -0.00376307 -0.00981754 -0.00429776 -0.00868125 0 0 0 0 0 0 2.08333e+10 2.08333e+10 2.08333e+10 
0.0155041 -0.00553166 0.0145287 -0.00373035 0.0141656 -0.004933 0 0 0 0 0 0 1.04167e+10 1.04167e+10 1.04167e+10 
0.0155041 -0.00553166 0.0159193 -0.00781946 0.018064 -0.00535031 0 0 0 0 0 0 1.04167e+10 1.04167e+10 1.04167e+10 
0.0155041 -0.00553166 0.0141656 -0.004933 0.0137032 -0.00610105 0 0 0 0 0 0 1.04167e+10 1.04167e+10 1.04167e+10 
-0.0164607 0.000139872 -0.0149868 -0.000628135 -0.0149868 0.000628135 0 0 0 0 0 0 1.04167e+10 1.04167e+10 1.04167e+10 
-0.00778807 0.0145025 -0.0075 0.0129904 -0.00638669 0.0135724 0 0 0 0 0 0 1.04167e+10 1.04167e+10 1.04167e+10 
-0.00778807 0.0145025 -0.00898719 0.0174135 -0.00950399 0.0150225 0 0 0 0 0 0 1.04167e+10 1.04167e+10 1.04167e+10 
-0.00778807 0.0145025 -0.0063863 0.0174423 -0.00898719 0.0174135 0 0 0 0 0 0 1.04167e+10 1.04167e+10 1.04167e+10 
0.0106655 -0.00833918 0.0109345 -0.0102682 0.0117554 -0.00931722 0 0 0 0 0 0 3.125e+10 3.125e+10 3.125e+10 
0.0106655 -0.00833918 0.0117554 -0.00931722 0.0124938 -0.00830087 0 0 0 0 0 0 3.125e+10 3.125e+10 3.125e+10 
0.0106655 -0.00833918 0.00964646 -0.00543385 0.00880702 -0.00769895 0 0 0 0 0 0 3.125e+10 3.125e+10 3.125e+10 
-0.00485703 -0.0108482 -0.00309017 -0.0108779 -0.00376307 -0.00981754 0 0 0 0 0 0 2.08333e+10 2.08333e+10 2.08333e+10 
-0.00485703 -0.0108482 -0.00639936 -0.0120758 -0.00489712 -0.0127592 0 0 0 0 0 0 2.08333e+10 2.08333e+10 2.08333e+10 
-0.00485703 -0.0108482 -0.00780828 -0.0112164 -0.00639936 -0.0120758 0 0 0 0 0 0 2.08333e+10 2.08333e+10 2.08333e+10 
-0.00485703 -0.0108482 -0.00724787 -0.00914219 -0.00780828 -0.0112164 0 0 0 0 0 0 2.08333e+10 2.08333e+10 2.08333e+10 
-0.00485703 -0.0108482 -0.00376307 -0.00981754 -0.00578567 -0.00887701 0 0 0 0 0 0 2.08333e+10 2.08333e+10 2.08333e+10 
-0.00485703 -0.0108482 -0.00578567 -0.00887701 -0.00724787 -0.00914219 0 0 0 0 0 0 2.08333e+10 2.08333e+10 2.08333e+10 
0.00873933 -0.0139499 0.00845758 -0.0172338 0.0107415 -0.0151322 0 0 0 0 0 0 1.04167e+10 1.04167e+10 1.04167e+10 
0.00873933 -0.0139499 0.0080374 -0.0126649 0.00694944 -0.0132931 0 0 0 0 0 0 1.04167e+10 1.04167e+10 1.04167e+10 
0.00873933 -0.0139499 0.00906899 -0.0119479 0.0080374 -0.0126649 0 0 0 0 0 0 1.04167e+10 1.04167e+10 1.04167e+10 
0.00918973 -0.00994206 0.00880702 -0.00769895 0.0069475 -0.00924087 0 0 0 0 0 0 3.125e+10 3.125e+10 3.125e+10 
0.00918973 -0.00994206 0.0106655 -0.00833918 0.00880702 -0.00769895 0 0 0 0 0 0 3.125e+10 3.125e+10 3.125e+10 
0.00918973 -0.00994206 0.010037 -0.0111472 0.0109345 -0.0102682 0 0 0 0 0 0 3.125e+10 3.125e+10 3.125e+10 
0.00918973 -0.00994206 0.0109345 -0.0102682 0.0106655 -0.00833918 0 0 0 0 0 0 3.125e+10 3.125e+10 3.125e+10 
0.00918973 -0.00994206 0.00906899 -0.0119479 0.010037 -0.0111472 0 0 0 0 0 0 3.125e+10 3.125e+10 3.125e+10 
0.0164146 -0.00123901 0.0186252 -0.002735 0.0180066 -0.000401744 0 0 0 0 0 0 1.04167e+10 1.04167e+10 1.04167e+10 
0.0164146 -0.00123901 0.0149474 -0.00125517 0.0147899 -0.00250153 0 0 0 0 0 0 1.04167e+10 1.04167e+10 1.04167e+10 
0.0164146 -0.00123901 0.015 0 0.0149474 -0.00125517 0 0 0 0 0 0 1.04167e+10 1.04167e+10 1.04167e+10 
-0.0152092 -0.00629732 -0.0134357 -0.00666953 -0.0139466 -0.00552187 0 0 0 0 0 0 1.04167e+10 1.04167e+10 1.04167e+10 
-0.0152092 -0.00629732 -0.0139466 -0.00552187 -0.0143598 -0.00433548 0 0 0 0 0 0 1.04167e+10 1.04167e+10 1.04167e+10 
-0.0152092 -0.00629732 -0.0174763 -0.00525843 -0.0160636 -0.00760221 0 0 0 0 0 0 1.04167e+10 1.04167e+10 1.04167e+10 
-0.00645401 -0.00459066 -0.005 -0.005 -0.00492115 -0.00374667 0 0 0 0 0 0 2.08333e+10 2.08333e+10 2.08333e+10 
-0.00645401 -0.00459066 -0.00492115 -0.00374667 -0.00690725 -0.00332682 0 0 0 0 0 0 2.08333e+10 2.08333e+10 2.08333e+10 
-0.00645401 -0.00459066 -0.00492115 -0.00625333 -0.005 -0.005 0 0 0 0 0 0 2.08333e+10 2.08333e+10 2.08333e+10 
-0.00645401 -0.00459066 -0.00704401 -0.00662015 -0.00492115 -0.00625333 0 0 0 0 0 0 2.08333e+10 2.08333e+10 2.08333e+10 
-0.00645401 -0.00459066 -0.00851741 -0.00457145 -0.00704401 -0.00662015 0 0 0 0 0 0 2.08333e+10 2.08333e+10 2.08333e+10 
-0.00645401 -0.00459066 -0.00690725 -0.00332682 -0.00851741 -0.00457145 0 0 0 0 0 0 2.08333e+10 2.08333e+10 2.08333e+10 
0.0146284 -0.00754879 0.0137032 -0.00610105 0.0131446 -0.00722631 0 0 0 0 0 0 1.04167e+10 1.04167e+10 1.04167e+10 
0.0146284 -0.00754879 0.0150528 -0.0103272 0.0159193 -0.00781946 0 0 0 0 0 0 1.04167e+10 1.04167e+10 1.04167e+10 
0.0146284 -0.00754879 0.0159193 -0.00781946 0.0155041 -0.00553166 0 0 0 0 0 0 1.04167e+10 1.04167e+10 1.04167e+10 
0.0146284 -0.00754879 0.0155041 -0.00553166 0.0137032 -0.00610105 0 0 0 0 0 0 1.04167e+10 1.04167e+10 1.04167e+10 
-0.0159128 -0.00421395 -0.018698 -0.00227487 -0.0174763 -0.00525843 0 0 0 0 0 0 1.04167e+10 1.04167e+10 1.04167e+10 
-0.0159128 -0.00421395 -0.0143598 -0.00433548 -0.0146722 -0.00311868 0 0 0 0 0 0 1.04167e+10 1.04167e+10 1.04167e+10 
-0.0159128 -0.00421395 -0.0152092 -0.00629732 -0.0143598 -0.00433548 0 0 0 0 0 0 1.04167e+10 1.04167e+10 1.04167e+10 
-0.0159128 -0.00421395 -0.0174763 -0.00525843 -0.0152092 -0.00629732 0 0 0 0 0 0 1.04167e+10 1.04167e+10 1.04167e+10 
0.000689828 0.0164469 -0.000314136 0.0149967 0.000941858 0.0149704 0 0 0 0 0 0 1.04167e+10 1.04167e+10 1.04167e+10 
0.000689828 0.0164469 0.00132347 0.0170753 -0.00119626 0.0171979 0 0 0 0 0 0 1.04167e+10 1.04167e+10 1.04167e+10 
0.000689828 0.0164469 -0.00119626 0.0171979 -0.000314136 0.0149967 0 0 0 0 0 0 1.04167e+10 1.04167e+10 1.04167e+10 
0.000689828 0.0164469 0.000941858 0.0149704 0.00219125 0.0148391 0 0 0 0 0 0 1.04167e+10 1.04167e+10 1.04167e+10 
0.0147546 0.00729912 0.0163703 0.00728904 0.0158242 0.00985846 0 0 0 0 0 0 1.04167e+10 1.04167e+10 1.04167e+10 
0.0147546 0.00729912 0.0131446 0.00722631 0.0137032 0.00610105 0 0 0 0 0 0 1.04167e+10 1.04167e+10 1.04167e+10 
-0.00367987 0.0160447 -0.0040338 0.0144474 -0.00281072 0.0147343 0 0 0 0 0 0 1.04167e+10 1.04167e+10 1.04167e+10 
-0.00367987 0.0160447 -0.00156793 0.0149178 -0.00119626 0.0171979 0 0 0 0 0 0 1.04167e+10 1.04167e+10 1.04167e+10 
-0.00367987 0.0160447 -0.00281072 0.0147343 -0.00156793 0.0149178 0 0 0 0 0 0 1.04167e+10 1.04167e+10 1.04167e+10 
-0.00367987 0.0160447 -0.00119626 0.0171979 -0.00396038 0.0174 0 0 0 0 0 0 1.04167e+10 1.04167e+10 1.04167e+10 
0.0050105 0.0156802 0.00610473 0.0177077 0.00367019 0.0173969 0 0 0 0 0 0 1.04167e+10 1.04167e+10 1.04167e+10 
0.0050105 0.0156802 0.00463525 0.0142658 0.00581273 0.0138279 0 0 0 0 0 0 1.04167e+10 1.04167e+10 1.04167e+10 
0.0050105 0.0156802 0.00342526 0.0146037 0.00463525 0.0142658 0 0 0 0 0 0 1.04167e+10 1.04167e+10 1.04167e+10 
0.0050105 0.0156802 0.00581273 0.0138279 0.00777504 0.015331 0 0 0 0 0 0 1.04167e+10 1.04167e+10 1.04167e+10 
0.0050105 0.0156802 0.00777504 0.015331 0.00610473 0.0177077 0 0 0 0 0 0 1.04167e+10 1.04167e+10 1.04167e+10 
-0.00965157 0.013335 -0.00956136 0.0115577 -0.0085607 0.0123172 0 0 0 0 0 0 1.04167e+10 1.04167e+10 1.04167e+10 
-0.00965157 0.013335 -0.00950399 0.0150225 -0.0121205 0.0147111 0 0 0 0 0 0 1.04167e+10 1.04167e+10 1.04167e+10 
-0.00965157 0.013335 -0.00778807 0.0145025 -0.00950399 0.0150225 0 0 0 0 0 0 1.04167e+10 1.04167e+10 1.04167e+10 
-0.00965157 0.013335 -0.0085607 0.0123172 -0.0075 0.0129904 0 0 0 0 0 0 1.04167e+10 1.04167e+10 1.04167e+10 
-0.00965157 0.013335 -0.0075 0.0129904 -0.00778807 0.0145025 0 0 0 0 0 0 1.04167e+10 1.04167e+10 1.04167e+10 
0.00897513 0.0137994 0.0102637 0.0152755 0.00777504 0.015331 0 0 0 0 0 0 1.04167e+10 1.04167e+10 1.04167e+10 
0.00897513 0.0137994 0.00777504 0.015331 0.00694944 0.0132931 0 0 0 0 0 0 1.04167e+10 1.04167e+10 1.04167e+10 
0.00897513 0.0137994 0.00694944 0.0132931 0.0080374 0.0126649 0 0 0 0 0 0 1.04167e+10 1.04167e+10 1.04167e+10 
0.00897513 0.0137994 0.0080374 0.0126649 0.00906899 0.0119479 0 0 0 0 0 0 1.04167e+10 1.04167e+10 1.04167e+10 
0.00897513 0.0137994 0.011238 0.0127458 0.0102637 0.0152755 0 0 0 0 0 0 1.04167e+10 1.04167e+10 1.04167e+10 
0.00897513 0.0137994 0.00906899 0.0119479 0.011238 0.0127458 0 0 0 0 0 0 1.04167e+10 1.04167e+10 1.04167e+10 
0.0121143 -0.0111453 0.0117554 -0.00931722 0.0109345 -0.0102682 0 0 0 0 0 0 1.04167e+10 1.04167e+10 1.04167e+10 
0.0121143 -0.0111453 0.0109345 -0.0102682 0.010037 -0.0111472 0 0 0 0 0 0 1.04167e+10 1.04167e+10 1.04167e+10 
0.00913306 0.00569017 0.00809017 0.00451057 0.00925779 0.00404827 0 0 0 0 0 0 2.08333e+10 2.08333e+10 2.08333e+10 
0.00913306 0.00569017 0.00704401 0.00662015 0.00809017 0.00451057 0 0 0 0 0 0 2.08333e+10 2.08333e+10 2.08333e+10 
0.00913306 0.00569017 0.00819382 0.00830496 0.00704401 0.00662015 0 0 0 0 0 0 2.08333e+10 2.08333e+10 2.08333e+10 
0.00913306 0.00569017 0.00978758 0.00634937 0.00819382 0.00830496 0 0 0 0 0 0 2.08333e+10 2.08333e+10 2.08333e+10 
0.00747591 -0.0112875 0.00694944 -0.0132931 0.0080374 -0.0126649 0 0 0 0 0 0 3.125e+10 3.125e+10 3.125e+10 
0.00747591 -0.0112875 0.0069475 -0.00924087 0.00487213 -0.0116654 0 0 0 0 0 0 3.125e+10 3.125e+10 3.125e+10 
0.00747591 -0.0112875 0.0080374 -0.0126649 0.00906899 -0.0119479 0 0 0 0 0 0 3.125e+10 3.125e+10 3.125e+10 
0.00747591 -0.0112875 0.00918973 -0.00994206 0.0069475 -0.00924087 0 0 0 0 0 0 3.125e+10 3.125e+10 3.125e+10 
0.00747591 -0.0112875 0.00906899 -0.0119479 0.00918973 -0.00994206 0 0 0 0 0 0 3.125e+10 3.125e+10 3.125e+10 
-0.00803339 -0.014368 -0.0075 -0.0129904 -0.0085607 -0.0123172 0 0 0 0 0 0 1.04167e+10 1.04167e+10 1.04167e+10 
-0.00803339 -0.014368 -0.00638669 -0.0135724 -0.0075 -0.0129904 0 0 0 0 0 0 1.04167e+10 1.04167e+10 1.04167e+10 
-0.00803339 -0.014368 -0.00978155 -0.0147626 -0.00891945 -0.0174528 0 0 0 0 0 0 1.04167e+10 1.04167e+10 1.04167e+10 
-0.0151 0.00655487 -0.0166762 0.00456563 -0.0143598 0.00433548 0 0 0 0 0 0 1.04167e+10 1.04167e+10 1.04167e+10 
-0.0151 0.00655487 -0.0143598 0.00433548 -0.0139466 0.00552187 0 0 0 0 0 0 1.04167e+10 1.04167e+10 1.04167e+10 
-0.0151 0.00655487 -0.0139466 0.00552187 -0.0134357 0.00666953 0 0 0 0 0 0 1.04167e+10 1.04167e+10 1.04167e+10 
-0.0151 0.00655487 -0.0162285 0.00731717 -0.0166762 0.00456563 0 0 0 0 0 0 1.04167e+10 1.04167e+10 1.04167e+10 
0.00486387 0.00646052 0.00704401 0.00662015 0.00509056 0.0082177 0 0 0 0 0 0 2.08333e+10 2.08333e+10 2.08333e+10 
0.00486387 0.00646052 0.00562791 0.00498027 0.00704401 0.00662015 0 0 0 0 0 0 2.08333e+10 2.08333e+10 2.08333e+10 
0.00486387 0.00646052 0.00509056 0.0082177 0.00223053 0.00733502 0 0 0 0 0 0 2.08333e+10 2.08333e+10 2.08333e+10 
0.00486387 0.00646052 0.00437209 0.00498027 0.00562791 0.00498027 0 0 0 0 0 0 2.08333e+10 2.08333e+10 2.08333e+10 
0.016103 -0.00341582 0.018064 -0.00535031 0.0186252 -0.002735 0 0 0 0 0 0 1.04167e+10 1.04167e+10 1.04167e+10 
0.016103 -0.00341582 0.0145287 -0.00373035 0.0155041 -0.00553166 0 0 0 0 0 0 1.04167e+10 1.04167e+10 1.04167e+10 
0.016103 -0.00341582 0.0155041 -0.00553166 0.018064 -0.00535031 0 0 0 0 0 0 1.04167e+10 1.04167e+10 1.04167e+10 
0.016103 -0.00341582 0.0147899 -0.00250153 0.0145287 -0.00373035 0 0 0 0 0 0 1.04167e+10 1.04167e+10 1.04167e+10 
0.016103 -0.00341582 0.0186252 -0.002735 0.0164146 -0.00123901 0 0 0 0 0 0 1.04167e+10 1.04167e+10 1.04167e+10 
0.016103 -0.00341582 0.0164146 -0.00123901 0.0147899 -0.00250153 0 0 0 0 0 0 1.04167e+10 1.04167e+10 1.04167e+10 
-0.00395199 -0.0159799 -0.00624478 -0.0173872 -0.00384331 -0.0174883 0 0 0 0 0 0 1.04167e+10 1.04167e+10 1.04167e+10 
-0.00395199 -0.0159799 -0.00281072 -0.0147343 -0.0040338 -0.0144474 0 0 0 0 0 0 1.04167e+10 1.04167e+10 1.04167e+10 
0.0110815 0.0047148 0.0127978 0.00479534 0.0121264 0.00630297 0 0 0 0 0 0 2.08333e+10 2.08333e+10 2.08333e+10 
0.0110815 0.0047148 0.0121264 0.00630297 0.00978758 0.00634937 0 0 0 0 0 0 2.08333e+10 2.08333e+10 2.08333e+10 
0.0110815 0.0047148 0.0103583 0.00344328 0.0113742 0.00270513 0 0 0 0 0 0 2.08333e+10 2.08333e+10 2.08333e+10 
0.0110815 0.0047148 0.00978758 0.00634937 0.00913306 0.00569017 0 0 0 0 0 0 2.08333e+10 2.08333e+10 2.08333e+10 
0.0110815 0.0047148 0.00925779 0.00404827 0.0103583 0.00344328 0 0 0 0 0 0 2.08333e+10 2.08333e+10 2.08333e+10 
0.0110815 0.0047148 0.00913306 0.00569017 0.00925779 0.00404827 0 0 0 0 0 0 2.08333e+10 2.08333e+10 2.08333e+10 
-0.00604664 -0.0153106 -0.0040338 -0.0144474 -0.00522858 -0.0140592 0 0 0 0 0 0 1.04167e+10 1.04167e+10 1.04167e+10 
-0.00604664 -0.0153106 -0.00395199 -0.0159799 -0.0040338 -0.0144474 0 0 0 0 0 0 1.04167e+10 1.04167e+10 1.04167e+10 
-0.00604664 -0.0153106 -0.00624478 -0.0173872 -0.00395199 -0.0159799 0 0 0 0 0 0 1.04167e+10 1.04167e+10 1.04167e+10 
-0.00604664 -0.0153106 -0.00522858 -0.0140592 -0.00638669 -0.0135724 0 0 0 0 0 0 1.04167e+10 1.04167e+10 1.04167e+10 
-0.00604664 -0.0153106 -0.00638669 -0.0135724 -0.00803339 -0.014368 0 0 0 0 0 0 1.04167e+10 1.04167e+10 1.04167e+10 
-0.00604664 -0.0153106 -0.00891945 -0.0174528 -0.00624478 -0.0173872 0 0 0 0 0 0 1.04167e+10 1.04167e+10 1.04167e+10 
-0.00604664 -0.0153106 -0.00803339 -0.014368 -0.00891945 -0.0174528 0 0 0 0 0 0 1.04167e+10 1.04167e+10 1.04167e+10 
0.0133193 -0.00242745 0.0145287 -0.00373035 0.0147899 -0.00250153 0 0 0 0 0 0 3.125e+10 3.125e+10 3.125e+10 
0.0133193 -0.00242745 0.0124797 -0.000622253 0.011446 -0.0032989 0 0 0 0 0 0 3.125e+10 3.125e+10 3.125e+10 
0.0133193 -0.00242745 0.0147899 -0.00250153 0.0149474 -0.00125517 0 0 0 0 0 0 3.125e+10 3.125e+10 3.125e+10 
0.0133193 -0.00242745 0.0149474 -0.00125517 0.0137631 -0.000182463 0 0 0 0 0 0 3.125e+10 3.125e+10 3.125e+10 
0.0133193 -0.00242745 0.0137631 -0.000182463 0.0124797 -0.000622253 0 0 0 0 0 0 3.125e+10 3.125e+10 3.125e+10 
0.0155958 0.0052674 0.0141656 0.004933 0.0145287 0.00373035 0 0 0 0 0 0 1.04167e+10 1.04167e+10 1.04167e+10 
0.0155958 0.0052674 0.018219 0.00499335 0.0163703 0.00728904 0 0 0 0 0 0 1.04167e+10 1.04167e+10 1.04167e+10 
0.0155958 0.0052674 0.0163703 0.00728904 0.0147546 0.00729912 0 0 0 0 0 0 1.04167e+10 1.04167e+10 1.04167e+10 
0.0155958 0.0052674 0.0137032 0.00610105 0.0141656 0.004933 0 0 0 0 0 0 1.04167e+10 1.04167e+10 1.04167e+10 
0.0155958 0.0052674 0.0147546 0.00729912 0.0137032 0.00610105 0 0 0 0 0 0 1.04167e+10 1.04167e+10 1.04167e+10 
-0.0130051 -0.0100918 -0.0113549 -0.00980131 -0.0121353 -0.00881678 0 0 0 0 0 0 1.04167e+10 1.04167e+10 1.04167e+10 
-0.0130051 -0.0100918 -0.0146889 -0.00972458 -0.0138342 -0.0122723 0 0 0 0 0 0 1.04167e+10 1.04167e+10 1.04167e+10 
-0.00441443 0.00153686 -0.00566647 4.70864e-05 -0.00376307 -0.000182463 0 0 0 0 0 0 2.08333e+10 2.08333e+10 2.08333e+10 
-0.00441443 0.00153686 -0.00376307 -0.000182463 -0.00309017 0.000877853 0 0 0 0 0 0 2.08333e+10 2.08333e+10 2.08333e+10 
-0.00441443 0.00153686 -0.00508488 0.00250101 -0.00566647 4.70864e-05 0 0 0 0 0 0 2.08333e+10 2.08333e+10 2.08333e+10 
-0.00441443 0.00153686 -0.00309017 0.000877853 -0.00228969 0.00184547 0 0 0 0 0 0 2.08333e+10 2.08333e+10 2.08333e+10 
-0.00578559 0.0154111 -0.0063863 0.0174423 -0.00778807 0.0145025 0 0 0 0 0 0 1.04167e+10 1.04167e+10 1.04167e+10 
-0.00578559 0.0154111 -0.00638669 0.0135724 -0.00522858 0.0140592 0 0 0 0 0 0 1.04167e+10 1.04167e+10 1.04167e+10 
-0.00578559 0.0154111 -0.00778807 0.0145025 -0.00638669 0.0135724 0 0 0 0 0 0 1.04167e+10 1.04167e+10 1.04167e+10 
-0.00578559 0.0154111 -0.00396038 0.0174 -0.0063863 0.0174423 0 0 0 0 0 0 1.04167e+10 1.04167e+10 1.04167e+10 
-0.00578559 0.0154111 -0.00367987 0.0160447 -0.00396038 0.0174 0 0 0 0 0 0 1.04167e+10 1.04167e+10 1.04167e+10 
-0.00578559 0.0154111 -0.00522858 0.0140592 -0.0040338 0.0144474 0 0 0 0 0 0 1.04167e+10 1.04167e+10 1.04167e+10 
-0.00578559 0.0154111 -0.0040338 0.0144474 -0.00367987 0.0160447 0 0 0 0 0 0 1.04167e+10 1.04167e+10 1.04167e+10 
-0.00987678 -0.0131691 -0.0121056 -0.0145863 -0.00978155 -0.0147626 0 0 0 0 0 0 1.04167e+10 1.04167e+10 1.04167e+10 
-0.00987678 -0.0131691 -0.0085607 -0.0123172 -0.00956136 -0.0115577 0 0 0 0 0 0 1.04167e+10 1.04167e+10 1.04167e+10 
-0.00987678 -0.0131691 -0.00803339 -0.014368 -0.0085607 -0.0123172 0 0 0 0 0 0 1.04167e+10 1.04167e+10 1.04167e+10 
-0.00987678 -0.0131691 -0.00978155 -0.0147626 -0.00803339 -0.014368 0 0 0 0 0 0 1.04167e+10 1.04167e+10 1.04167e+10 
0.0127574 -0.00453258 0.0137032 -0.00610105 0.0141656 -0.004933 0 0 0 0 0 0 3.125e+10 3.125e+10 3.125e+10 
0.0127574 -0.00453258 0.0133193 -0.00242745 0.011446 -0.0032989 0 0 0 0 0 0 3.125e+10 3.125e+10 3.125e+10 
0.0127574 -0.00453258 0.0141656 -0.004933 0.0145287 -0.00373035 0 0 0 0 0 0 3.125e+10 3.125e+10 3.125e+10 
0.0127574 -0.00453258 0.0145287 -0.00373035 0.0133193 -0.00242745 0 0 0 0 0 0 3.125e+10 3.125e+10 3.125e+10 
0.0127574 -0.00453258 0.011446 -0.0032989 0.00964646 -0.00543385 0 0 0 0 0 0 3.125e+10 3.125e+10 3.125e+10 
0.0128101 0.00338831 0.0141656 0.004933 0.0127978 0.00479534 0 0 0 0 0 0 2.08333e+10 2.08333e+10 2.08333e+10 
0.0128101 0.00338831 0.0145287 0.00373035 0.0141656 0.004933 0 0 0 0 0 0 2.08333e+10 2.08333e+10 2.08333e+10 
0.0128101 0.00338831 0.0113742 0.00270513 0.0122897 0.00184547 0 0 0 0 0 0 2.08333e+10 2.08333e+10 2.08333e+10 
0.0128101 0.00338831 0.0122897 0.00184547 0.0147899 0.00250153 0 0 0 0 0 0 2.08333e+10 2.08333e+10 2.08333e+10 
0.0128101 0.00338831 0.0147899 0.00250153 0.0145287 0.00373035 0 0 0 0 0 0 2.08333e+10 2.08333e+10 2.08333e+10 
0.0128101 0.00338831 0.0127978 0.00479534 0.0110815 0.0047148 0 0 0 0 0 0 2.08333e+10 2.08333e+10 2.08333e+10 
0.0128101 0.00338831 0.0110815 0.0047148 0.0113742 0.00270513 0 0 0 0 0 0 2.08333e+10 2.08333e+10 2.08333e+10 
-0.0142341 -0.00826832 -0.0160636 -0.00760221 -0.0146889 -0.00972458 0 0 0 0 0 0 1.04167e+10 1.04167e+10 1.04167e+10 
-0.0142341 -0.00826832 -0.0121353 -0.00881678 -0.0128305 -0.00777041 0 0 0 0 0 0 1.04167e+10 1.04167e+10 1.04167e+10 
-0.0142341 -0.00826832 -0.0130051 -0.0100918 -0.0121353 -0.00881678 0 0 0 0 0 0 1.04167e+10 1.04167e+10 1.04167e+10 
-0.0142341 -0.00826832 -0.0146889 -0.00972458 -0.0130051 -0.0100918 0 0 0 0 0 0 1.04167e+10 1.04167e+10 1.04167e+10 
-0.0142341 -0.00826832 -0.0128305 -0.00777041 -0.0134357 -0.00666953 0 0 0 0 0 0 1.04167e+10 1.04167e+10 1.04167e+10 
-0.0142341 -0.00826832 -0.0134357 -0.00666953 -0.0152092 -0.00629732 0 0 0 0 0 0 1.04167e+10 1.04167e+10 1.04167e+10 
-0.0142341 -0.00826832 -0.0152092 -0.00629732 -0.0160636 -0.00760221 0 0 0 0 0 0 1.04167e+10 1.04167e+10 1.04167e+10 
-0.00178682 -0.0163641 -0.000829299 -0.0171358 -0.000314136 -0.0149967 0 0 0 0 0 0 1.04167e+10 1.04167e+10 1.04167e+10 
-0.00178682 -0.0163641 -0.000314136 -0.0149967 -0.00156793 -0.0149178 0 0 0 0 0 0 1.04167e+10 1.04167e+10 1.04167e+10 
-0.00178682 -0.0163641 -0.00156793 -0.0149178 -0.00281072 -0.0147343 0 0 0 0 0 0 1.04167e+10 1.04167e+10 1.04167e+10 
-0.00178682 -0.0163641 -0.00281072 -0.0147343 -0.00395199 -0.0159799 0 0 0 0 0 0 1.04167e+10 1.04167e+10 1.04167e+10 
-0.00178682 -0.0163641 -0.00384331 -0.0174883 -0.000829299 -0.0171358 0 0 0 0 0 0 1.04167e+10 1.04167e+10 1.04167e+10 
-0.00178682 -0.0163641 -0.00395199 -0.0159799 -0.00384331 -0.0174883 0 0 0 0 0 0 1.04167e+10 1.04167e+10 1.04167e+10 
0.00556846 -0.0123405 0.00581273 -0.0138279 0.00694944 -0.0132931 0 0 0 0 0 0 3.125e+10 3.125e+10 3.125e+10 
0.00556846 -0.0123405 0.00694944 -0.0132931 0.00747591 -0.0112875 0 0 0 0 0 0 3.125e+10 3.125e+10 3.125e+10 
0.00556846 -0.0123405 0.00747591 -0.0112875 0.00487213 -0.0116654 0 0 0 0 0 0 3.125e+10 3.125e+10 3.125e+10 
0.00556846 -0.0123405 0.00463525 -0.0142658 0.00581273 -0.0138279 0 0 0 0 0 0 3.125e+10 3.125e+10 3.125e+10 
-0.0115439 -0.0117351 -0.0130051 -0.0100918 -0.0138342 -0.0122723 0 0 0 0 0 0 1.04167e+10 1.04167e+10 1.04167e+10 
-0.0115439 -0.0117351 -0.0138342 -0.0122723 -0.0121056 -0.0145863 0 0 0 0 0 0 1.04167e+10 1.04167e+10 1.04167e+10 
-0.0115439 -0.0117351 -0.0121056 -0.0145863 -0.00987678 -0.0131691 0 0 0 0 0 0 1.04167e+10 1.04167e+10 1.04167e+10 
-0.0115439 -0.0117351 -0.00956136 -0.0115577 -0.010495 -0.0107171 0 0 0 0 0 0 1.04167e+10 1.04167e+10 1.04167e+10 
-0.0115439 -0.0117351 -0.00987678 -0.0131691 -0.00956136 -0.0115577 0 0 0 0 0 0 1.04167e+10 1.04167e+10 1.04167e+10 
-0.0115439 -0.0117351 -0.010495 -0.0107171 -0.0113549 -0.00980131 0 0 0 0 0 0 1.04167e+10 1.04167e+10 1.04167e+10 
-0.0115439 -0.0117351 -0.0113549 -0.00980131 -0.0130051 -0.0100918 0 0 0 0 0 0 1.04167e+10 1.04167e+10 1.04167e+10 
-0.00300718 0.00320042 -0.00228969 0.00184547 -0.00137424 0.00270513 0 0 0 0 0 0 2.08333e+10 2.08333e+10 2.08333e+10 
-0.00300718 0.00320042 -0.00441443 0.00153686 -0.00228969 0.00184547 0 0 0 0 0 0 2.08333e+10 2.08333e+10 2.08333e+10 
-0.00300718 0.00320042 -0.00349617 0.00445958 -0.00508488 0.00250101 0 0 0 0 0 0 2.08333e+10 2.08333e+10 2.08333e+10 
-0.00300718 0.00320042 -0.00508488 0.00250101 -0.00441443 0.00153686 0 0 0 0 0 0 2.08333e+10 2.08333e+10 2.08333e+10 
-0.0163325 -0.00205538 -0.0146722 -0.00311868 -0.0148817 -0.00188 0 0 0 0 0 0 1.04167e+10 1.04167e+10 1.04167e+10 
-0.0163325 -0.00205538 -0.0159128 -0.00421395 -0.0146722 -0.00311868 0 0 0 0 0 0 1.04167e+10 1.04167e+10 1.04167e+10 
-0.0163325 -0.00205538 -0.018698 -0.00227487 -0.0159128 -0.00421395 0 0 0 0 0 0 1.04167e+10 1.04167e+10 1.04167e+10 
-0.0163325 -0.00205538 -0.0174726 0.000116438 -0.018698 -0.00227487 0 0 0 0 0 0 1.04167e+10 1.04167e+10 1.04167e+10 
-0.0163325 -0.00205538 -0.0164607 0.000139872 -0.0174726 0.000116438 0 0 0 0 0 0 1.04167e+10 1.04167e+10 1.04167e+10 
-0.0163325 -0.00205538 -0.0148817 -0.00188 -0.0149868 -0.000628135 0 0 0 0 0 0 1.04167e+10 1.04167e+10 1.04167e+10 
-0.0163325 -0.00205538 -0.0149868 -0.000628135 -0.0164607 0.000139872 0 0 0 0 0 0 1.04167e+10 1.04167e+10 1.04167e+10 
0.0161587 0.00314168 0.0186259 0.00222853 0.018219 0.00499335 0 0 0 0 0 0 1.04167e+10 1.04167e+10 1.04167e+10 
0.0161587 0.00314168 0.018219 0.00499335 0.0155958 0.0052674 0 0 0 0 0 0 1.04167e+10 1.04167e+10 1.04167e+10 
0.0161587 0.00314168 0.0155958 0.0052674 0.0145287 0.00373035 0 0 0 0 0 0 1.04167e+10 1.04167e+10 1.04167e+10 
0.0161587 0.00314168 0.0145287 0.00373035 0.0147899 0.00250153 0 0 0 0 0 0 1.04167e+10 1.04167e+10 1.04167e+10 
0.0161587 0.00314168 0.0147899 0.00250153 0.0149474 0.00125517 0 0 0 0 0 0 1.04167e+10 1.04167e+10 1.04167e+10 
0.012302 0.0109379 0.0109345 0.0102682 0.0117554 0.00931722 0 0 0 0 0 0 1.04167e+10 1.04167e+10 1.04167e+10 
0.012302 0.0109379 0.0139431 0.0124497 0.011238 0.0127458 0 0 0 0 0 0 1.04167e+10 1.04167e+10 1.04167e+10 
0.012302 0.0109379 0.011238 0.0127458 0.010037 0.0111472 0 0 0 0 0 0 1.04167e+10 1.04167e+10 1.04167e+10 
0.012302 0.0109379 0.010037 0.0111472 0.0109345 0.0102682 0 0 0 0 0 0 1.04167e+10 1.04167e+10 1.04167e+10 
0.00259998 -0.0162547 0.00219125 -0.0148391 0.000941858 -0.0149704 0 0 0 0 0 0 1.04167e+10 1.04167e+10 1.04167e+10 
0.00259998 -0.0162547 0.00139375 -0.0173099 0.0034614 -0.0174064 0 0 0 0 0 0 1.04167e+10 1.04167e+10 1.04167e+10 
0.00259998 -0.0162547 0.00342526 -0.0146037 0.00219125 -0.0148391 0 0 0 0 0 0 1.04167e+10 1.04167e+10 1.04167e+10 
0.000410241 -0.0164562 0.000941858 -0.0149704 -0.000314136 -0.0149967 0 0 0 0 0 0 1.04167e+10 1.04167e+10 1.04167e+10 
0.000410241 -0.0164562 -0.000314136 -0.0149967 -0.000829299 -0.0171358 0 0 0 0 0 0 1.04167e+10 1.04167e+10 1.04167e+10 
0.000410241 -0.0164562 -0.000829299 -0.0171358 0.00139375 -0.0173099 0 0 0 0 0 0 1.04167e+10 1.04167e+10 1.04167e+10 
0.000410241 -0.0164562 0.00259998 -0.0162547 0.000941858 -0.0149704 0 0 0 0 0 0 1.04167e+10 1.04167e+10 1.04167e+10 
0.000410241 -0.0164562 0.00139375 -0.0173099 0.00259998 -0.0162547 0 0 0 0 0 0 1.04167e+10 1.04167e+10 1.04167e+10 
0.0136501 0.00920059 0.0158242 0.00985846 0.0139431 0.0124497 0 0 0 0 0 0 1.04167e+10 1.04167e+10 1.04167e+10 
0.0136501 0.00920059 0.0139431 0.0124497 0.012302 0.0109379 0 0 0 0 0 0 1.04167e+10 1.04167e+10 1.04167e+10 
0.0136501 0.00920059 0.0147546 0.00729912 0.0158242 0.00985846 0 0 0 0 0 0 1.04167e+10 1.04167e+10 1.04167e+10 
0.0136501 0.00920059 0.0117554 0.00931722 0.0124938 0.00830087 0 0 0 0 0 0 1.04167e+10 1.04167e+10 1.04167e+10 
0.0136501 0.00920059 0.012302 0.0109379 0.0117554 0.00931722 0 0 0 0 0 0 1.04167e+10 1.04167e+10 1.04167e+10 
0.0136501 0.00920059 0.0124938 0.00830087 0.0131446 0.00722631 0 0 0 0 0 0 1.04167e+10 1.04167e+10 1.04167e+10 
0.0136501 0.00920059 0.0131446 0.00722631 0.0147546 0.00729912 0 0 0 0 0 0 1.04167e+10 1.04167e+10 1.04167e+10 
-0.0128317 0.0103113 -0.0121353 0.00881678 -0.0113549 0.00980131 0 0 0 0 0 0 1.04167e+10 1.04167e+10 1.04167e+10 
-0.0128317 0.0103113 -0.0139055 0.0121628 -0.0147194 0.00981474 0 0 0 0 0 0 1.04167e+10 1.04167e+10 1.04167e+10 
0.0105207 -0.0126606 0.0107415 -0.0151322 0.0125186 -0.01542 0 0 0 0 0 0 1.04167e+10 1.04167e+10 1.04167e+10 
0.0105207 -0.0126606 0.0125186 -0.01542 0.0136441 -0.0123367 0 0 0 0 0 0 1.04167e+10 1.04167e+10 1.04167e+10 
0.0105207 -0.0126606 0.0136441 -0.0123367 0.0121143 -0.0111453 0 0 0 0 0 0 1.04167e+10 1.04167e+10 1.04167e+10 
0.0105207 -0.0126606 0.010037 -0.0111472 0.00906899 -0.0119479 0 0 0 0 0 0 1.04167e+10 1.04167e+10 1.04167e+10 
0.0105207 -0.0126606 0.0121143 -0.0111453 0.010037 -0.0111472 0 0 0 0 0 0 1.04167e+10 1.04167e+10 1.04167e+10 
0.0105207 -0.0126606 0.00873933 -0.0139499 0.0107415 -0.0151322 0 0 0 0 0 0 1.04167e+10 1.04167e+10 1.04167e+10 
0.0105207 -0.0126606 0.00906899 -0.0119479 0.00873933 -0.0139499 0 0 0 0 0 0 1.04167e+10 1.04167e+10 1.04167e+10 
-0.0140916 0.00850901 -0.0128305 0.00777041 -0.0121353 0.00881678 0 0 0 0 0 0 1.04167e+10 1.04167e+10 1.04167e+10 
-0.0140916 0.00850901 -0.0121353 0.00881678 -0.0128317 0.0103113 0 0 0 0 0 0 1.04167e+10 1.04167e+10 1.04167e+10 
-0.0140916 0.00850901 -0.0128317 0.0103113 -0.0147194 0.00981474 0 0 0 0 0 0 1.04167e+10 1.04167e+10 1.04167e+10 
-0.0140916 0.00850901 -0.0147194 0.00981474 -0.0162285 0.00731717 0 0 0 0 0 0 1.04167e+10 1.04167e+10 1.04167e+10 
-0.0140916 0.00850901 -0.0162285 0.00731717 -0.0151 0.00655487 0 0 0 0 0 0 1.04167e+10 1.04167e+10 1.04167e+10 
-0.0140916 0.00850901 -0.0134357 0.00666953 -0.0128305 0.00777041 0 0 0 0 0 0 1.04167e+10 1.04167e+10 1.04167e+10 
-0.0140916 0.00850901 -0.0151 0.00655487 -0.0134357 0.00666953 0 0 0 0 0 0 1.04167e+10 1.04167e+10 1.04167e+10 
0.00680202 -0.0149903 0.00585176 -0.017725 0.00845758 -0.0172338 0 0 0 0 0 0 1.04167e+10 1.04167e+10 1.04167e+10 
0.00680202 -0.0149903 0.00845758 -0.0172338 0.00873933 -0.0139499 0 0 0 0 0 0 1.04167e+10 1.04167e+10 1.04167e+10 
0.00680202 -0.0149903 0.00873933 -0.0139499 0.00694944 -0.0132931 0 0 0 0 0 0 1.04167e+10 1.04167e+10 1.04167e+10 
0.00680202 -0.0149903 0.00694944 -0.0132931 0.00581273 -0.0138279 0 0 0 0 0 0 1.04167e+10 1.04167e+10 1.04167e+10 
0.0134918 -0.00943122 0.0124938 -0.00830087 0.0117554 -0.00931722 0 0 0 0 0 0 1.04167e+10 1.04167e+10 1.04167e+10 
0.0134918 -0.00943122 0.0117554 -0.00931722 0.0121143 -0.0111453 0 0 0 0 0 0 1.04167e+10 1.04167e+10 1.04167e+10 
0.0134918 -0.00943122 0.0136441 -0.0123367 0.0150528 -0.0103272 0 0 0 0 0 0 1.04167e+10 1.04167e+10 1.04167e+10 
0.0134918 -0.00943122 0.0121143 -0.0111453 0.0136441 -0.0123367 0 0 0 0 0 0 1.04167e+10 1.04167e+10 1.04167e+10 
0.0134918 -0.00943122 0.0150528 -0.0103272 0.0146284 -0.00754879 0 0 0 0 0 0 1.04167e+10 1.04167e+10 1.04167e+10 
0.0134918 -0.00943122 0.0131446 -0.00722631 0.0124938 -0.00830087 0 0 0 0 0 0 1.04167e+10 1.04167e+10 1.04167e+10 
0.0134918 -0.00943122 0.0146284 -0.00754879 0.0131446 -0.00722631 0 0 0 0 0 0 1.04167e+10 1.04167e+10 1.04167e+10 
0.00269741 0.00622765 0.00190983 0.00451057 0.00312619 0.00482287 0 0 0 0 0 0 2.08333e+10 2.08333e+10 2.08333e+10 
0.00269741 0.00622765 0.00486387 0.00646052 0.00223053 0.00733502 0 0 0 0 0 0 2.08333e+10 2.08333e+10 2.08333e+10 
0.00269741 0.00622765 0.00312619 0.00482287 0.00437209 0.00498027 0 0 0 0 0 0 2.08333e+10 2.08333e+10 2.08333e+10 
0.00269741 0.00622765 0.00437209 0.00498027 0.00486387 0.00646052 0 0 0 0 0 0 2.08333e+10 2.08333e+10 2.08333e+10 
0.00351679 -0.0130739 0.00342526 -0.0146037 0.00463525 -0.0142658 0 0 0 0 0 0 3.125e+10 3.125e+10 3.125e+10 
0.00351679 -0.0130739 0.00487213 -0.0116654 0.00247293 -0.0111691 0 0 0 0 0 0 3.125e+10 3.125e+10 3.125e+10 
0.00351679 -0.0130739 0.00219125 -0.0148391 0.00342526 -0.0146037 0 0 0 0 0 0 3.125e+10 3.125e+10 3.125e+10 
0.00351679 -0.0130739 0.00556846 -0.0123405 0.00487213 -0.0116654 0 0 0 0 0 0 3.125e+10 3.125e+10 3.125e+10 
0.00351679 -0.0130739 0.00463525 -0.0142658 0.00556846 -0.0123405 0 0 0 0 0 0 3.125e+10 3.125e+10 3.125e+10 
0.00351679 -0.0130739 0.000742207 -0.0140483 0.00219125 -0.0148391 0 0 0 0 0 0 3.125e+10 3.125e+10 3.125e+10 
0.00351679 -0.0130739 0.00247293 -0.0111691 0.000357746 -0.0123185 0 0 0 0 0 0 3.125e+10 3.125e+10 3.125e+10 
0.00351679 -0.0130739 0.000357746 -0.0123185 0.000742207 -0.0140483 0 0 0 0 0 0 3.125e+10 3.125e+10 3.125e+10 
0.00287583 0.0162082 0.00367019 0.0173969 0.00132347 0.0170753 0 0 0 0 0 0 1.04167e+10 1.04167e+10 1.04167e+10 
0.00287583 0.0162082 0.00219125 0.0148391 0.00342526 0.0146037 0 0 0 0 0 0 1.04167e+10 1.04167e+10 1.04167e+10 
0.00287583 0.0162082 0.00132347 0.0170753 0.000689828 0.0164469 0 0 0 0 0 0 1.04167e+10 1.04167e+10 1.04167e+10 
0.00287583 0.0162082 0.000689828 0.0164469 0.00219125 0.0148391 0 0 0 0 0 0 1.04167e+10 1.04167e+10 1.04167e+10 
0.00287583 0.0162082 0.0050105 0.0156802 0.00367019 0.0173969 0 0 0 0 0 0 1.04167e+10 1.04167e+10 1.04167e+10 
0.00287583 0.0162082 0.00342526 0.0146037 0.0050105 0.0156802 0 0 0 0 0 0 1.04167e+10 1.04167e+10 1.04167e+10 
0.00474332 -0.0157631 0.00585176 -0.017725 0.00680202 -0.0149903 0 0 0 0 0 0 1.04167e+10 1.04167e+10 1.04167e+10 
0.00474332 -0.0157631 0.00581273 -0.0138279 0.00463525 -0.0142658 0 0 0 0 0 0 1.04167e+10 1.04167e+10 1.04167e+10 
0.00474332 -0.0157631 0.00680202 -0.0149903 0.00581273 -0.0138279 0 0 0 0 0 0 1.04167e+10 1.04167e+10 1.04167e+10 
0.00474332 -0.0157631 0.0034614 -0.0174064 0.00585176 -0.017725 0 0 0 0 0 0 1.04167e+10 1.04167e+10 1.04167e+10 
0.00474332 -0.0157631 0.00463525 -0.0142658 0.00342526 -0.0146037 0 0 0 0 0 0 1.04167e+10 1.04167e+10 1.04167e+10 
0.00474332 -0.0157631 0.00259998 -0.0162547 0.0034614 -0.0174064 0 0 0 0 0 0 1.04167e+10 1.04167e+10 1.04167e+10 
0.00474332 -0.0157631 0.00342526 -0.0146037 0.00259998 -0.0162547 0 0 0 0 0 0 1.04167e+10 1.04167e+10 1.04167e+10 
0.000614176 0.00558898 -0.000272002 0.00766184 -0.001215 0.00553488 0 0 0 0 0 0 2.08333e+10 2.08333e+10 2.08333e+10 
0.000614176 0.00558898 0.000742207 0.00404827 0.00190983 0.00451057 0 0 0 0 0 0 2.08333e+10 2.08333e+10 2.08333e+10 
0.000614176 0.00558898 0.00223053 0.00733502 -0.000272002 0.00766184 0 0 0 0 0 0 2.08333e+10 2.08333e+10 2.08333e+10 
0.000614176 0.00558898 0.00269741 0.00622765 0.00223053 0.00733502 0 0 0 0 0 0 2.08333e+10 2.08333e+10 2.08333e+10 
0.000614176 0.00558898 0.00190983 0.00451057 0.00269741 0.00622765 0 0 0 0 0 0 2.08333e+10 2.08333e+10 2.08333e+10 
-0.0113428 0.0119296 -0.0121205 0.0147111 -0.0139055 0.0121628 0 0 0 0 0 0 1.04167e+10 1.04167e+10 1.04167e+10 
-0.0113428 0.0119296 -0.0113549 0.00980131 -0.010495 0.0107171 0 0 0 0 0 0 1.04167e+10 1.04167e+10 1.04167e+10 
-0.0113428 0.0119296 -0.0128317 0.0103113 -0.0113549 0.00980131 0 0 0 0 0 0 1.04167e+10 1.04167e+10 1.04167e+10 
-0.0113428 0.0119296 -0.0139055 0.0121628 -0.0128317 0.0103113 0 0 0 0 0 0 1.04167e+10 1.04167e+10 1.04167e+10 
-0.0113428 0.0119296 -0.00965157 0.013335 -0.0121205 0.0147111 0 0 0 0 0 0 1.04167e+10 1.04167e+10 1.04167e+10 
-0.0113428 0.0119296 -0.010495 0.0107171 -0.00956136 0.0115577 0 0 0 0 0 0 1.04167e+10 1.04167e+10 1.04167e+10 
-0.0113428 0.0119296 -0.00956136 0.0115577 -0.00965157 0.013335 0 0 0 0 0 0 1.04167e+10 1.04167e+10 1.04167e+10 
-0.00616956 -0.00243038 -0.00429776 -0.00131875 -0.00566647 4.70864e-05 0 0 0 0 0 0 2.08333e+10 2.08333e+10 2.08333e+10 
-0.00616956 -0.00243038 -0.00468583 -0.0025131 -0.00429776 -0.00131875 0 0 0 0 0 0 2.08333e+10 2.08333e+10 2.08333e+10 
-0.00616956 -0.00243038 -0.00566647 4.70864e-05 -0.00761321 -0.000903782 0 0 0 0 0 0 2.08333e+10 2.08333e+10 2.08333e+10 
-0.00616956 -0.00243038 -0.00761321 -0.000903782 -0.00690725 -0.00332682 0 0 0 0 0 0 2.08333e+10 2.08333e+10 2.08333e+10 
-0.00616956 -0.00243038 -0.00492115 -0.00374667 -0.00468583 -0.0025131 0 0 0 0 0 0 2.08333e+10 2.08333e+10 2.08333e+10 
-0.00616956 -0.00243038 -0.00690725 -0.00332682 -0.00492115 -0.00374667 0 0 0 0 0 0 2.08333e+10 2.08333e+10 2.08333e+10 
0.0118651 -0.00652032 0.0106655 -0.00833918 0.0124938 -0.00830087 0 0 0 0 0 0 3.125e+10 3.125e+10 3.125e+10 
0.0118651 -0.00652032 0.0124938 -0.00830087 0.0131446 -0.00722631 0 0 0 0 0 0 3.125e+10 3.125e+10 3.125e+10 
0.0118651 -0.00652032 0.00964646 -0.00543385 0.0106655 -0.00833918 0 0 0 0 0 0 3.125e+10 3.125e+10 3.125e+10 
0.0118651 -0.00652032 0.0127574 -0.00453258 0.00964646 -0.00543385 0 0 0 0 0 0 3.125e+10 3.125e+10 3.125e+10 
0.0118651 -0.00652032 0.0131446 -0.00722631 0.0137032 -0.00610105 0 0 0 0 0 0 3.125e+10 3.125e+10 3.125e+10 
0.0118651 -0.00652032 0.0137032 -0.00610105 0.0127574 -0.00453258 0 0 0 0 0 0 3.125e+10 3.125e+10 3.125e+10 
-0.00131054 0.0045676 -0.000358268 0.00344328 0.000742207 0.00404827 0 0 0 0 0 0 2.08333e+10 2.08333e+10 2.08333e+10 
-0.00131054 0.0045676 -0.00137424 0.00270513 -0.000358268 0.00344328 0 0 0 0 0 0 2.08333e+10 2.08333e+10 2.08333e+10 
-0.00131054 0.0045676 -0.001215 0.00553488 -0.00349617 0.00445958 0 0 0 0 0 0 2.08333e+10 2.08333e+10 2.08333e+10 
-0.00131054 0.0045676 -0.00349617 0.00445958 -0.00300718 0.00320042 0 0 0 0 0 0 2.08333e+10 2.08333e+10 2.08333e+10 
-0.00131054 0.0045676 -0.00300718 0.00320042 -0.00137424 0.00270513 0 0 0 0 0 0 2.08333e+10 2.08333e+10 2.08333e+10 
-0.00131054 0.0045676 0.000614176 0.00558898 -0.001215 0.00553488 0 0 0 0 0 0 2.08333e+10 2.08333e+10 2.08333e+10 
-0.00131054 0.0045676 0.000742207 0.00404827 0.000614176 0.00558898 0 0 0 0 0 0 2.08333e+10 2.08333e+10 2.08333e+10 
-0.00357213 -0.0126079 -0.00228969 -0.0118455 -0.00309017 -0.0108779 0 0 0 0 0 0 2.08333e+10 2.08333e+10 2.08333e+10 
-0.00357213 -0.0126079 -0.00489712 -0.0127592 -0.0040338 -0.0144474 0 0 0 0 0 0 2.08333e+10 2.08333e+10 2.08333e+10 
-0.00357213 -0.0126079 -0.0040338 -0.0144474 -0.00281072 -0.0147343 0 0 0 0 0 0 2.08333e+10 2.08333e+10 2.08333e+10 
-0.00357213 -0.0126079 -0.00281072 -0.0147343 -0.00137424 -0.0127051 0 0 0 0 0 0 2.08333e+10 2.08333e+10 2.08333e+10 
-0.00357213 -0.0126079 -0.00137424 -0.0127051 -0.00228969 -0.0118455 0 0 0 0 0 0 2.08333e+10 2.08333e+10 2.08333e+10 
-0.00357213 -0.0126079 -0.00309017 -0.0108779 -0.00485703 -0.0108482 0 0 0 0 0 0 2.08333e+10 2.08333e+10 2.08333e+10 
-0.00357213 -0.0126079 -0.00485703 -0.0108482 -0.00489712 -0.0127592 0 0 0 0 0 0 2.08333e+10 2.08333e+10 2.08333e+10 
0.0164333 0.000959896 0.0149474 0.00125517 0.015 0 0 0 0 0 0 0 1.04167e+10 1.04167e+10 1.04167e+10 
0.0164333 0.000959896 0.0180066 -0.000401744 0.0186259 0.00222853 0 0 0 0 0 0 1.04167e+10 1.04167e+10 1.04167e+10 
0.0164333 0.000959896 0.0164146 -0.00123901 0.0180066 -0.000401744 0 0 0 0 0 0 1.04167e+10 1.04167e+10 1.04167e+10 
0.0164333 0.000959896 0.015 0 0.0164146 -0.00123901 0 0 0 0 0 0 1.04167e+10 1.04167e+10 1.04167e+10 
0.0164333 0.000959896 0.0186259 0.00222853 0.0161587 0.00314168 0 0 0 0 0 0 1.04167e+10 1.04167e+10 1.04167e+10 
0.0164333 0.000959896 0.0161587 0.00314168 0.0149474 0.00125517 0 0 0 0 0 0 1.04167e+10 1.04167e+10 1.04167e+10 
-0.0162952 0.00233262 -0.0146722 0.00311868 -0.0166762 0.00456563 0 0 0 0 0 0 1.04167e+10 1.04167e+10 1.04167e+10 
-0.0162952 0.00233262 -0.0148817 0.00188 -0.0146722 0.00311868 0 0 0 0 0 0 1.04167e+10 1.04167e+10 1.04167e+10 
-0.0162952 0.00233262 -0.0166762 0.00456563 -0.0188003 0.00267149 0 0 0 0 0 0 1.04167e+10 1.04167e+10 1.04167e+10 
-0.0162952 0.00233262 -0.0149868 0.000628135 -0.0148817 0.00188 0 0 0 0 0 0 1.04167e+10 1.04167e+10 1.04167e+10 
-0.0162952 0.00233262 -0.0164607 0.000139872 -0.0149868 0.000628135 0 0 0 0 0 0 1.04167e+10 1.04167e+10 1.04167e+10 
-0.0162952 0.00233262 -0.0188003 0.00267149 -0.0174726 0.000116438 0 0 0 0 0 0 1.04167e+10 1.04167e+10 1.04167e+10 
-0.0162952 0.00233262 -0.0174726 0.000116438 -0.0164607 0.000139872 0 0 0 0 0 0 1.04167e+10 1.04167e+10 1.04167e+10 
