TRIANGLES
856
3
3
0.00686994 -0.00942947 0.00468227 -0.0106859 0.00630297 -0.0121264 0 0 0 0 0 0 2.08333e+10 2.08333e+10 2.08333e+10 
-0.0187568 0.00780532 -0.02 0.0056 -0.0166762 0.00456563 0 0 0 0 0 0 1.04167e+10 1.04167e+10 1.04167e+10 
0.00566934 0.0111181 0.00685305 0.0117973 0.00581273 0.0138279 0 0 0 0 0 0 3.125e+10 3.125e+10 3.125e+10 
-0.00534104 -0.0051953 -0.00363317 -0.00446841 -0.00613751 -0.00339611 0 0 0 0 0 0 3.125e+10 3.125e+10 3.125e+10 
-0.00586605 0.00492695 -0.00672989 0.0026312 -0.00479682 0.00440384 0 0 0 0 0 0 3.125e+10 3.125e+10 3.125e+10 
-0.00359244 -0.00218868 -0.00613751 -0.00339611 -0.00363317 -0.00446841 0 0 0 0 0 0 3.125e+10 3.125e+10 3.125e+10 
0.00711367 0.0105585 0.00685305 0.0117973 0.00566934 0.0111181 0 0 0 0 0 0 3.125e+10 3.125e+10 3.125e+10 
0.00711367 0.0105585 0.00720636 0.00924263 0.00910334 0.0101935 0 0 0 0 0 0 2.08333e+10 2.08333e+10 2.08333e+10 
0.00711367 0.0105585 0.00589183 0.00943777 0.00720636 0.00924263 0 0 0 0 0 0 3.125e+10 3.125e+10 3.125e+10 
0.00711367 0.0105585 0.00566934 0.0111181 0.00589183 0.00943777 0 0 0 0 0 0 3.125e+10 3.125e+10 3.125e+10 
0.00711367 0.0105585 0.00906899 0.0119479 0.00685305 0.0117973 0 0 0 0 0 0 2.08333e+10 2.08333e+10 2.08333e+10 
0.00711367 0.0105585 0.00910334 0.0101935 0.00906899 0.0119479 0 0 0 0 0 0 2.08333e+10 2.08333e+10 2.08333e+10 
0.02 0.0104 0.02 0.012 0.0188438 0.0125262 0 0 0 0 0 0 1.04167e+10 1.04167e+10 1.04167e+10 
0.0167116 -0.0177465 0.0152 -0.02 0.0168 -0.02 0 0 0 0 0 0 1.04167e+10 1.04167e+10 1.04167e+10 
-0.018698 -0.00227487 -0.02 -0.0008 -0.02 -0.0024 0 0 0 0 0 0 1.04167e+10 1.04167e+10 1.04167e+10 
0.0080374 0.0126649 0.00685305 0.0117973 0.00906899 0.0119479 0 0 0 0 0 0 2.08333e+10 2.08333e+10 2.08333e+10 
-0.0184 0.02 -0.02 0.02 -0.02 0.0184 0 0 0 0 0 0 1.04167e+10 1.04167e+10 1.04167e+10 
0.00694944 0.0132931 0.00581273 0.0138279 0.00685305 0.0117973 0 0 0 0 0 0 2.08333e+10 2.08333e+10 2.08333e+10 
0.00694944 0.0132931 0.00685305 0.0117973 0.0080374 0.0126649 0 0 0 0 0 0 2.08333e+10 2.08333e+10 2.08333e+10 
0.00582122 -0.0049891 0.0082177 -0.00509056 0.00712577 -0.00282863 0 0 0 0 0 0 2.08333e+10 2.08333e+10 2.08333e+10 
0.00474748 0.00422275 0.00552539 0.00279412 0.00611391 0.00406113 0 0 0 0 0 0 3.125e+10 3.125e+10 3.125e+10 
0.00474748 0.00422275 0.00386576 0.00253216 0.00552539 0.00279412 0 0 0 0 0 0 3.125e+10 3.125e+10 3.125e+10 
0.000602843 -0.00327193 -0.000750241 -0.00264937 -0.000412972 -0.00405858 0 0 0 0 0 0 3.125e+10 3.125e+10 3.125e+10 
0.000602843 -0.00327193 -0.000412972 -0.00405858 0.001215 -0.00553488 0 0 0 0 0 0 2.08333e+10 2.08333e+10 2.08333e+10 
0.00925522 -0.00279021 0.00712577 -0.00282863 0.0082177 -0.00509056 0 0 0 0 0 0 2.08333e+10 2.08333e+10 2.08333e+10 
0.004 -0.02 0.0034614 -0.0174064 0.0024 -0.02 0 0 0 0 0 0 1.04167e+10 1.04167e+10 1.04167e+10 
0.004 -0.02 0.00585176 -0.017725 0.0034614 -0.0174064 0 0 0 0 0 0 1.04167e+10 1.04167e+10 1.04167e+10 
-0.00639936 -0.0120758 -0.00489712 -0.0127592 -0.00511311 -0.0104865 0 0 0 0 0 0 2.08333e+10 2.08333e+10 2.08333e+10 
-0.00639936 -0.0120758 -0.00511311 -0.0104865 -0.00780828 -0.0112164 0 0 0 0 0 0 2.08333e+10 2.08333e+10 2.08333e+10 
-0.00639936 -0.0120758 -0.00780828 -0.0112164 -0.0075 -0.0129904 0 0 0 0 0 0 2.08333e+10 2.08333e+10 2.08333e+10 
0.00941036 0.00221122 0.00966202 -0.000299708 0.011549 0.00165283 0 0 0 0 0 0 2.08333e+10 2.08333e+10 2.08333e+10 
0.00538918 0.00593249 0.00474748 0.00422275 0.00611391 0.00406113 0 0 0 0 0 0 3.125e+10 3.125e+10 3.125e+10 
0.00538918 0.00593249 0.00319031 0.00558841 0.00474748 0.00422275 0 0 0 0 0 0 3.125e+10 3.125e+10 3.125e+10 
0.0136666 -5.44281e-05 0.0149474 0.00125517 0.0135735 0.00159329 0 0 0 0 0 0 2.08333e+10 2.08333e+10 2.08333e+10 
0.0136666 -5.44281e-05 0.0135604 -0.00170135 0.0149474 -0.00125517 0 0 0 0 0 0 2.08333e+10 2.08333e+10 2.08333e+10 
0.0136666 -5.44281e-05 0.0135735 0.00159329 0.011549 0.00165283 0 0 0 0 0 0 2.08333e+10 2.08333e+10 2.08333e+10 
-0.00988119 0.000259303 -0.0119488 0.00178511 -0.0115844 -0.000774877 0 0 0 0 0 0 3.125e+10 3.125e+10 3.125e+10 
0.0111756 -0.00334923 0.0132564 -0.00332347 0.0135604 -0.00170135 0 0 0 0 0 0 2.08333e+10 2.08333e+10 2.08333e+10 
0.00658068 0.00533843 0.00692056 0.00661202 0.00538918 0.00593249 0 0 0 0 0 0 3.125e+10 3.125e+10 3.125e+10 
0.00658068 0.00533843 0.00538918 0.00593249 0.00611391 0.00406113 0 0 0 0 0 0 3.125e+10 3.125e+10 3.125e+10 
0.0077187 -0.0112783 0.00686994 -0.00942947 0.00630297 -0.0121264 0 0 0 0 0 0 2.08333e+10 2.08333e+10 2.08333e+10 
0.00736062 0.00214455 0.00611391 0.00406113 0.00552539 0.00279412 0 0 0 0 0 0 2.08333e+10 2.08333e+10 2.08333e+10 
-0.02 -0.004 -0.018698 -0.00227487 -0.02 -0.0024 0 0 0 0 0 0 1.04167e+10 1.04167e+10 1.04167e+10 
-0.00940221 -0.00200152 -0.00988119 0.000259303 -0.0115844 -0.000774877 0 0 0 0 0 0 3.125e+10 3.125e+10 3.125e+10 
-0.0121205 0.0147111 -0.00950399 0.0150225 -0.010978 0.017692 0 0 0 0 0 0 1.04167e+10 1.04167e+10 1.04167e+10 
0.00610473 0.0177077 0.0056 0.02 0.004 0.02 0 0 0 0 0 0 1.04167e+10 1.04167e+10 1.04167e+10 
0.0121264 0.00630297 0.0131446 0.00722631 0.0112783 0.0077187 0 0 0 0 0 0 2.08333e+10 2.08333e+10 2.08333e+10 
0.0121264 0.00630297 0.0137032 0.00610105 0.0131446 0.00722631 0 0 0 0 0 0 2.08333e+10 2.08333e+10 2.08333e+10 
0.0121264 0.00630297 0.0112783 0.0077187 0.00978758 0.00634937 0 0 0 0 0 0 2.08333e+10 2.08333e+10 2.08333e+10 
-0.0174726 0.000116438 -0.02 -0.0008 -0.018698 -0.00227487 0 0 0 0 0 0 1.04167e+10 1.04167e+10 1.04167e+10 
0.02 0.0072 0.02 0.0088 0.0184698 0.00712598 0 0 0 0 0 0 1.04167e+10 1.04167e+10 1.04167e+10 
0.00227566 -0.0114426 0.00468227 -0.0106859 0.00221122 -0.00941036 0 0 0 0 0 0 2.08333e+10 2.08333e+10 2.08333e+10 
0.00227566 -0.0114426 -0.000237361 -0.0116643 0.00159329 -0.0135735 0 0 0 0 0 0 2.08333e+10 2.08333e+10 2.08333e+10 
0.00479534 -0.0127978 0.00630297 -0.0121264 0.00468227 -0.0106859 0 0 0 0 0 0 2.08333e+10 2.08333e+10 2.08333e+10 
0.00479534 -0.0127978 0.00468227 -0.0106859 0.00227566 -0.0114426 0 0 0 0 0 0 2.08333e+10 2.08333e+10 2.08333e+10 
0.02 -0.0024 0.0186252 -0.002735 0.02 -0.004 0 0 0 0 0 0 1.04167e+10 1.04167e+10 1.04167e+10 
0.02 -0.0024 0.02 -0.0008 0.0186252 -0.002735 0 0 0 0 0 0 1.04167e+10 1.04167e+10 1.04167e+10 
0.000941858 -0.0149704 0.00219125 -0.0148391 0.00159329 -0.0135735 0 0 0 0 0 0 2.08333e+10 2.08333e+10 2.08333e+10 
0.00457145 -0.00851741 0.00468227 -0.0106859 0.00686994 -0.00942947 0 0 0 0 0 0 2.08333e+10 2.08333e+10 2.08333e+10 
0.00457145 -0.00851741 0.00221122 -0.00941036 0.00468227 -0.0106859 0 0 0 0 0 0 2.08333e+10 2.08333e+10 2.08333e+10 
0.00457145 -0.00851741 0.00152939 -0.00751257 0.00221122 -0.00941036 0 0 0 0 0 0 2.08333e+10 2.08333e+10 2.08333e+10 
-0.02 0.0152 -0.02 0.0136 -0.0170168 0.0148792 0 0 0 0 0 0 1.04167e+10 1.04167e+10 1.04167e+10 
-0.0174431 0.0101288 -0.02 0.0088 -0.0187568 0.00780532 0 0 0 0 0 0 1.04167e+10 1.04167e+10 1.04167e+10 
-0.0174431 0.0101288 -0.02 0.0104 -0.02 0.0088 0 0 0 0 0 0 1.04167e+10 1.04167e+10 1.04167e+10 
-0.02 0.0072 -0.02 0.0056 -0.0187568 0.00780532 0 0 0 0 0 0 1.04167e+10 1.04167e+10 1.04167e+10 
-0.02 0.0072 -0.0187568 0.00780532 -0.02 0.0088 0 0 0 0 0 0 1.04167e+10 1.04167e+10 1.04167e+10 
0.0182479 0.00968157 0.0184698 0.00712598 0.02 0.0088 0 0 0 0 0 0 1.04167e+10 1.04167e+10 1.04167e+10 
0.0182479 0.00968157 0.02 0.0088 0.02 0.0104 0 0 0 0 0 0 1.04167e+10 1.04167e+10 1.04167e+10 
0.0182479 0.00968157 0.02 0.0104 0.0188438 0.0125262 0 0 0 0 0 0 1.04167e+10 1.04167e+10 1.04167e+10 
0.017671 -0.0145882 0.0166744 -0.0124224 0.015363 -0.0153823 0 0 0 0 0 0 1.04167e+10 1.04167e+10 1.04167e+10 
0.017671 -0.0145882 0.0167116 -0.0177465 0.0187863 -0.0172033 0 0 0 0 0 0 1.04167e+10 1.04167e+10 1.04167e+10 
0.017671 -0.0145882 0.015363 -0.0153823 0.0167116 -0.0177465 0 0 0 0 0 0 1.04167e+10 1.04167e+10 1.04167e+10 
0.00712984 0.00786794 0.00720636 0.00924263 0.00589183 0.00943777 0 0 0 0 0 0 3.125e+10 3.125e+10 3.125e+10 
0.0127592 -0.00489712 0.0120758 -0.00639936 0.0137032 -0.00610105 0 0 0 0 0 0 2.08333e+10 2.08333e+10 2.08333e+10 
0.0127592 -0.00489712 0.0132564 -0.00332347 0.0111756 -0.00334923 0 0 0 0 0 0 2.08333e+10 2.08333e+10 2.08333e+10 
-0.0128751 -0.00645861 -0.0128305 -0.00777041 -0.0117243 -0.00687369 0 0 0 0 0 0 2.08333e+10 2.08333e+10 2.08333e+10 
0.0124938 0.00830087 0.0112783 0.0077187 0.0131446 0.00722631 0 0 0 0 0 0 2.08333e+10 2.08333e+10 2.08333e+10 
0.02 0.0056 0.0184698 0.00712598 0.018219 0.00499335 0 0 0 0 0 0 1.04167e+10 1.04167e+10 1.04167e+10 
0.02 0.0056 0.02 0.0072 0.0184698 0.00712598 0 0 0 0 0 0 1.04167e+10 1.04167e+10 1.04167e+10 
0.00291431 0.00110134 0.00333618 -0.000524809 0.00411711 0.000494335 0 0 0 0 0 0 3.125e+10 3.125e+10 3.125e+10 
0.00765813 -0.000361637 0.00712577 -0.00282863 0.00925522 -0.00279021 0 0 0 0 0 0 2.08333e+10 2.08333e+10 2.08333e+10 
0.00765813 -0.000361637 0.00925522 -0.00279021 0.00966202 -0.000299708 0 0 0 0 0 0 2.08333e+10 2.08333e+10 2.08333e+10 
0.00765813 -0.000361637 0.00966202 -0.000299708 0.00941036 0.00221122 0 0 0 0 0 0 2.08333e+10 2.08333e+10 2.08333e+10 
0.00765813 -0.000361637 0.00941036 0.00221122 0.00736062 0.00214455 0 0 0 0 0 0 2.08333e+10 2.08333e+10 2.08333e+10 
0.0109237 0.00409688 0.00941036 0.00221122 0.011549 0.00165283 0 0 0 0 0 0 2.08333e+10 2.08333e+10 2.08333e+10 
0.0109237 0.00409688 0.00978758 0.00634937 0.00851741 0.00457145 0 0 0 0 0 0 2.08333e+10 2.08333e+10 2.08333e+10 
0.0109237 0.00409688 0.0121264 0.00630297 0.00978758 0.00634937 0 0 0 0 0 0 2.08333e+10 2.08333e+10 2.08333e+10 
0.0109237 0.00409688 0.00851741 0.00457145 0.00941036 0.00221122 0 0 0 0 0 0 2.08333e+10 2.08333e+10 2.08333e+10 
0.02 -0.0184 0.02 -0.0168 0.0187863 -0.0172033 0 0 0 0 0 0 1.04167e+10 1.04167e+10 1.04167e+10 
-0.004 0.02 -0.00396038 0.0174 -0.0024 0.02 0 0 0 0 0 0 1.04167e+10 1.04167e+10 1.04167e+10 
-0.000299708 -0.00966202 0.00221122 -0.00941036 0.00152939 -0.00751257 0 0 0 0 0 0 2.08333e+10 2.08333e+10 2.08333e+10 
-0.000299708 -0.00966202 0.00227566 -0.0114426 0.00221122 -0.00941036 0 0 0 0 0 0 2.08333e+10 2.08333e+10 2.08333e+10 
-0.000299708 -0.00966202 -0.000237361 -0.0116643 0.00227566 -0.0114426 0 0 0 0 0 0 2.08333e+10 2.08333e+10 2.08333e+10 
0.0080374 -0.0126649 0.0077187 -0.0112783 0.00630297 -0.0121264 0 0 0 0 0 0 2.08333e+10 2.08333e+10 2.08333e+10 
-5.44281e-05 -0.0136666 -0.00170135 -0.0135604 -0.00156793 -0.0149178 0 0 0 0 0 0 2.08333e+10 2.08333e+10 2.08333e+10 
-5.44281e-05 -0.0136666 -0.00156793 -0.0149178 -0.000314136 -0.0149967 0 0 0 0 0 0 2.08333e+10 2.08333e+10 2.08333e+10 
-5.44281e-05 -0.0136666 -0.000237361 -0.0116643 -0.00170135 -0.0135604 0 0 0 0 0 0 2.08333e+10 2.08333e+10 2.08333e+10 
-5.44281e-05 -0.0136666 0.00159329 -0.0135735 -0.000237361 -0.0116643 0 0 0 0 0 0 2.08333e+10 2.08333e+10 2.08333e+10 
-5.44281e-05 -0.0136666 -0.000314136 -0.0149967 0.000941858 -0.0149704 0 0 0 0 0 0 2.08333e+10 2.08333e+10 2.08333e+10 
-5.44281e-05 -0.0136666 0.000941858 -0.0149704 0.00159329 -0.0135735 0 0 0 0 0 0 2.08333e+10 2.08333e+10 2.08333e+10 
0.0102657 0.00902186 0.0109345 0.0102682 0.00910334 0.0101935 0 0 0 0 0 0 2.08333e+10 2.08333e+10 2.08333e+10 
-0.00978155 -0.0147626 -0.0121056 -0.0145863 -0.0113692 -0.0172653 0 0 0 0 0 0 1.04167e+10 1.04167e+10 1.04167e+10 
-0.000829299 -0.0171358 -0.000314136 -0.0149967 -0.00156793 -0.0149178 0 0 0 0 0 0 1.04167e+10 1.04167e+10 1.04167e+10 
0.0008 0.02 0.00132347 0.0170753 0.0024 0.02 0 0 0 0 0 0 1.04167e+10 1.04167e+10 1.04167e+10 
-0.00145214 -0.000649874 0.000467757 0.00123993 -0.00194381 0.0016011 0 0 0 0 0 0 3.125e+10 3.125e+10 3.125e+10 
-0.00145214 -0.000649874 -0.00359244 -0.00218868 -0.000750241 -0.00264937 0 0 0 0 0 0 3.125e+10 3.125e+10 3.125e+10 
0.00856539 0.017631 0.00610473 0.0177077 0.00777504 0.015331 0 0 0 0 0 0 1.04167e+10 1.04167e+10 1.04167e+10 
0.00856539 0.017631 0.0104 0.02 0.0088 0.02 0 0 0 0 0 0 1.04167e+10 1.04167e+10 1.04167e+10 
0.00856539 0.017631 0.00777504 0.015331 0.0102637 0.0152755 0 0 0 0 0 0 1.04167e+10 1.04167e+10 1.04167e+10 
-0.0097425 0.00275416 -0.0119488 0.00178511 -0.00988119 0.000259303 0 0 0 0 0 0 3.125e+10 3.125e+10 3.125e+10 
-0.0097425 0.00275416 -0.0110497 0.00441622 -0.0119488 0.00178511 0 0 0 0 0 0 3.125e+10 3.125e+10 3.125e+10 
0.0180066 -0.000401744 0.0186252 -0.002735 0.02 -0.0008 0 0 0 0 0 0 1.04167e+10 1.04167e+10 1.04167e+10 
-0.00305743 0.00331477 -0.00293224 0.00637743 -0.00479682 0.00440384 0 0 0 0 0 0 3.125e+10 3.125e+10 3.125e+10 
-0.00305743 0.00331477 -0.00138206 0.0053034 -0.00293224 0.00637743 0 0 0 0 0 0 3.125e+10 3.125e+10 3.125e+10 
0.00508488 -0.00250101 0.00582122 -0.0049891 0.00712577 -0.00282863 0 0 0 0 0 0 2.08333e+10 2.08333e+10 2.08333e+10 
0.0184 -0.02 0.0167116 -0.0177465 0.0168 -0.02 0 0 0 0 0 0 1.04167e+10 1.04167e+10 1.04167e+10 
0.0184 -0.02 0.0187863 -0.0172033 0.0167116 -0.0177465 0 0 0 0 0 0 1.04167e+10 1.04167e+10 1.04167e+10 
0.0184 -0.02 0.02 -0.02 0.02 -0.0184 0 0 0 0 0 0 1.04167e+10 1.04167e+10 1.04167e+10 
0.0184 -0.02 0.02 -0.0184 0.0187863 -0.0172033 0 0 0 0 0 0 1.04167e+10 1.04167e+10 1.04167e+10 
0.00204796 0.00336333 0.00386576 0.00253216 0.00474748 0.00422275 0 0 0 0 0 0 3.125e+10 3.125e+10 3.125e+10 
0.00204796 0.00336333 0.00474748 0.00422275 0.00319031 0.00558841 0 0 0 0 0 0 3.125e+10 3.125e+10 3.125e+10 
0.00204796 0.00336333 0.00291431 0.00110134 0.00386576 0.00253216 0 0 0 0 0 0 3.125e+10 3.125e+10 3.125e+10 
0.00204796 0.00336333 0.000467757 0.00123993 0.00291431 0.00110134 0 0 0 0 0 0 3.125e+10 3.125e+10 3.125e+10 
0.0130393 0.0145943 0.0102637 0.0152755 0.011238 0.0127458 0 0 0 0 0 0 1.04167e+10 1.04167e+10 1.04167e+10 
-0.00837093 0.00503318 -0.0110497 0.00441622 -0.0097425 0.00275416 0 0 0 0 0 0 3.125e+10 3.125e+10 3.125e+10 
-0.00837093 0.00503318 -0.00672989 0.0026312 -0.00586605 0.00492695 0 0 0 0 0 0 3.125e+10 3.125e+10 3.125e+10 
-0.00837093 0.00503318 -0.0097425 0.00275416 -0.00672989 0.0026312 0 0 0 0 0 0 3.125e+10 3.125e+10 3.125e+10 
-0.00662681 0.00699957 -0.00837093 0.00503318 -0.00586605 0.00492695 0 0 0 0 0 0 3.125e+10 3.125e+10 3.125e+10 
-0.00724787 -0.00914219 -0.00778265 -0.00711971 -0.00916031 -0.00720654 0 0 0 0 0 0 2.08333e+10 2.08333e+10 2.08333e+10 
-0.00724787 -0.00914219 -0.00780828 -0.0112164 -0.00511311 -0.0104865 0 0 0 0 0 0 2.08333e+10 2.08333e+10 2.08333e+10 
0.0101943 -0.00567335 0.0112164 -0.00780828 0.0120758 -0.00639936 0 0 0 0 0 0 2.08333e+10 2.08333e+10 2.08333e+10 
0.0101943 -0.00567335 0.00873639 -0.00773218 0.0112164 -0.00780828 0 0 0 0 0 0 2.08333e+10 2.08333e+10 2.08333e+10 
0.0101943 -0.00567335 0.0082177 -0.00509056 0.00873639 -0.00773218 0 0 0 0 0 0 2.08333e+10 2.08333e+10 2.08333e+10 
0.0101943 -0.00567335 0.00925522 -0.00279021 0.0082177 -0.00509056 0 0 0 0 0 0 2.08333e+10 2.08333e+10 2.08333e+10 
0.0101943 -0.00567335 0.0111756 -0.00334923 0.00925522 -0.00279021 0 0 0 0 0 0 2.08333e+10 2.08333e+10 2.08333e+10 
0.0101943 -0.00567335 0.0120758 -0.00639936 0.0127592 -0.00489712 0 0 0 0 0 0 2.08333e+10 2.08333e+10 2.08333e+10 
0.0101943 -0.00567335 0.0127592 -0.00489712 0.0111756 -0.00334923 0 0 0 0 0 0 2.08333e+10 2.08333e+10 2.08333e+10 
0.00906899 -0.0119479 0.0077187 -0.0112783 0.0080374 -0.0126649 0 0 0 0 0 0 2.08333e+10 2.08333e+10 2.08333e+10 
-0.0112263 -0.00356636 -0.00940221 -0.00200152 -0.0115844 -0.000774877 0 0 0 0 0 0 3.125e+10 3.125e+10 3.125e+10 
-0.0112263 -0.00356636 -0.00859042 -0.00392335 -0.00940221 -0.00200152 0 0 0 0 0 0 3.125e+10 3.125e+10 3.125e+10 
5.07106e-06 0.00386748 -0.00194381 0.0016011 0.000467757 0.00123993 0 0 0 0 0 0 3.125e+10 3.125e+10 3.125e+10 
5.07106e-06 0.00386748 -0.00305743 0.00331477 -0.00194381 0.0016011 0 0 0 0 0 0 3.125e+10 3.125e+10 3.125e+10 
5.07106e-06 0.00386748 -0.00138206 0.0053034 -0.00305743 0.00331477 0 0 0 0 0 0 3.125e+10 3.125e+10 3.125e+10 
5.07106e-06 0.00386748 0.000467757 0.00123993 0.00204796 0.00336333 0 0 0 0 0 0 3.125e+10 3.125e+10 3.125e+10 
-0.02 -0.012 -0.02 -0.0136 -0.0183731 -0.0121929 0 0 0 0 0 0 1.04167e+10 1.04167e+10 1.04167e+10 
-0.02 -0.012 -0.0183731 -0.0121929 -0.02 -0.0104 0 0 0 0 0 0 1.04167e+10 1.04167e+10 1.04167e+10 
0.00577506 0.00761926 0.00538918 0.00593249 0.00692056 0.00661202 0 0 0 0 0 0 3.125e+10 3.125e+10 3.125e+10 
0.00577506 0.00761926 0.00692056 0.00661202 0.00712984 0.00786794 0 0 0 0 0 0 3.125e+10 3.125e+10 3.125e+10 
0.00577506 0.00761926 0.00712984 0.00786794 0.00589183 0.00943777 0 0 0 0 0 0 3.125e+10 3.125e+10 3.125e+10 
0.00383126 0.0103193 0.00589183 0.00943777 0.00566934 0.0111181 0 0 0 0 0 0 3.125e+10 3.125e+10 3.125e+10 
0.00383126 0.0103193 0.00278255 0.0124961 0.000985263 0.0114412 0 0 0 0 0 0 3.125e+10 3.125e+10 3.125e+10 
0.00383126 0.0103193 0.000985263 0.0114412 0.00201559 0.00909509 0 0 0 0 0 0 3.125e+10 3.125e+10 3.125e+10 
-0.012 0.02 -0.010978 0.017692 -0.0104 0.02 0 0 0 0 0 0 1.04167e+10 1.04167e+10 1.04167e+10 
-0.0040338 -0.0144474 -0.00332347 -0.0132564 -0.00489712 -0.0127592 0 0 0 0 0 0 2.08333e+10 2.08333e+10 2.08333e+10 
-0.0040338 -0.0144474 -0.00489712 -0.0127592 -0.00522858 -0.0140592 0 0 0 0 0 0 2.08333e+10 2.08333e+10 2.08333e+10 
0.00139375 -0.0173099 0.0008 -0.02 0.0024 -0.02 0 0 0 0 0 0 1.04167e+10 1.04167e+10 1.04167e+10 
0.00139375 -0.0173099 0.0024 -0.02 0.0034614 -0.0174064 0 0 0 0 0 0 1.04167e+10 1.04167e+10 1.04167e+10 
0.00139375 -0.0173099 -0.000829299 -0.0171358 0.0008 -0.02 0 0 0 0 0 0 1.04167e+10 1.04167e+10 1.04167e+10 
-0.00119626 0.0171979 -0.0008 0.02 -0.0024 0.02 0 0 0 0 0 0 1.04167e+10 1.04167e+10 1.04167e+10 
-0.00119626 0.0171979 -0.0024 0.02 -0.00396038 0.0174 0 0 0 0 0 0 1.04167e+10 1.04167e+10 1.04167e+10 
-0.00119626 0.0171979 0.00132347 0.0170753 0.0008 0.02 0 0 0 0 0 0 1.04167e+10 1.04167e+10 1.04167e+10 
-0.00119626 0.0171979 0.0008 0.02 -0.0008 0.02 0 0 0 0 0 0 1.04167e+10 1.04167e+10 1.04167e+10 
0.0127978 0.00479534 0.0121264 0.00630297 0.0109237 0.00409688 0 0 0 0 0 0 2.08333e+10 2.08333e+10 2.08333e+10 
0.0127978 0.00479534 0.0137032 0.00610105 0.0121264 0.00630297 0 0 0 0 0 0 2.08333e+10 2.08333e+10 2.08333e+10 
0.0127978 0.00479534 0.0141656 0.004933 0.0137032 0.00610105 0 0 0 0 0 0 2.08333e+10 2.08333e+10 2.08333e+10 
-0.00889032 -0.00589207 -0.00916031 -0.00720654 -0.00778265 -0.00711971 0 0 0 0 0 0 3.125e+10 3.125e+10 3.125e+10 
-0.00889032 -0.00589207 -0.0104803 -0.00712415 -0.00916031 -0.00720654 0 0 0 0 0 0 3.125e+10 3.125e+10 3.125e+10 
-0.0140665 0.0176528 -0.0136 0.02 -0.0152 0.02 0 0 0 0 0 0 1.04167e+10 1.04167e+10 1.04167e+10 
-0.0140665 0.0176528 -0.0121205 0.0147111 -0.010978 0.017692 0 0 0 0 0 0 1.04167e+10 1.04167e+10 1.04167e+10 
-0.0140665 0.0176528 -0.010978 0.017692 -0.012 0.02 0 0 0 0 0 0 1.04167e+10 1.04167e+10 1.04167e+10 
-0.0140665 0.0176528 -0.012 0.02 -0.0136 0.02 0 0 0 0 0 0 1.04167e+10 1.04167e+10 1.04167e+10 
0.0141656 -0.004933 0.0145287 -0.00373035 0.0132564 -0.00332347 0 0 0 0 0 0 2.08333e+10 2.08333e+10 2.08333e+10 
0.0141656 -0.004933 0.0132564 -0.00332347 0.0127592 -0.00489712 0 0 0 0 0 0 2.08333e+10 2.08333e+10 2.08333e+10 
0.0141656 -0.004933 0.0127592 -0.00489712 0.0137032 -0.00610105 0 0 0 0 0 0 2.08333e+10 2.08333e+10 2.08333e+10 
-0.0138342 -0.0122723 -0.0144796 -0.0149787 -0.0121056 -0.0145863 0 0 0 0 0 0 1.04167e+10 1.04167e+10 1.04167e+10 
-0.0138342 -0.0122723 -0.0164292 -0.0124652 -0.0144796 -0.0149787 0 0 0 0 0 0 1.04167e+10 1.04167e+10 1.04167e+10 
-0.0138342 -0.0122723 -0.0146889 -0.00972458 -0.0164292 -0.0124652 0 0 0 0 0 0 1.04167e+10 1.04167e+10 1.04167e+10 
0.02 0.0008 0.0180066 -0.000401744 0.02 -0.0008 0 0 0 0 0 0 1.04167e+10 1.04167e+10 1.04167e+10 
-0.0147194 0.00981474 -0.0139055 0.0121628 -0.0159771 0.0127401 0 0 0 0 0 0 1.04167e+10 1.04167e+10 1.04167e+10 
-0.0147194 0.00981474 -0.0159771 0.0127401 -0.0174431 0.0101288 0 0 0 0 0 0 1.04167e+10 1.04167e+10 1.04167e+10 
-0.00898719 0.0174135 -0.0104 0.02 -0.010978 0.017692 0 0 0 0 0 0 1.04167e+10 1.04167e+10 1.04167e+10 
-0.00898719 0.0174135 -0.010978 0.017692 -0.00950399 0.0150225 0 0 0 0 0 0 1.04167e+10 1.04167e+10 1.04167e+10 
0.000584331 -0.00151408 -0.000750241 -0.00264937 0.000602843 -0.00327193 0 0 0 0 0 0 3.125e+10 3.125e+10 3.125e+10 
0.000584331 -0.00151408 0.000602843 -0.00327193 0.00157165 -0.00241587 0 0 0 0 0 0 3.125e+10 3.125e+10 3.125e+10 
0.000584331 -0.00151408 0.000467757 0.00123993 -0.00145214 -0.000649874 0 0 0 0 0 0 3.125e+10 3.125e+10 3.125e+10 
0.000584331 -0.00151408 -0.00145214 -0.000649874 -0.000750241 -0.00264937 0 0 0 0 0 0 3.125e+10 3.125e+10 3.125e+10 
0.0163703 0.00728904 0.0184698 0.00712598 0.0182479 0.00968157 0 0 0 0 0 0 1.04167e+10 1.04167e+10 1.04167e+10 
0.0163703 0.00728904 0.0182479 0.00968157 0.0158242 0.00985846 0 0 0 0 0 0 1.04167e+10 1.04167e+10 1.04167e+10 
0.0163703 0.00728904 0.018219 0.00499335 0.0184698 0.00712598 0 0 0 0 0 0 1.04167e+10 1.04167e+10 1.04167e+10 
0.0139431 0.0124497 0.0151878 0.0152435 0.0130393 0.0145943 0 0 0 0 0 0 1.04167e+10 1.04167e+10 1.04167e+10 
0.0139431 0.0124497 0.0130393 0.0145943 0.011238 0.0127458 0 0 0 0 0 0 1.04167e+10 1.04167e+10 1.04167e+10 
0.02 -0.0152 0.017671 -0.0145882 0.0187863 -0.0172033 0 0 0 0 0 0 1.04167e+10 1.04167e+10 1.04167e+10 
0.02 -0.0152 0.0187863 -0.0172033 0.02 -0.0168 0 0 0 0 0 0 1.04167e+10 1.04167e+10 1.04167e+10 
0.02 -0.0152 0.02 -0.0136 0.017671 -0.0145882 0 0 0 0 0 0 1.04167e+10 1.04167e+10 1.04167e+10 
0.00694944 -0.0132931 0.0080374 -0.0126649 0.00630297 -0.0121264 0 0 0 0 0 0 2.08333e+10 2.08333e+10 2.08333e+10 
0.0152 0.02 0.0164481 0.0173355 0.0168 0.02 0 0 0 0 0 0 1.04167e+10 1.04167e+10 1.04167e+10 
0.00662015 -0.00704401 0.00457145 -0.00851741 0.00686994 -0.00942947 0 0 0 0 0 0 2.08333e+10 2.08333e+10 2.08333e+10 
0.00662015 -0.00704401 0.00686994 -0.00942947 0.00873639 -0.00773218 0 0 0 0 0 0 2.08333e+10 2.08333e+10 2.08333e+10 
0.00662015 -0.00704401 0.0082177 -0.00509056 0.00582122 -0.0049891 0 0 0 0 0 0 2.08333e+10 2.08333e+10 2.08333e+10 
0.00662015 -0.00704401 0.00873639 -0.00773218 0.0082177 -0.00509056 0 0 0 0 0 0 2.08333e+10 2.08333e+10 2.08333e+10 
0.0056 -0.02 0.00585176 -0.017725 0.004 -0.02 0 0 0 0 0 0 1.04167e+10 1.04167e+10 1.04167e+10 
-0.00273928 -0.0113405 -0.00511311 -0.0104865 -0.00489712 -0.0127592 0 0 0 0 0 0 2.08333e+10 2.08333e+10 2.08333e+10 
-0.00273928 -0.0113405 -0.00489712 -0.0127592 -0.00332347 -0.0132564 0 0 0 0 0 0 2.08333e+10 2.08333e+10 2.08333e+10 
-0.00273928 -0.0113405 -0.00279021 -0.00925522 -0.00511311 -0.0104865 0 0 0 0 0 0 2.08333e+10 2.08333e+10 2.08333e+10 
-0.00273928 -0.0113405 -0.00332347 -0.0132564 -0.00170135 -0.0135604 0 0 0 0 0 0 2.08333e+10 2.08333e+10 2.08333e+10 
-0.00273928 -0.0113405 -0.00170135 -0.0135604 -0.000237361 -0.0116643 0 0 0 0 0 0 2.08333e+10 2.08333e+10 2.08333e+10 
-0.00273928 -0.0113405 -0.000237361 -0.0116643 -0.000299708 -0.00966202 0 0 0 0 0 0 2.08333e+10 2.08333e+10 2.08333e+10 
-0.00273928 -0.0113405 -0.000299708 -0.00966202 -0.00279021 -0.00925522 0 0 0 0 0 0 2.08333e+10 2.08333e+10 2.08333e+10 
-0.02 0.004 -0.0166762 0.00456563 -0.02 0.0056 0 0 0 0 0 0 1.04167e+10 1.04167e+10 1.04167e+10 
0.02 -0.0104 0.02 -0.0088 0.017896 -0.00977208 0 0 0 0 0 0 1.04167e+10 1.04167e+10 1.04167e+10 
-0.02 -0.0072 -0.0183008 -0.00711937 -0.02 -0.0056 0 0 0 0 0 0 1.04167e+10 1.04167e+10 1.04167e+10 
-0.02 -0.0072 -0.02 -0.0088 -0.0183008 -0.00711937 0 0 0 0 0 0 1.04167e+10 1.04167e+10 1.04167e+10 
0.00248532 -0.0014976 0.000584331 -0.00151408 0.00157165 -0.00241587 0 0 0 0 0 0 3.125e+10 3.125e+10 3.125e+10 
-0.012 -0.02 -0.0104 -0.02 -0.0113692 -0.0172653 0 0 0 0 0 0 1.04167e+10 1.04167e+10 1.04167e+10 
0.0184 0.02 0.02 0.0184 0.02 0.02 0 0 0 0 0 0 1.04167e+10 1.04167e+10 1.04167e+10 
0.0184 0.02 0.0189027 0.0170678 0.02 0.0184 0 0 0 0 0 0 1.04167e+10 1.04167e+10 1.04167e+10 
0.0184 0.02 0.0168 0.02 0.0164481 0.0173355 0 0 0 0 0 0 1.04167e+10 1.04167e+10 1.04167e+10 
0.0184 0.02 0.0164481 0.0173355 0.0189027 0.0170678 0 0 0 0 0 0 1.04167e+10 1.04167e+10 1.04167e+10 
0.0180102 0.0152941 0.02 0.0152 0.0189027 0.0170678 0 0 0 0 0 0 1.04167e+10 1.04167e+10 1.04167e+10 
0.0180102 0.0152941 0.0164481 0.0173355 0.0151878 0.0152435 0 0 0 0 0 0 1.04167e+10 1.04167e+10 1.04167e+10 
0.0180102 0.0152941 0.0189027 0.0170678 0.0164481 0.0173355 0 0 0 0 0 0 1.04167e+10 1.04167e+10 1.04167e+10 
0.0186259 0.00222853 0.0180066 -0.000401744 0.02 0.0008 0 0 0 0 0 0 1.04167e+10 1.04167e+10 1.04167e+10 
-0.00502853 0.0015827 -0.00194381 0.0016011 -0.00305743 0.00331477 0 0 0 0 0 0 3.125e+10 3.125e+10 3.125e+10 
-0.00502853 0.0015827 -0.00479682 0.00440384 -0.00672989 0.0026312 0 0 0 0 0 0 3.125e+10 3.125e+10 3.125e+10 
-0.00502853 0.0015827 -0.00305743 0.00331477 -0.00479682 0.00440384 0 0 0 0 0 0 3.125e+10 3.125e+10 3.125e+10 
-0.0121353 -0.00881678 -0.0117243 -0.00687369 -0.0128305 -0.00777041 0 0 0 0 0 0 2.08333e+10 2.08333e+10 2.08333e+10 
-0.0121353 -0.00881678 -0.0104803 -0.00712415 -0.0117243 -0.00687369 0 0 0 0 0 0 2.08333e+10 2.08333e+10 2.08333e+10 
0.0132825 0.00321777 0.011549 0.00165283 0.0135735 0.00159329 0 0 0 0 0 0 2.08333e+10 2.08333e+10 2.08333e+10 
0.0132825 0.00321777 0.0109237 0.00409688 0.011549 0.00165283 0 0 0 0 0 0 2.08333e+10 2.08333e+10 2.08333e+10 
0.0132825 0.00321777 0.0127978 0.00479534 0.0109237 0.00409688 0 0 0 0 0 0 2.08333e+10 2.08333e+10 2.08333e+10 
0.0132825 0.00321777 0.0145287 0.00373035 0.0141656 0.004933 0 0 0 0 0 0 2.08333e+10 2.08333e+10 2.08333e+10 
0.0132825 0.00321777 0.0141656 0.004933 0.0127978 0.00479534 0 0 0 0 0 0 2.08333e+10 2.08333e+10 2.08333e+10 
0.0117554 0.00931722 0.0112783 0.0077187 0.0124938 0.00830087 0 0 0 0 0 0 2.08333e+10 2.08333e+10 2.08333e+10 
0.0117554 0.00931722 0.0102657 0.00902186 0.0112783 0.0077187 0 0 0 0 0 0 2.08333e+10 2.08333e+10 2.08333e+10 
0.0117554 0.00931722 0.0109345 0.0102682 0.0102657 0.00902186 0 0 0 0 0 0 2.08333e+10 2.08333e+10 2.08333e+10 
-0.000137155 0.00754379 -0.00293224 0.00637743 -0.00138206 0.0053034 0 0 0 0 0 0 3.125e+10 3.125e+10 3.125e+10 
-0.0008 -0.02 0.0008 -0.02 -0.000829299 -0.0171358 0 0 0 0 0 0 1.04167e+10 1.04167e+10 1.04167e+10 
-0.0102657 -0.00902186 -0.00916031 -0.00720654 -0.0104803 -0.00712415 0 0 0 0 0 0 2.08333e+10 2.08333e+10 2.08333e+10 
-0.0102657 -0.00902186 -0.0113549 -0.00980131 -0.010495 -0.0107171 0 0 0 0 0 0 2.08333e+10 2.08333e+10 2.08333e+10 
-0.0102657 -0.00902186 -0.0121353 -0.00881678 -0.0113549 -0.00980131 0 0 0 0 0 0 2.08333e+10 2.08333e+10 2.08333e+10 
-0.0102657 -0.00902186 -0.0104803 -0.00712415 -0.0121353 -0.00881678 0 0 0 0 0 0 2.08333e+10 2.08333e+10 2.08333e+10 
-0.0042023 0.00654919 -0.00586605 0.00492695 -0.00479682 0.00440384 0 0 0 0 0 0 3.125e+10 3.125e+10 3.125e+10 
-0.0042023 0.00654919 -0.00479682 0.00440384 -0.00293224 0.00637743 0 0 0 0 0 0 3.125e+10 3.125e+10 3.125e+10 
-0.0042023 0.00654919 -0.00662681 0.00699957 -0.00586605 0.00492695 0 0 0 0 0 0 3.125e+10 3.125e+10 3.125e+10 
-0.0042023 0.00654919 -0.00293224 0.00637743 -0.00463503 0.00866155 0 0 0 0 0 0 3.125e+10 3.125e+10 3.125e+10 
-0.0042023 0.00654919 -0.00463503 0.00866155 -0.00662681 0.00699957 0 0 0 0 0 0 3.125e+10 3.125e+10 3.125e+10 
-0.02 0.0008 -0.02 -0.0008 -0.0174726 0.000116438 0 0 0 0 0 0 1.04167e+10 1.04167e+10 1.04167e+10 
-0.010619 -0.00577373 -0.0117243 -0.00687369 -0.0104803 -0.00712415 0 0 0 0 0 0 3.125e+10 3.125e+10 3.125e+10 
-0.010619 -0.00577373 -0.0104803 -0.00712415 -0.00889032 -0.00589207 0 0 0 0 0 0 3.125e+10 3.125e+10 3.125e+10 
-0.010619 -0.00577373 -0.00859042 -0.00392335 -0.0112263 -0.00356636 0 0 0 0 0 0 3.125e+10 3.125e+10 3.125e+10 
-0.010619 -0.00577373 -0.00889032 -0.00589207 -0.00859042 -0.00392335 0 0 0 0 0 0 3.125e+10 3.125e+10 3.125e+10 
-0.00216497 -0.00364037 -0.00146727 -0.00476923 -0.000412972 -0.00405858 0 0 0 0 0 0 3.125e+10 3.125e+10 3.125e+10 
-0.00216497 -0.00364037 -0.000412972 -0.00405858 -0.000750241 -0.00264937 0 0 0 0 0 0 3.125e+10 3.125e+10 3.125e+10 
-0.00216497 -0.00364037 -0.00359244 -0.00218868 -0.00363317 -0.00446841 0 0 0 0 0 0 3.125e+10 3.125e+10 3.125e+10 
-0.00216497 -0.00364037 -0.000750241 -0.00264937 -0.00359244 -0.00218868 0 0 0 0 0 0 3.125e+10 3.125e+10 3.125e+10 
-0.00216497 -0.00364037 -0.00270795 -0.00548071 -0.00146727 -0.00476923 0 0 0 0 0 0 3.125e+10 3.125e+10 3.125e+10 
-0.00216497 -0.00364037 -0.00363317 -0.00446841 -0.00270795 -0.00548071 0 0 0 0 0 0 3.125e+10 3.125e+10 3.125e+10 
0.0189126 -0.0121862 0.0166744 -0.0124224 0.017671 -0.0145882 0 0 0 0 0 0 1.04167e+10 1.04167e+10 1.04167e+10 
0.0189126 -0.0121862 0.017671 -0.0145882 0.02 -0.0136 0 0 0 0 0 0 1.04167e+10 1.04167e+10 1.04167e+10 
0.0189126 -0.0121862 0.017896 -0.00977208 0.0166744 -0.0124224 0 0 0 0 0 0 1.04167e+10 1.04167e+10 1.04167e+10 
0.0189126 -0.0121862 0.02 -0.0104 0.017896 -0.00977208 0 0 0 0 0 0 1.04167e+10 1.04167e+10 1.04167e+10 
0.00367019 0.0173969 0.004 0.02 0.0024 0.02 0 0 0 0 0 0 1.04167e+10 1.04167e+10 1.04167e+10 
0.00367019 0.0173969 0.0024 0.02 0.00132347 0.0170753 0 0 0 0 0 0 1.04167e+10 1.04167e+10 1.04167e+10 
0.00367019 0.0173969 0.00610473 0.0177077 0.004 0.02 0 0 0 0 0 0 1.04167e+10 1.04167e+10 1.04167e+10 
0.00581273 -0.0138279 0.00630297 -0.0121264 0.00479534 -0.0127978 0 0 0 0 0 0 2.08333e+10 2.08333e+10 2.08333e+10 
0.00581273 -0.0138279 0.00694944 -0.0132931 0.00630297 -0.0121264 0 0 0 0 0 0 2.08333e+10 2.08333e+10 2.08333e+10 
0.00581273 -0.0138279 0.00479534 -0.0127978 0.00463525 -0.0142658 0 0 0 0 0 0 2.08333e+10 2.08333e+10 2.08333e+10 
-0.00397375 -0.00607737 -0.00363317 -0.00446841 -0.00534104 -0.0051953 0 0 0 0 0 0 3.125e+10 3.125e+10 3.125e+10 
-0.00397375 -0.00607737 -0.00534104 -0.0051953 -0.00525078 -0.00655266 0 0 0 0 0 0 3.125e+10 3.125e+10 3.125e+10 
-0.00397375 -0.00607737 -0.00270795 -0.00548071 -0.00363317 -0.00446841 0 0 0 0 0 0 3.125e+10 3.125e+10 3.125e+10 
-0.00730119 0.000233912 -0.0097425 0.00275416 -0.00988119 0.000259303 0 0 0 0 0 0 3.125e+10 3.125e+10 3.125e+10 
-0.00730119 0.000233912 -0.00672989 0.0026312 -0.0097425 0.00275416 0 0 0 0 0 0 3.125e+10 3.125e+10 3.125e+10 
-0.00730119 0.000233912 -0.00988119 0.000259303 -0.00940221 -0.00200152 0 0 0 0 0 0 3.125e+10 3.125e+10 3.125e+10 
-0.00730119 0.000233912 -0.00502853 0.0015827 -0.00672989 0.0026312 0 0 0 0 0 0 3.125e+10 3.125e+10 3.125e+10 
0.0136441 -0.0123367 0.0125186 -0.01542 0.015363 -0.0153823 0 0 0 0 0 0 1.04167e+10 1.04167e+10 1.04167e+10 
0.0136441 -0.0123367 0.015363 -0.0153823 0.0166744 -0.0124224 0 0 0 0 0 0 1.04167e+10 1.04167e+10 1.04167e+10 
0.0187927 -0.00786905 0.02 -0.0088 0.02 -0.0072 0 0 0 0 0 0 1.04167e+10 1.04167e+10 1.04167e+10 
0.0187927 -0.00786905 0.017896 -0.00977208 0.02 -0.0088 0 0 0 0 0 0 1.04167e+10 1.04167e+10 1.04167e+10 
0.0187927 -0.00786905 0.0159193 -0.00781946 0.017896 -0.00977208 0 0 0 0 0 0 1.04167e+10 1.04167e+10 1.04167e+10 
0.0159417 0.0125784 0.0182479 0.00968157 0.0188438 0.0125262 0 0 0 0 0 0 1.04167e+10 1.04167e+10 1.04167e+10 
0.0159417 0.0125784 0.0158242 0.00985846 0.0182479 0.00968157 0 0 0 0 0 0 1.04167e+10 1.04167e+10 1.04167e+10 
0.0159417 0.0125784 0.0139431 0.0124497 0.0158242 0.00985846 0 0 0 0 0 0 1.04167e+10 1.04167e+10 1.04167e+10 
0.0159417 0.0125784 0.0151878 0.0152435 0.0139431 0.0124497 0 0 0 0 0 0 1.04167e+10 1.04167e+10 1.04167e+10 
0.0159417 0.0125784 0.0188438 0.0125262 0.0180102 0.0152941 0 0 0 0 0 0 1.04167e+10 1.04167e+10 1.04167e+10 
0.0159417 0.0125784 0.0180102 0.0152941 0.0151878 0.0152435 0 0 0 0 0 0 1.04167e+10 1.04167e+10 1.04167e+10 
-0.0056 -0.02 -0.00384331 -0.0174883 -0.00624478 -0.0173872 0 0 0 0 0 0 1.04167e+10 1.04167e+10 1.04167e+10 
-0.0056 -0.02 -0.004 -0.02 -0.00384331 -0.0174883 0 0 0 0 0 0 1.04167e+10 1.04167e+10 1.04167e+10 
-0.0056 -0.02 -0.00624478 -0.0173872 -0.0072 -0.02 0 0 0 0 0 0 1.04167e+10 1.04167e+10 1.04167e+10 
0.00387009 0.00807857 0.00319031 0.00558841 0.00538918 0.00593249 0 0 0 0 0 0 3.125e+10 3.125e+10 3.125e+10 
0.00387009 0.00807857 0.00538918 0.00593249 0.00577506 0.00761926 0 0 0 0 0 0 3.125e+10 3.125e+10 3.125e+10 
0.00387009 0.00807857 0.00577506 0.00761926 0.00589183 0.00943777 0 0 0 0 0 0 3.125e+10 3.125e+10 3.125e+10 
0.00387009 0.00807857 0.00589183 0.00943777 0.00383126 0.0103193 0 0 0 0 0 0 3.125e+10 3.125e+10 3.125e+10 
0.00387009 0.00807857 0.00383126 0.0103193 0.00201559 0.00909509 0 0 0 0 0 0 3.125e+10 3.125e+10 3.125e+10 
-0.0147713 0.0153401 -0.0139055 0.0121628 -0.0121205 0.0147111 0 0 0 0 0 0 1.04167e+10 1.04167e+10 1.04167e+10 
-0.0147713 0.0153401 -0.0159771 0.0127401 -0.0139055 0.0121628 0 0 0 0 0 0 1.04167e+10 1.04167e+10 1.04167e+10 
-0.0147713 0.0153401 -0.0170168 0.0148792 -0.0159771 0.0127401 0 0 0 0 0 0 1.04167e+10 1.04167e+10 1.04167e+10 
-0.0147713 0.0153401 -0.0121205 0.0147111 -0.0140665 0.0176528 0 0 0 0 0 0 1.04167e+10 1.04167e+10 1.04167e+10 
-0.00638669 -0.0135724 -0.00489712 -0.0127592 -0.00639936 -0.0120758 0 0 0 0 0 0 2.08333e+10 2.08333e+10 2.08333e+10 
-0.00638669 -0.0135724 -0.00522858 -0.0140592 -0.00489712 -0.0127592 0 0 0 0 0 0 2.08333e+10 2.08333e+10 2.08333e+10 
-0.00638669 -0.0135724 -0.00639936 -0.0120758 -0.0075 -0.0129904 0 0 0 0 0 0 2.08333e+10 2.08333e+10 2.08333e+10 
-0.00664388 -0.00152102 -0.00859042 -0.00392335 -0.00613751 -0.00339611 0 0 0 0 0 0 3.125e+10 3.125e+10 3.125e+10 
-0.00664388 -0.00152102 -0.00940221 -0.00200152 -0.00859042 -0.00392335 0 0 0 0 0 0 3.125e+10 3.125e+10 3.125e+10 
-0.00664388 -0.00152102 -0.00613751 -0.00339611 -0.00359244 -0.00218868 0 0 0 0 0 0 3.125e+10 3.125e+10 3.125e+10 
-0.00664388 -0.00152102 -0.00730119 0.000233912 -0.00940221 -0.00200152 0 0 0 0 0 0 3.125e+10 3.125e+10 3.125e+10 
-0.0188929 0.0172559 -0.02 0.0184 -0.02 0.0168 0 0 0 0 0 0 1.04167e+10 1.04167e+10 1.04167e+10 
-0.0188929 0.0172559 -0.0184 0.02 -0.02 0.0184 0 0 0 0 0 0 1.04167e+10 1.04167e+10 1.04167e+10 
-0.0188929 0.0172559 -0.02 0.0152 -0.0170168 0.0148792 0 0 0 0 0 0 1.04167e+10 1.04167e+10 1.04167e+10 
-0.0188929 0.0172559 -0.02 0.0168 -0.02 0.0152 0 0 0 0 0 0 1.04167e+10 1.04167e+10 1.04167e+10 
-0.00910334 -0.0101935 -0.00724787 -0.00914219 -0.00916031 -0.00720654 0 0 0 0 0 0 2.08333e+10 2.08333e+10 2.08333e+10 
-0.00910334 -0.0101935 -0.00916031 -0.00720654 -0.0102657 -0.00902186 0 0 0 0 0 0 2.08333e+10 2.08333e+10 2.08333e+10 
-0.00910334 -0.0101935 -0.0102657 -0.00902186 -0.010495 -0.0107171 0 0 0 0 0 0 2.08333e+10 2.08333e+10 2.08333e+10 
-0.00910334 -0.0101935 -0.00780828 -0.0112164 -0.00724787 -0.00914219 0 0 0 0 0 0 2.08333e+10 2.08333e+10 2.08333e+10 
0.0124938 -0.00830087 0.0112164 -0.00780828 0.0117554 -0.00931722 0 0 0 0 0 0 2.08333e+10 2.08333e+10 2.08333e+10 
0.0124938 -0.00830087 0.0120758 -0.00639936 0.0112164 -0.00780828 0 0 0 0 0 0 2.08333e+10 2.08333e+10 2.08333e+10 
-0.0171529 -0.00962903 -0.0183731 -0.0121929 -0.0164292 -0.0124652 0 0 0 0 0 0 1.04167e+10 1.04167e+10 1.04167e+10 
-0.0171529 -0.00962903 -0.0164292 -0.0124652 -0.0146889 -0.00972458 0 0 0 0 0 0 1.04167e+10 1.04167e+10 1.04167e+10 
-0.0171529 -0.00962903 -0.02 -0.0104 -0.0183731 -0.0121929 0 0 0 0 0 0 1.04167e+10 1.04167e+10 1.04167e+10 
-0.0171529 -0.00962903 -0.0146889 -0.00972458 -0.0160636 -0.00760221 0 0 0 0 0 0 1.04167e+10 1.04167e+10 1.04167e+10 
-0.0171529 -0.00962903 -0.02 -0.0088 -0.02 -0.0104 0 0 0 0 0 0 1.04167e+10 1.04167e+10 1.04167e+10 
-0.0171529 -0.00962903 -0.0160636 -0.00760221 -0.0183008 -0.00711937 0 0 0 0 0 0 1.04167e+10 1.04167e+10 1.04167e+10 
-0.0171529 -0.00962903 -0.0183008 -0.00711937 -0.02 -0.0088 0 0 0 0 0 0 1.04167e+10 1.04167e+10 1.04167e+10 
-0.00956136 -0.0115577 -0.00910334 -0.0101935 -0.010495 -0.0107171 0 0 0 0 0 0 2.08333e+10 2.08333e+10 2.08333e+10 
-0.00956136 -0.0115577 -0.00780828 -0.0112164 -0.00910334 -0.0101935 0 0 0 0 0 0 2.08333e+10 2.08333e+10 2.08333e+10 
-0.0188031 0.0120672 -0.0170168 0.0148792 -0.02 0.0136 0 0 0 0 0 0 1.04167e+10 1.04167e+10 1.04167e+10 
-0.0188031 0.0120672 -0.0159771 0.0127401 -0.0170168 0.0148792 0 0 0 0 0 0 1.04167e+10 1.04167e+10 1.04167e+10 
-0.0188031 0.0120672 -0.02 0.0136 -0.02 0.012 0 0 0 0 0 0 1.04167e+10 1.04167e+10 1.04167e+10 
-0.0188031 0.0120672 -0.02 0.0104 -0.0174431 0.0101288 0 0 0 0 0 0 1.04167e+10 1.04167e+10 1.04167e+10 
-0.0188031 0.0120672 -0.02 0.012 -0.02 0.0104 0 0 0 0 0 0 1.04167e+10 1.04167e+10 1.04167e+10 
-0.0188031 0.0120672 -0.0174431 0.0101288 -0.0159771 0.0127401 0 0 0 0 0 0 1.04167e+10 1.04167e+10 1.04167e+10 
0.02 -0.012 0.0189126 -0.0121862 0.02 -0.0136 0 0 0 0 0 0 1.04167e+10 1.04167e+10 1.04167e+10 
0.02 -0.012 0.02 -0.0104 0.0189126 -0.0121862 0 0 0 0 0 0 1.04167e+10 1.04167e+10 1.04167e+10 
-0.0184 -0.02 -0.02 -0.0184 -0.02 -0.02 0 0 0 0 0 0 1.04167e+10 1.04167e+10 1.04167e+10 
0.0147899 -0.00250153 0.0149474 -0.00125517 0.0135604 -0.00170135 0 0 0 0 0 0 2.08333e+10 2.08333e+10 2.08333e+10 
0.0147899 -0.00250153 0.0135604 -0.00170135 0.0132564 -0.00332347 0 0 0 0 0 0 2.08333e+10 2.08333e+10 2.08333e+10 
0.0147899 -0.00250153 0.0132564 -0.00332347 0.0145287 -0.00373035 0 0 0 0 0 0 2.08333e+10 2.08333e+10 2.08333e+10 
-0.00506265 0.0106967 -0.00463503 0.00866155 -0.00240276 0.00988265 0 0 0 0 0 0 3.125e+10 3.125e+10 3.125e+10 
-0.00506265 0.0106967 -0.00240276 0.00988265 -0.00237313 0.0118302 0 0 0 0 0 0 3.125e+10 3.125e+10 3.125e+10 
0.0072 0.02 0.0056 0.02 0.00610473 0.0177077 0 0 0 0 0 0 1.04167e+10 1.04167e+10 1.04167e+10 
0.0072 0.02 0.00610473 0.0177077 0.00856539 0.017631 0 0 0 0 0 0 1.04167e+10 1.04167e+10 1.04167e+10 
0.0072 0.02 0.00856539 0.017631 0.0088 0.02 0 0 0 0 0 0 1.04167e+10 1.04167e+10 1.04167e+10 
0.0131446 -0.00722631 0.0137032 -0.00610105 0.0120758 -0.00639936 0 0 0 0 0 0 2.08333e+10 2.08333e+10 2.08333e+10 
0.0131446 -0.00722631 0.0120758 -0.00639936 0.0124938 -0.00830087 0 0 0 0 0 0 2.08333e+10 2.08333e+10 2.08333e+10 
0.02 0.0168 0.02 0.0184 0.0189027 0.0170678 0 0 0 0 0 0 1.04167e+10 1.04167e+10 1.04167e+10 
0.02 0.0168 0.0189027 0.0170678 0.02 0.0152 0 0 0 0 0 0 1.04167e+10 1.04167e+10 1.04167e+10 
-0.0085607 -0.0123172 -0.0075 -0.0129904 -0.00780828 -0.0112164 0 0 0 0 0 0 2.08333e+10 2.08333e+10 2.08333e+10 
-0.0085607 -0.0123172 -0.00780828 -0.0112164 -0.00956136 -0.0115577 0 0 0 0 0 0 2.08333e+10 2.08333e+10 2.08333e+10 
0.00482154 0.00155128 0.00552539 0.00279412 0.00386576 0.00253216 0 0 0 0 0 0 3.125e+10 3.125e+10 3.125e+10 
0.00482154 0.00155128 0.00736062 0.00214455 0.00552539 0.00279412 0 0 0 0 0 0 2.08333e+10 2.08333e+10 2.08333e+10 
0.00482154 0.00155128 0.00291431 0.00110134 0.00411711 0.000494335 0 0 0 0 0 0 3.125e+10 3.125e+10 3.125e+10 
0.00482154 0.00155128 0.00386576 0.00253216 0.00291431 0.00110134 0 0 0 0 0 0 3.125e+10 3.125e+10 3.125e+10 
0.0150528 -0.0103272 0.0166744 -0.0124224 0.017896 -0.00977208 0 0 0 0 0 0 1.04167e+10 1.04167e+10 1.04167e+10 
0.0150528 -0.0103272 0.017896 -0.00977208 0.0159193 -0.00781946 0 0 0 0 0 0 1.04167e+10 1.04167e+10 1.04167e+10 
0.0150528 -0.0103272 0.0136441 -0.0123367 0.0166744 -0.0124224 0 0 0 0 0 0 1.04167e+10 1.04167e+10 1.04167e+10 
0.015 0 0.0149474 0.00125517 0.0136666 -5.44281e-05 0 0 0 0 0 0 2.08333e+10 2.08333e+10 2.08333e+10 
0.015 0 0.0136666 -5.44281e-05 0.0149474 -0.00125517 0 0 0 0 0 0 2.08333e+10 2.08333e+10 2.08333e+10 
-0.00652507 -0.00690138 -0.00778265 -0.00711971 -0.00724787 -0.00914219 0 0 0 0 0 0 2.08333e+10 2.08333e+10 2.08333e+10 
0.010037 0.0111472 0.00906899 0.0119479 0.00910334 0.0101935 0 0 0 0 0 0 2.08333e+10 2.08333e+10 2.08333e+10 
0.010037 0.0111472 0.00910334 0.0101935 0.0109345 0.0102682 0 0 0 0 0 0 2.08333e+10 2.08333e+10 2.08333e+10 
-0.0162285 0.00731717 -0.0187568 0.00780532 -0.0166762 0.00456563 0 0 0 0 0 0 1.04167e+10 1.04167e+10 1.04167e+10 
-0.0162285 0.00731717 -0.0174431 0.0101288 -0.0187568 0.00780532 0 0 0 0 0 0 1.04167e+10 1.04167e+10 1.04167e+10 
-0.0162285 0.00731717 -0.0147194 0.00981474 -0.0174431 0.0101288 0 0 0 0 0 0 1.04167e+10 1.04167e+10 1.04167e+10 
0.0072 -0.02 0.00845758 -0.0172338 0.00585176 -0.017725 0 0 0 0 0 0 1.04167e+10 1.04167e+10 1.04167e+10 
0.0072 -0.02 0.0088 -0.02 0.00845758 -0.0172338 0 0 0 0 0 0 1.04167e+10 1.04167e+10 1.04167e+10 
0.0072 -0.02 0.00585176 -0.017725 0.0056 -0.02 0 0 0 0 0 0 1.04167e+10 1.04167e+10 1.04167e+10 
-0.00161858 0.00841372 -0.00463503 0.00866155 -0.00293224 0.00637743 0 0 0 0 0 0 3.125e+10 3.125e+10 3.125e+10 
-0.00161858 0.00841372 -0.00240276 0.00988265 -0.00463503 0.00866155 0 0 0 0 0 0 3.125e+10 3.125e+10 3.125e+10 
-0.00161858 0.00841372 -0.00293224 0.00637743 -0.000137155 0.00754379 0 0 0 0 0 0 3.125e+10 3.125e+10 3.125e+10 
-0.0170014 -0.0151785 -0.0183731 -0.0121929 -0.02 -0.0136 0 0 0 0 0 0 1.04167e+10 1.04167e+10 1.04167e+10 
-0.0170014 -0.0151785 -0.0164292 -0.0124652 -0.0183731 -0.0121929 0 0 0 0 0 0 1.04167e+10 1.04167e+10 1.04167e+10 
-0.0170014 -0.0151785 -0.0159773 -0.0172389 -0.0144796 -0.0149787 0 0 0 0 0 0 1.04167e+10 1.04167e+10 1.04167e+10 
-0.0170014 -0.0151785 -0.0144796 -0.0149787 -0.0164292 -0.0124652 0 0 0 0 0 0 1.04167e+10 1.04167e+10 1.04167e+10 
-0.0063863 0.0174423 -0.0072 0.02 -0.00898719 0.0174135 0 0 0 0 0 0 1.04167e+10 1.04167e+10 1.04167e+10 
0.00388585 -0.00660893 0.00152939 -0.00751257 0.00457145 -0.00851741 0 0 0 0 0 0 2.08333e+10 2.08333e+10 2.08333e+10 
0.00388585 -0.00660893 0.001215 -0.00553488 0.00152939 -0.00751257 0 0 0 0 0 0 2.08333e+10 2.08333e+10 2.08333e+10 
0.00388585 -0.00660893 0.00457145 -0.00851741 0.00662015 -0.00704401 0 0 0 0 0 0 2.08333e+10 2.08333e+10 2.08333e+10 
0.00388585 -0.00660893 0.00662015 -0.00704401 0.00582122 -0.0049891 0 0 0 0 0 0 2.08333e+10 2.08333e+10 2.08333e+10 
0.018064 -0.00535031 0.0159193 -0.00781946 0.0187927 -0.00786905 0 0 0 0 0 0 1.04167e+10 1.04167e+10 1.04167e+10 
0.018064 -0.00535031 0.02 -0.0072 0.02 -0.0056 0 0 0 0 0 0 1.04167e+10 1.04167e+10 1.04167e+10 
0.018064 -0.00535031 0.0187927 -0.00786905 0.02 -0.0072 0 0 0 0 0 0 1.04167e+10 1.04167e+10 1.04167e+10 
0.018064 -0.00535031 0.02 -0.0056 0.02 -0.004 0 0 0 0 0 0 1.04167e+10 1.04167e+10 1.04167e+10 
0.018064 -0.00535031 0.02 -0.004 0.0186252 -0.002735 0 0 0 0 0 0 1.04167e+10 1.04167e+10 1.04167e+10 
-0.00891945 -0.0174528 -0.0104 -0.02 -0.0088 -0.02 0 0 0 0 0 0 1.04167e+10 1.04167e+10 1.04167e+10 
-0.00891945 -0.0174528 -0.0113692 -0.0172653 -0.0104 -0.02 0 0 0 0 0 0 1.04167e+10 1.04167e+10 1.04167e+10 
-0.00891945 -0.0174528 -0.0088 -0.02 -0.0072 -0.02 0 0 0 0 0 0 1.04167e+10 1.04167e+10 1.04167e+10 
-0.00891945 -0.0174528 -0.0072 -0.02 -0.00624478 -0.0173872 0 0 0 0 0 0 1.04167e+10 1.04167e+10 1.04167e+10 
-0.00891945 -0.0174528 -0.00978155 -0.0147626 -0.0113692 -0.0172653 0 0 0 0 0 0 1.04167e+10 1.04167e+10 1.04167e+10 
-0.0088 0.02 -0.0104 0.02 -0.00898719 0.0174135 0 0 0 0 0 0 1.04167e+10 1.04167e+10 1.04167e+10 
-0.0088 0.02 -0.00898719 0.0174135 -0.0072 0.02 0 0 0 0 0 0 1.04167e+10 1.04167e+10 1.04167e+10 
0.0109746 -0.0175867 0.0125186 -0.01542 0.0107415 -0.0151322 0 0 0 0 0 0 1.04167e+10 1.04167e+10 1.04167e+10 
0.0109746 -0.0175867 0.0088 -0.02 0.0104 -0.02 0 0 0 0 0 0 1.04167e+10 1.04167e+10 1.04167e+10 
0.0109746 -0.0175867 0.00845758 -0.0172338 0.0088 -0.02 0 0 0 0 0 0 1.04167e+10 1.04167e+10 1.04167e+10 
0.0109746 -0.0175867 0.0104 -0.02 0.012 -0.02 0 0 0 0 0 0 1.04167e+10 1.04167e+10 1.04167e+10 
0.0109746 -0.0175867 0.0107415 -0.0151322 0.00845758 -0.0172338 0 0 0 0 0 0 1.04167e+10 1.04167e+10 1.04167e+10 
0.02 0.004 0.02 0.0056 0.018219 0.00499335 0 0 0 0 0 0 1.04167e+10 1.04167e+10 1.04167e+10 
0.02 0.004 0.018219 0.00499335 0.0186259 0.00222853 0 0 0 0 0 0 1.04167e+10 1.04167e+10 1.04167e+10 
-0.0164892 0.0175984 -0.0168 0.02 -0.0184 0.02 0 0 0 0 0 0 1.04167e+10 1.04167e+10 1.04167e+10 
-0.0164892 0.0175984 -0.0184 0.02 -0.0188929 0.0172559 0 0 0 0 0 0 1.04167e+10 1.04167e+10 1.04167e+10 
-0.0164892 0.0175984 -0.0140665 0.0176528 -0.0152 0.02 0 0 0 0 0 0 1.04167e+10 1.04167e+10 1.04167e+10 
-0.0164892 0.0175984 -0.0152 0.02 -0.0168 0.02 0 0 0 0 0 0 1.04167e+10 1.04167e+10 1.04167e+10 
-0.0164892 0.0175984 -0.0170168 0.0148792 -0.0147713 0.0153401 0 0 0 0 0 0 1.04167e+10 1.04167e+10 1.04167e+10 
-0.0164892 0.0175984 -0.0147713 0.0153401 -0.0140665 0.0176528 0 0 0 0 0 0 1.04167e+10 1.04167e+10 1.04167e+10 
-0.0164892 0.0175984 -0.0188929 0.0172559 -0.0170168 0.0148792 0 0 0 0 0 0 1.04167e+10 1.04167e+10 1.04167e+10 
0.02 0.0136 0.0188438 0.0125262 0.02 0.012 0 0 0 0 0 0 1.04167e+10 1.04167e+10 1.04167e+10 
0.02 0.0136 0.02 0.0152 0.0180102 0.0152941 0 0 0 0 0 0 1.04167e+10 1.04167e+10 1.04167e+10 
0.02 0.0136 0.0180102 0.0152941 0.0188438 0.0125262 0 0 0 0 0 0 1.04167e+10 1.04167e+10 1.04167e+10 
0.02 0.0024 0.0186259 0.00222853 0.02 0.0008 0 0 0 0 0 0 1.04167e+10 1.04167e+10 1.04167e+10 
0.02 0.0024 0.02 0.004 0.0186259 0.00222853 0 0 0 0 0 0 1.04167e+10 1.04167e+10 1.04167e+10 
-0.02 -0.0152 -0.0170014 -0.0151785 -0.02 -0.0136 0 0 0 0 0 0 1.04167e+10 1.04167e+10 1.04167e+10 
-0.0152 -0.02 -0.0159773 -0.0172389 -0.0168 -0.02 0 0 0 0 0 0 1.04167e+10 1.04167e+10 1.04167e+10 
-0.000372915 0.00996114 0.000985263 0.0114412 -0.00237313 0.0118302 0 0 0 0 0 0 3.125e+10 3.125e+10 3.125e+10 
-0.000372915 0.00996114 -0.00237313 0.0118302 -0.00240276 0.00988265 0 0 0 0 0 0 3.125e+10 3.125e+10 3.125e+10 
-0.000372915 0.00996114 -0.00240276 0.00988265 -0.00161858 0.00841372 0 0 0 0 0 0 3.125e+10 3.125e+10 3.125e+10 
-0.000372915 0.00996114 0.00201559 0.00909509 0.000985263 0.0114412 0 0 0 0 0 0 3.125e+10 3.125e+10 3.125e+10 
-0.000372915 0.00996114 -0.000137155 0.00754379 0.00201559 0.00909509 0 0 0 0 0 0 3.125e+10 3.125e+10 3.125e+10 
-0.000372915 0.00996114 -0.00161858 0.00841372 -0.000137155 0.00754379 0 0 0 0 0 0 3.125e+10 3.125e+10 3.125e+10 
-0.00425 -0.000267901 -0.00359244 -0.00218868 -0.00145214 -0.000649874 0 0 0 0 0 0 3.125e+10 3.125e+10 3.125e+10 
-0.00425 -0.000267901 -0.00145214 -0.000649874 -0.00194381 0.0016011 0 0 0 0 0 0 3.125e+10 3.125e+10 3.125e+10 
-0.00425 -0.000267901 -0.00194381 0.0016011 -0.00502853 0.0015827 0 0 0 0 0 0 3.125e+10 3.125e+10 3.125e+10 
-0.00425 -0.000267901 -0.00664388 -0.00152102 -0.00359244 -0.00218868 0 0 0 0 0 0 3.125e+10 3.125e+10 3.125e+10 
-0.00425 -0.000267901 -0.00502853 0.0015827 -0.00730119 0.000233912 0 0 0 0 0 0 3.125e+10 3.125e+10 3.125e+10 
-0.00425 -0.000267901 -0.00730119 0.000233912 -0.00664388 -0.00152102 0 0 0 0 0 0 3.125e+10 3.125e+10 3.125e+10 
0.00349617 -0.00445958 0.001215 -0.00553488 0.00388585 -0.00660893 0 0 0 0 0 0 2.08333e+10 2.08333e+10 2.08333e+10 
0.00349617 -0.00445958 0.00582122 -0.0049891 0.00508488 -0.00250101 0 0 0 0 0 0 2.08333e+10 2.08333e+10 2.08333e+10 
0.00349617 -0.00445958 0.00388585 -0.00660893 0.00582122 -0.0049891 0 0 0 0 0 0 2.08333e+10 2.08333e+10 2.08333e+10 
-0.0188003 0.00267149 -0.0166762 0.00456563 -0.02 0.004 0 0 0 0 0 0 1.04167e+10 1.04167e+10 1.04167e+10 
-0.0188003 0.00267149 -0.02 0.004 -0.02 0.0024 0 0 0 0 0 0 1.04167e+10 1.04167e+10 1.04167e+10 
-0.0188003 0.00267149 -0.02 0.0008 -0.0174726 0.000116438 0 0 0 0 0 0 1.04167e+10 1.04167e+10 1.04167e+10 
-0.0188003 0.00267149 -0.02 0.0024 -0.02 0.0008 0 0 0 0 0 0 1.04167e+10 1.04167e+10 1.04167e+10 
0.00321777 -0.0132825 0.00219125 -0.0148391 0.00342526 -0.0146037 0 0 0 0 0 0 2.08333e+10 2.08333e+10 2.08333e+10 
0.00321777 -0.0132825 0.00159329 -0.0135735 0.00219125 -0.0148391 0 0 0 0 0 0 2.08333e+10 2.08333e+10 2.08333e+10 
0.00321777 -0.0132825 0.00227566 -0.0114426 0.00159329 -0.0135735 0 0 0 0 0 0 2.08333e+10 2.08333e+10 2.08333e+10 
0.00321777 -0.0132825 0.00479534 -0.0127978 0.00227566 -0.0114426 0 0 0 0 0 0 2.08333e+10 2.08333e+10 2.08333e+10 
0.00321777 -0.0132825 0.00342526 -0.0146037 0.00463525 -0.0142658 0 0 0 0 0 0 2.08333e+10 2.08333e+10 2.08333e+10 
0.00321777 -0.0132825 0.00463525 -0.0142658 0.00479534 -0.0127978 0 0 0 0 0 0 2.08333e+10 2.08333e+10 2.08333e+10 
-0.00281072 -0.0147343 -0.00156793 -0.0149178 -0.00170135 -0.0135604 0 0 0 0 0 0 2.08333e+10 2.08333e+10 2.08333e+10 
-0.00281072 -0.0147343 -0.00170135 -0.0135604 -0.00332347 -0.0132564 0 0 0 0 0 0 2.08333e+10 2.08333e+10 2.08333e+10 
-0.00281072 -0.0147343 -0.00332347 -0.0132564 -0.0040338 -0.0144474 0 0 0 0 0 0 2.08333e+10 2.08333e+10 2.08333e+10 
-0.0174763 -0.00525843 -0.0183008 -0.00711937 -0.0160636 -0.00760221 0 0 0 0 0 0 1.04167e+10 1.04167e+10 1.04167e+10 
-0.0174763 -0.00525843 -0.018698 -0.00227487 -0.02 -0.004 0 0 0 0 0 0 1.04167e+10 1.04167e+10 1.04167e+10 
-0.0174763 -0.00525843 -0.02 -0.004 -0.02 -0.0056 0 0 0 0 0 0 1.04167e+10 1.04167e+10 1.04167e+10 
-0.0174763 -0.00525843 -0.02 -0.0056 -0.0183008 -0.00711937 0 0 0 0 0 0 1.04167e+10 1.04167e+10 1.04167e+10 
0.0013688 0.00626626 0.00201559 0.00909509 -0.000137155 0.00754379 0 0 0 0 0 0 3.125e+10 3.125e+10 3.125e+10 
0.0013688 0.00626626 0.00204796 0.00336333 0.00319031 0.00558841 0 0 0 0 0 0 3.125e+10 3.125e+10 3.125e+10 
0.0013688 0.00626626 5.07106e-06 0.00386748 0.00204796 0.00336333 0 0 0 0 0 0 3.125e+10 3.125e+10 3.125e+10 
0.0013688 0.00626626 -0.00138206 0.0053034 5.07106e-06 0.00386748 0 0 0 0 0 0 3.125e+10 3.125e+10 3.125e+10 
0.0013688 0.00626626 -0.000137155 0.00754379 -0.00138206 0.0053034 0 0 0 0 0 0 3.125e+10 3.125e+10 3.125e+10 
0.0013688 0.00626626 0.00319031 0.00558841 0.00387009 0.00807857 0 0 0 0 0 0 3.125e+10 3.125e+10 3.125e+10 
0.0013688 0.00626626 0.00387009 0.00807857 0.00201559 0.00909509 0 0 0 0 0 0 3.125e+10 3.125e+10 3.125e+10 
-0.000992805 -0.00760211 -0.000299708 -0.00966202 0.00152939 -0.00751257 0 0 0 0 0 0 2.08333e+10 2.08333e+10 2.08333e+10 
-0.000992805 -0.00760211 -0.00279021 -0.00925522 -0.000299708 -0.00966202 0 0 0 0 0 0 2.08333e+10 2.08333e+10 2.08333e+10 
0.00181357 -0.000255936 0.00333618 -0.000524809 0.00291431 0.00110134 0 0 0 0 0 0 3.125e+10 3.125e+10 3.125e+10 
0.00181357 -0.000255936 0.00248532 -0.0014976 0.00333618 -0.000524809 0 0 0 0 0 0 3.125e+10 3.125e+10 3.125e+10 
0.00181357 -0.000255936 0.00291431 0.00110134 0.000467757 0.00123993 0 0 0 0 0 0 3.125e+10 3.125e+10 3.125e+10 
0.00181357 -0.000255936 0.000467757 0.00123993 0.000584331 -0.00151408 0 0 0 0 0 0 3.125e+10 3.125e+10 3.125e+10 
0.00181357 -0.000255936 0.000584331 -0.00151408 0.00248532 -0.0014976 0 0 0 0 0 0 3.125e+10 3.125e+10 3.125e+10 
0.0116343 -0.000868502 0.0135604 -0.00170135 0.0136666 -5.44281e-05 0 0 0 0 0 0 2.08333e+10 2.08333e+10 2.08333e+10 
0.0116343 -0.000868502 0.011549 0.00165283 0.00966202 -0.000299708 0 0 0 0 0 0 2.08333e+10 2.08333e+10 2.08333e+10 
0.0116343 -0.000868502 0.0136666 -5.44281e-05 0.011549 0.00165283 0 0 0 0 0 0 2.08333e+10 2.08333e+10 2.08333e+10 
0.0116343 -0.000868502 0.00966202 -0.000299708 0.00925522 -0.00279021 0 0 0 0 0 0 2.08333e+10 2.08333e+10 2.08333e+10 
0.0116343 -0.000868502 0.00925522 -0.00279021 0.0111756 -0.00334923 0 0 0 0 0 0 2.08333e+10 2.08333e+10 2.08333e+10 
0.0116343 -0.000868502 0.0111756 -0.00334923 0.0135604 -0.00170135 0 0 0 0 0 0 2.08333e+10 2.08333e+10 2.08333e+10 
0.0139377 0.0177711 0.0151878 0.0152435 0.0164481 0.0173355 0 0 0 0 0 0 1.04167e+10 1.04167e+10 1.04167e+10 
0.0139377 0.0177711 0.0164481 0.0173355 0.0152 0.02 0 0 0 0 0 0 1.04167e+10 1.04167e+10 1.04167e+10 
0.0139377 0.0177711 0.0152 0.02 0.0136 0.02 0 0 0 0 0 0 1.04167e+10 1.04167e+10 1.04167e+10 
0.0139377 0.0177711 0.0130393 0.0145943 0.0151878 0.0152435 0 0 0 0 0 0 1.04167e+10 1.04167e+10 1.04167e+10 
0.0139377 0.0177711 0.0136 0.02 0.012 0.02 0 0 0 0 0 0 1.04167e+10 1.04167e+10 1.04167e+10 
-0.0184273 -0.0175924 -0.02 -0.0168 -0.02 -0.0184 0 0 0 0 0 0 1.04167e+10 1.04167e+10 1.04167e+10 
-0.0184273 -0.0175924 -0.02 -0.0184 -0.0184 -0.02 0 0 0 0 0 0 1.04167e+10 1.04167e+10 1.04167e+10 
-0.0184273 -0.0175924 -0.0159773 -0.0172389 -0.0170014 -0.0151785 0 0 0 0 0 0 1.04167e+10 1.04167e+10 1.04167e+10 
-0.0184273 -0.0175924 -0.0184 -0.02 -0.0168 -0.02 0 0 0 0 0 0 1.04167e+10 1.04167e+10 1.04167e+10 
-0.0184273 -0.0175924 -0.0168 -0.02 -0.0159773 -0.0172389 0 0 0 0 0 0 1.04167e+10 1.04167e+10 1.04167e+10 
-0.0184273 -0.0175924 -0.0170014 -0.0151785 -0.02 -0.0152 0 0 0 0 0 0 1.04167e+10 1.04167e+10 1.04167e+10 
-0.0184273 -0.0175924 -0.02 -0.0152 -0.02 -0.0168 0 0 0 0 0 0 1.04167e+10 1.04167e+10 1.04167e+10 
-0.0024 -0.02 -0.00384331 -0.0174883 -0.004 -0.02 0 0 0 0 0 0 1.04167e+10 1.04167e+10 1.04167e+10 
-0.0024 -0.02 -0.0008 -0.02 -0.000829299 -0.0171358 0 0 0 0 0 0 1.04167e+10 1.04167e+10 1.04167e+10 
-0.0024 -0.02 -0.000829299 -0.0171358 -0.00384331 -0.0174883 0 0 0 0 0 0 1.04167e+10 1.04167e+10 1.04167e+10 
-0.00742247 0.00898412 -0.00662681 0.00699957 -0.00463503 0.00866155 0 0 0 0 0 0 3.125e+10 3.125e+10 3.125e+10 
-0.00742247 0.00898412 -0.00463503 0.00866155 -0.00506265 0.0106967 0 0 0 0 0 0 3.125e+10 3.125e+10 3.125e+10 
-0.00949907 0.00680573 -0.0110497 0.00441622 -0.00837093 0.00503318 0 0 0 0 0 0 3.125e+10 3.125e+10 3.125e+10 
-0.00949907 0.00680573 -0.00837093 0.00503318 -0.00662681 0.00699957 0 0 0 0 0 0 3.125e+10 3.125e+10 3.125e+10 
-0.00949907 0.00680573 -0.00662681 0.00699957 -0.00742247 0.00898412 0 0 0 0 0 0 3.125e+10 3.125e+10 3.125e+10 
0.0134511 -0.0178423 0.015363 -0.0153823 0.0125186 -0.01542 0 0 0 0 0 0 1.04167e+10 1.04167e+10 1.04167e+10 
0.0134511 -0.0178423 0.0167116 -0.0177465 0.015363 -0.0153823 0 0 0 0 0 0 1.04167e+10 1.04167e+10 1.04167e+10 
0.0134511 -0.0178423 0.0125186 -0.01542 0.0109746 -0.0175867 0 0 0 0 0 0 1.04167e+10 1.04167e+10 1.04167e+10 
0.0134511 -0.0178423 0.0136 -0.02 0.0152 -0.02 0 0 0 0 0 0 1.04167e+10 1.04167e+10 1.04167e+10 
0.0134511 -0.0178423 0.0152 -0.02 0.0167116 -0.0177465 0 0 0 0 0 0 1.04167e+10 1.04167e+10 1.04167e+10 
0.0134511 -0.0178423 0.012 -0.02 0.0136 -0.02 0 0 0 0 0 0 1.04167e+10 1.04167e+10 1.04167e+10 
0.0134511 -0.0178423 0.0109746 -0.0175867 0.012 -0.02 0 0 0 0 0 0 1.04167e+10 1.04167e+10 1.04167e+10 
-0.0056 0.02 -0.00396038 0.0174 -0.004 0.02 0 0 0 0 0 0 1.04167e+10 1.04167e+10 1.04167e+10 
-0.0056 0.02 -0.0063863 0.0174423 -0.00396038 0.0174 0 0 0 0 0 0 1.04167e+10 1.04167e+10 1.04167e+10 
-0.0056 0.02 -0.0072 0.02 -0.0063863 0.0174423 0 0 0 0 0 0 1.04167e+10 1.04167e+10 1.04167e+10 
0.0113208 0.0178671 0.0104 0.02 0.00856539 0.017631 0 0 0 0 0 0 1.04167e+10 1.04167e+10 1.04167e+10 
0.0113208 0.0178671 0.00856539 0.017631 0.0102637 0.0152755 0 0 0 0 0 0 1.04167e+10 1.04167e+10 1.04167e+10 
0.0113208 0.0178671 0.012 0.02 0.0104 0.02 0 0 0 0 0 0 1.04167e+10 1.04167e+10 1.04167e+10 
0.0113208 0.0178671 0.0139377 0.0177711 0.012 0.02 0 0 0 0 0 0 1.04167e+10 1.04167e+10 1.04167e+10 
0.0113208 0.0178671 0.0102637 0.0152755 0.0130393 0.0145943 0 0 0 0 0 0 1.04167e+10 1.04167e+10 1.04167e+10 
0.0113208 0.0178671 0.0130393 0.0145943 0.0139377 0.0177711 0 0 0 0 0 0 1.04167e+10 1.04167e+10 1.04167e+10 
0.00902186 -0.0102657 0.00873639 -0.00773218 0.00686994 -0.00942947 0 0 0 0 0 0 2.08333e+10 2.08333e+10 2.08333e+10 
0.00902186 -0.0102657 0.00686994 -0.00942947 0.0077187 -0.0112783 0 0 0 0 0 0 2.08333e+10 2.08333e+10 2.08333e+10 
0.00902186 -0.0102657 0.010037 -0.0111472 0.0109345 -0.0102682 0 0 0 0 0 0 2.08333e+10 2.08333e+10 2.08333e+10 
0.00902186 -0.0102657 0.00906899 -0.0119479 0.010037 -0.0111472 0 0 0 0 0 0 2.08333e+10 2.08333e+10 2.08333e+10 
0.00902186 -0.0102657 0.0077187 -0.0112783 0.00906899 -0.0119479 0 0 0 0 0 0 2.08333e+10 2.08333e+10 2.08333e+10 
0.0101935 -0.00910334 0.0109345 -0.0102682 0.0117554 -0.00931722 0 0 0 0 0 0 2.08333e+10 2.08333e+10 2.08333e+10 
0.0101935 -0.00910334 0.0117554 -0.00931722 0.0112164 -0.00780828 0 0 0 0 0 0 2.08333e+10 2.08333e+10 2.08333e+10 
0.0101935 -0.00910334 0.00902186 -0.0102657 0.0109345 -0.0102682 0 0 0 0 0 0 2.08333e+10 2.08333e+10 2.08333e+10 
0.0101935 -0.00910334 0.0112164 -0.00780828 0.00873639 -0.00773218 0 0 0 0 0 0 2.08333e+10 2.08333e+10 2.08333e+10 
0.0101935 -0.00910334 0.00873639 -0.00773218 0.00902186 -0.0102657 0 0 0 0 0 0 2.08333e+10 2.08333e+10 2.08333e+10 
0.0147899 0.00250153 0.0135735 0.00159329 0.0149474 0.00125517 0 0 0 0 0 0 2.08333e+10 2.08333e+10 2.08333e+10 
0.0147899 0.00250153 0.0132825 0.00321777 0.0135735 0.00159329 0 0 0 0 0 0 2.08333e+10 2.08333e+10 2.08333e+10 
0.0147899 0.00250153 0.0145287 0.00373035 0.0132825 0.00321777 0 0 0 0 0 0 2.08333e+10 2.08333e+10 2.08333e+10 
-0.0133648 -0.0177646 -0.0113692 -0.0172653 -0.0121056 -0.0145863 0 0 0 0 0 0 1.04167e+10 1.04167e+10 1.04167e+10 
-0.0133648 -0.0177646 -0.0121056 -0.0145863 -0.0144796 -0.0149787 0 0 0 0 0 0 1.04167e+10 1.04167e+10 1.04167e+10 
-0.0133648 -0.0177646 -0.0144796 -0.0149787 -0.0159773 -0.0172389 0 0 0 0 0 0 1.04167e+10 1.04167e+10 1.04167e+10 
-0.0133648 -0.0177646 -0.012 -0.02 -0.0113692 -0.0172653 0 0 0 0 0 0 1.04167e+10 1.04167e+10 1.04167e+10 
-0.0133648 -0.0177646 -0.0136 -0.02 -0.012 -0.02 0 0 0 0 0 0 1.04167e+10 1.04167e+10 1.04167e+10 
-0.0133648 -0.0177646 -0.0159773 -0.0172389 -0.0152 -0.02 0 0 0 0 0 0 1.04167e+10 1.04167e+10 1.04167e+10 
-0.0133648 -0.0177646 -0.0152 -0.02 -0.0136 -0.02 0 0 0 0 0 0 1.04167e+10 1.04167e+10 1.04167e+10 
-0.00704051 -0.00567115 -0.00534104 -0.0051953 -0.00613751 -0.00339611 0 0 0 0 0 0 3.125e+10 3.125e+10 3.125e+10 
-0.00704051 -0.00567115 -0.00613751 -0.00339611 -0.00859042 -0.00392335 0 0 0 0 0 0 3.125e+10 3.125e+10 3.125e+10 
-0.00704051 -0.00567115 -0.00525078 -0.00655266 -0.00534104 -0.0051953 0 0 0 0 0 0 3.125e+10 3.125e+10 3.125e+10 
-0.00704051 -0.00567115 -0.00652507 -0.00690138 -0.00525078 -0.00655266 0 0 0 0 0 0 3.125e+10 3.125e+10 3.125e+10 
-0.00704051 -0.00567115 -0.00859042 -0.00392335 -0.00889032 -0.00589207 0 0 0 0 0 0 3.125e+10 3.125e+10 3.125e+10 
-0.00704051 -0.00567115 -0.00889032 -0.00589207 -0.00778265 -0.00711971 0 0 0 0 0 0 3.125e+10 3.125e+10 3.125e+10 
-0.00704051 -0.00567115 -0.00778265 -0.00711971 -0.00652507 -0.00690138 0 0 0 0 0 0 3.125e+10 3.125e+10 3.125e+10 
0.0149909 -0.00680058 0.0141656 -0.004933 0.0137032 -0.00610105 0 0 0 0 0 0 1.04167e+10 1.04167e+10 1.04167e+10 
0.0149909 -0.00680058 0.0137032 -0.00610105 0.0131446 -0.00722631 0 0 0 0 0 0 1.04167e+10 1.04167e+10 1.04167e+10 
0.0149909 -0.00680058 0.0159193 -0.00781946 0.018064 -0.00535031 0 0 0 0 0 0 1.04167e+10 1.04167e+10 1.04167e+10 
-0.000141451 0.0164607 0.000941858 0.0149704 0.00132347 0.0170753 0 0 0 0 0 0 1.04167e+10 1.04167e+10 1.04167e+10 
-0.000141451 0.0164607 -0.000314136 0.0149967 0.000941858 0.0149704 0 0 0 0 0 0 1.04167e+10 1.04167e+10 1.04167e+10 
-0.000141451 0.0164607 0.00132347 0.0170753 -0.00119626 0.0171979 0 0 0 0 0 0 1.04167e+10 1.04167e+10 1.04167e+10 
-0.000141451 0.0164607 -0.00156793 0.0149178 -0.000314136 0.0149967 0 0 0 0 0 0 1.04167e+10 1.04167e+10 1.04167e+10 
-0.0122776 0.00570581 -0.0128305 0.00777041 -0.0134357 0.00666953 0 0 0 0 0 0 3.125e+10 3.125e+10 3.125e+10 
-0.0122776 0.00570581 -0.0134357 0.00666953 -0.0139466 0.00552187 0 0 0 0 0 0 3.125e+10 3.125e+10 3.125e+10 
-0.0122776 0.00570581 -0.0110497 0.00441622 -0.00949907 0.00680573 0 0 0 0 0 0 3.125e+10 3.125e+10 3.125e+10 
-0.0072977 -0.0147553 -0.00522858 -0.0140592 -0.00638669 -0.0135724 0 0 0 0 0 0 1.04167e+10 1.04167e+10 1.04167e+10 
-0.0072977 -0.0147553 -0.00638669 -0.0135724 -0.0075 -0.0129904 0 0 0 0 0 0 1.04167e+10 1.04167e+10 1.04167e+10 
-0.0072977 -0.0147553 -0.00891945 -0.0174528 -0.00624478 -0.0173872 0 0 0 0 0 0 1.04167e+10 1.04167e+10 1.04167e+10 
-0.0072977 -0.0147553 -0.00978155 -0.0147626 -0.00891945 -0.0174528 0 0 0 0 0 0 1.04167e+10 1.04167e+10 1.04167e+10 
-0.0145032 0.00778667 -0.0134357 0.00666953 -0.0128305 0.00777041 0 0 0 0 0 0 1.04167e+10 1.04167e+10 1.04167e+10 
-0.0145032 0.00778667 -0.0147194 0.00981474 -0.0162285 0.00731717 0 0 0 0 0 0 1.04167e+10 1.04167e+10 1.04167e+10 
0.0143672 0.00803477 0.0124938 0.00830087 0.0131446 0.00722631 0 0 0 0 0 0 1.04167e+10 1.04167e+10 1.04167e+10 
0.0143672 0.00803477 0.0131446 0.00722631 0.0137032 0.00610105 0 0 0 0 0 0 1.04167e+10 1.04167e+10 1.04167e+10 
0.0143672 0.00803477 0.0163703 0.00728904 0.0158242 0.00985846 0 0 0 0 0 0 1.04167e+10 1.04167e+10 1.04167e+10 
0.0100905 0.013006 0.0080374 0.0126649 0.00906899 0.0119479 0 0 0 0 0 0 1.04167e+10 1.04167e+10 1.04167e+10 
0.0100905 0.013006 0.011238 0.0127458 0.0102637 0.0152755 0 0 0 0 0 0 1.04167e+10 1.04167e+10 1.04167e+10 
0.0100905 0.013006 0.00906899 0.0119479 0.010037 0.0111472 0 0 0 0 0 0 1.04167e+10 1.04167e+10 1.04167e+10 
0.0100905 0.013006 0.010037 0.0111472 0.011238 0.0127458 0 0 0 0 0 0 1.04167e+10 1.04167e+10 1.04167e+10 
-0.00851036 0.0140907 -0.0085607 0.0123172 -0.0075 0.0129904 0 0 0 0 0 0 1.04167e+10 1.04167e+10 1.04167e+10 
-0.00851036 0.0140907 -0.0075 0.0129904 -0.00638669 0.0135724 0 0 0 0 0 0 1.04167e+10 1.04167e+10 1.04167e+10 
-0.0163922 0.00150691 -0.0149868 0.000628135 -0.0148817 0.00188 0 0 0 0 0 0 1.04167e+10 1.04167e+10 1.04167e+10 
-0.0163922 0.00150691 -0.0188003 0.00267149 -0.0174726 0.000116438 0 0 0 0 0 0 1.04167e+10 1.04167e+10 1.04167e+10 
0.011734 0.011545 0.0139431 0.0124497 0.011238 0.0127458 0 0 0 0 0 0 1.04167e+10 1.04167e+10 1.04167e+10 
0.011734 0.011545 0.010037 0.0111472 0.0109345 0.0102682 0 0 0 0 0 0 1.04167e+10 1.04167e+10 1.04167e+10 
0.011734 0.011545 0.011238 0.0127458 0.010037 0.0111472 0 0 0 0 0 0 1.04167e+10 1.04167e+10 1.04167e+10 
0.011734 0.011545 0.0109345 0.0102682 0.0117554 0.00931722 0 0 0 0 0 0 1.04167e+10 1.04167e+10 1.04167e+10 
-0.0109367 -0.012303 -0.0138342 -0.0122723 -0.0121056 -0.0145863 0 0 0 0 0 0 1.04167e+10 1.04167e+10 1.04167e+10 
-0.0109367 -0.012303 -0.0121056 -0.0145863 -0.00978155 -0.0147626 0 0 0 0 0 0 1.04167e+10 1.04167e+10 1.04167e+10 
-0.0109367 -0.012303 -0.00956136 -0.0115577 -0.010495 -0.0107171 0 0 0 0 0 0 1.04167e+10 1.04167e+10 1.04167e+10 
0.00205381 0.0163327 0.000941858 0.0149704 0.00219125 0.0148391 0 0 0 0 0 0 1.04167e+10 1.04167e+10 1.04167e+10 
0.00205381 0.0163327 0.00132347 0.0170753 0.000941858 0.0149704 0 0 0 0 0 0 1.04167e+10 1.04167e+10 1.04167e+10 
0.00205381 0.0163327 0.00367019 0.0173969 0.00132347 0.0170753 0 0 0 0 0 0 1.04167e+10 1.04167e+10 1.04167e+10 
0.00205381 0.0163327 0.00219125 0.0148391 0.00342526 0.0146037 0 0 0 0 0 0 1.04167e+10 1.04167e+10 1.04167e+10 
-0.00515157 -0.00818512 -0.00511311 -0.0104865 -0.00279021 -0.00925522 0 0 0 0 0 0 2.08333e+10 2.08333e+10 2.08333e+10 
-0.00515157 -0.00818512 -0.00724787 -0.00914219 -0.00511311 -0.0104865 0 0 0 0 0 0 2.08333e+10 2.08333e+10 2.08333e+10 
-0.00515157 -0.00818512 -0.00652507 -0.00690138 -0.00724787 -0.00914219 0 0 0 0 0 0 2.08333e+10 2.08333e+10 2.08333e+10 
-0.00515157 -0.00818512 -0.00525078 -0.00655266 -0.00652507 -0.00690138 0 0 0 0 0 0 2.08333e+10 2.08333e+10 2.08333e+10 
-0.0124789 -0.0107355 -0.0146889 -0.00972458 -0.0138342 -0.0122723 0 0 0 0 0 0 1.04167e+10 1.04167e+10 1.04167e+10 
-0.0124789 -0.0107355 -0.0113549 -0.00980131 -0.0121353 -0.00881678 0 0 0 0 0 0 1.04167e+10 1.04167e+10 1.04167e+10 
-0.0124789 -0.0107355 -0.0138342 -0.0122723 -0.0109367 -0.012303 0 0 0 0 0 0 1.04167e+10 1.04167e+10 1.04167e+10 
-0.0124789 -0.0107355 -0.010495 -0.0107171 -0.0113549 -0.00980131 0 0 0 0 0 0 1.04167e+10 1.04167e+10 1.04167e+10 
-0.0124789 -0.0107355 -0.0109367 -0.012303 -0.010495 -0.0107171 0 0 0 0 0 0 1.04167e+10 1.04167e+10 1.04167e+10 
-0.0119307 0.0113417 -0.0121205 0.0147111 -0.0139055 0.0121628 0 0 0 0 0 0 1.04167e+10 1.04167e+10 1.04167e+10 
-0.0119307 0.0113417 -0.0113549 0.00980131 -0.010495 0.0107171 0 0 0 0 0 0 1.04167e+10 1.04167e+10 1.04167e+10 
0.0159795 0.00395352 0.0141656 0.004933 0.0145287 0.00373035 0 0 0 0 0 0 1.04167e+10 1.04167e+10 1.04167e+10 
0.0159795 0.00395352 0.0145287 0.00373035 0.0147899 0.00250153 0 0 0 0 0 0 1.04167e+10 1.04167e+10 1.04167e+10 
0.0159795 0.00395352 0.0186259 0.00222853 0.018219 0.00499335 0 0 0 0 0 0 1.04167e+10 1.04167e+10 1.04167e+10 
-0.00299223 -0.00738962 -0.00279021 -0.00925522 -0.000992805 -0.00760211 0 0 0 0 0 0 2.08333e+10 2.08333e+10 2.08333e+10 
-0.00299223 -0.00738962 -0.00397375 -0.00607737 -0.00525078 -0.00655266 0 0 0 0 0 0 2.08333e+10 2.08333e+10 2.08333e+10 
-0.00299223 -0.00738962 -0.00525078 -0.00655266 -0.00515157 -0.00818512 0 0 0 0 0 0 2.08333e+10 2.08333e+10 2.08333e+10 
-0.00299223 -0.00738962 -0.00515157 -0.00818512 -0.00279021 -0.00925522 0 0 0 0 0 0 2.08333e+10 2.08333e+10 2.08333e+10 
-0.00299223 -0.00738962 -0.00270795 -0.00548071 -0.00397375 -0.00607737 0 0 0 0 0 0 2.08333e+10 2.08333e+10 2.08333e+10 
0.00943251 -0.0134908 0.00906899 -0.0119479 0.0080374 -0.0126649 0 0 0 0 0 0 1.04167e+10 1.04167e+10 1.04167e+10 
-0.0164468 -0.000691406 -0.0149868 -0.000628135 -0.0149868 0.000628135 0 0 0 0 0 0 1.04167e+10 1.04167e+10 1.04167e+10 
-0.0164468 -0.000691406 -0.0174726 0.000116438 -0.018698 -0.00227487 0 0 0 0 0 0 1.04167e+10 1.04167e+10 1.04167e+10 
-0.0164468 -0.000691406 -0.0148817 -0.00188 -0.0149868 -0.000628135 0 0 0 0 0 0 1.04167e+10 1.04167e+10 1.04167e+10 
-0.0164468 -0.000691406 -0.0149868 0.000628135 -0.0163922 0.00150691 0 0 0 0 0 0 1.04167e+10 1.04167e+10 1.04167e+10 
-0.0164468 -0.000691406 -0.0163922 0.00150691 -0.0174726 0.000116438 0 0 0 0 0 0 1.04167e+10 1.04167e+10 1.04167e+10 
0.0157636 -0.00474181 0.0145287 -0.00373035 0.0141656 -0.004933 0 0 0 0 0 0 1.04167e+10 1.04167e+10 1.04167e+10 
0.0157636 -0.00474181 0.0141656 -0.004933 0.0149909 -0.00680058 0 0 0 0 0 0 1.04167e+10 1.04167e+10 1.04167e+10 
0.0157636 -0.00474181 0.0149909 -0.00680058 0.018064 -0.00535031 0 0 0 0 0 0 1.04167e+10 1.04167e+10 1.04167e+10 
0.00421242 0.0159132 0.00610473 0.0177077 0.00367019 0.0173969 0 0 0 0 0 0 1.04167e+10 1.04167e+10 1.04167e+10 
0.00421242 0.0159132 0.00342526 0.0146037 0.00463525 0.0142658 0 0 0 0 0 0 1.04167e+10 1.04167e+10 1.04167e+10 
0.00421242 0.0159132 0.00367019 0.0173969 0.00205381 0.0163327 0 0 0 0 0 0 1.04167e+10 1.04167e+10 1.04167e+10 
0.00421242 0.0159132 0.00205381 0.0163327 0.00342526 0.0146037 0 0 0 0 0 0 1.04167e+10 1.04167e+10 1.04167e+10 
0.00553315 -0.0155035 0.0034614 -0.0174064 0.00585176 -0.017725 0 0 0 0 0 0 1.04167e+10 1.04167e+10 1.04167e+10 
0.00553315 -0.0155035 0.00581273 -0.0138279 0.00463525 -0.0142658 0 0 0 0 0 0 1.04167e+10 1.04167e+10 1.04167e+10 
0.00553315 -0.0155035 0.00585176 -0.017725 0.00845758 -0.0172338 0 0 0 0 0 0 1.04167e+10 1.04167e+10 1.04167e+10 
0.0027615 -0.00350278 0.000602843 -0.00327193 0.001215 -0.00553488 0 0 0 0 0 0 2.08333e+10 2.08333e+10 2.08333e+10 
0.0027615 -0.00350278 0.001215 -0.00553488 0.00349617 -0.00445958 0 0 0 0 0 0 2.08333e+10 2.08333e+10 2.08333e+10 
0.0027615 -0.00350278 0.00157165 -0.00241587 0.000602843 -0.00327193 0 0 0 0 0 0 2.08333e+10 2.08333e+10 2.08333e+10 
0.0027615 -0.00350278 0.00248532 -0.0014976 0.00157165 -0.00241587 0 0 0 0 0 0 2.08333e+10 2.08333e+10 2.08333e+10 
0.0027615 -0.00350278 0.00349617 -0.00445958 0.00508488 -0.00250101 0 0 0 0 0 0 2.08333e+10 2.08333e+10 2.08333e+10 
-0.00233419 0.016295 -0.00119626 0.0171979 -0.00396038 0.0174 0 0 0 0 0 0 1.04167e+10 1.04167e+10 1.04167e+10 
-0.00233419 0.016295 -0.00281072 0.0147343 -0.00156793 0.0149178 0 0 0 0 0 0 1.04167e+10 1.04167e+10 1.04167e+10 
-0.00233419 0.016295 -0.000141451 0.0164607 -0.00119626 0.0171979 0 0 0 0 0 0 1.04167e+10 1.04167e+10 1.04167e+10 
-0.00233419 0.016295 -0.00156793 0.0149178 -0.000141451 0.0164607 0 0 0 0 0 0 1.04167e+10 1.04167e+10 1.04167e+10 
0.0164563 -0.000408663 0.015 0 0.0149474 -0.00125517 0 0 0 0 0 0 1.04167e+10 1.04167e+10 1.04167e+10 
0.0164563 -0.000408663 0.0149474 0.00125517 0.015 0 0 0 0 0 0 0 1.04167e+10 1.04167e+10 1.04167e+10 
0.0131681 0.00987804 0.0158242 0.00985846 0.0139431 0.0124497 0 0 0 0 0 0 1.04167e+10 1.04167e+10 1.04167e+10 
0.0131681 0.00987804 0.0117554 0.00931722 0.0124938 0.00830087 0 0 0 0 0 0 1.04167e+10 1.04167e+10 1.04167e+10 
0.0131681 0.00987804 0.0124938 0.00830087 0.0143672 0.00803477 0 0 0 0 0 0 1.04167e+10 1.04167e+10 1.04167e+10 
0.0131681 0.00987804 0.0143672 0.00803477 0.0158242 0.00985846 0 0 0 0 0 0 1.04167e+10 1.04167e+10 1.04167e+10 
0.0131681 0.00987804 0.0139431 0.0124497 0.011734 0.011545 0 0 0 0 0 0 1.04167e+10 1.04167e+10 1.04167e+10 
0.0131681 0.00987804 0.011734 0.011545 0.0117554 0.00931722 0 0 0 0 0 0 1.04167e+10 1.04167e+10 1.04167e+10 
-0.0133359 0.00965029 -0.0128305 0.00777041 -0.0121353 0.00881678 0 0 0 0 0 0 1.04167e+10 1.04167e+10 1.04167e+10 
-0.0133359 0.00965029 -0.0145032 0.00778667 -0.0128305 0.00777041 0 0 0 0 0 0 1.04167e+10 1.04167e+10 1.04167e+10 
-0.0133359 0.00965029 -0.0147194 0.00981474 -0.0145032 0.00778667 0 0 0 0 0 0 1.04167e+10 1.04167e+10 1.04167e+10 
-0.0133359 0.00965029 -0.0121353 0.00881678 -0.0113549 0.00980131 0 0 0 0 0 0 1.04167e+10 1.04167e+10 1.04167e+10 
-0.0133359 0.00965029 -0.0113549 0.00980131 -0.0119307 0.0113417 0 0 0 0 0 0 1.04167e+10 1.04167e+10 1.04167e+10 
-0.0133359 0.00965029 -0.0139055 0.0121628 -0.0147194 0.00981474 0 0 0 0 0 0 1.04167e+10 1.04167e+10 1.04167e+10 
-0.0133359 0.00965029 -0.0119307 0.0113417 -0.0139055 0.0121628 0 0 0 0 0 0 1.04167e+10 1.04167e+10 1.04167e+10 
-0.00919928 -0.013651 -0.0075 -0.0129904 -0.0085607 -0.0123172 0 0 0 0 0 0 1.04167e+10 1.04167e+10 1.04167e+10 
-0.00919928 -0.013651 -0.0072977 -0.0147553 -0.0075 -0.0129904 0 0 0 0 0 0 1.04167e+10 1.04167e+10 1.04167e+10 
-0.00919928 -0.013651 -0.00978155 -0.0147626 -0.0072977 -0.0147553 0 0 0 0 0 0 1.04167e+10 1.04167e+10 1.04167e+10 
-0.00919928 -0.013651 -0.0085607 -0.0123172 -0.00956136 -0.0115577 0 0 0 0 0 0 1.04167e+10 1.04167e+10 1.04167e+10 
-0.00919928 -0.013651 -0.00956136 -0.0115577 -0.0109367 -0.012303 0 0 0 0 0 0 1.04167e+10 1.04167e+10 1.04167e+10 
-0.00919928 -0.013651 -0.0109367 -0.012303 -0.00978155 -0.0147626 0 0 0 0 0 0 1.04167e+10 1.04167e+10 1.04167e+10 
0.00843863 0.00612778 0.00851741 0.00457145 0.00978758 0.00634937 0 0 0 0 0 0 2.08333e+10 2.08333e+10 2.08333e+10 
0.00843863 0.00612778 0.00658068 0.00533843 0.00851741 0.00457145 0 0 0 0 0 0 2.08333e+10 2.08333e+10 2.08333e+10 
0.00843863 0.00612778 0.00692056 0.00661202 0.00658068 0.00533843 0 0 0 0 0 0 2.08333e+10 2.08333e+10 2.08333e+10 
0.00843863 0.00612778 0.00712984 0.00786794 0.00692056 0.00661202 0 0 0 0 0 0 2.08333e+10 2.08333e+10 2.08333e+10 
0.00826695 0.0142349 0.00777504 0.015331 0.00694944 0.0132931 0 0 0 0 0 0 1.04167e+10 1.04167e+10 1.04167e+10 
0.00826695 0.0142349 0.00694944 0.0132931 0.0080374 0.0126649 0 0 0 0 0 0 1.04167e+10 1.04167e+10 1.04167e+10 
0.00826695 0.0142349 0.0080374 0.0126649 0.0100905 0.013006 0 0 0 0 0 0 1.04167e+10 1.04167e+10 1.04167e+10 
0.00826695 0.0142349 0.0102637 0.0152755 0.00777504 0.015331 0 0 0 0 0 0 1.04167e+10 1.04167e+10 1.04167e+10 
0.00826695 0.0142349 0.0100905 0.013006 0.0102637 0.0152755 0 0 0 0 0 0 1.04167e+10 1.04167e+10 1.04167e+10 
-0.0052659 -0.0155963 -0.00624478 -0.0173872 -0.00384331 -0.0174883 0 0 0 0 0 0 1.04167e+10 1.04167e+10 1.04167e+10 
-0.0052659 -0.0155963 -0.0040338 -0.0144474 -0.00522858 -0.0140592 0 0 0 0 0 0 1.04167e+10 1.04167e+10 1.04167e+10 
-0.0052659 -0.0155963 -0.00522858 -0.0140592 -0.0072977 -0.0147553 0 0 0 0 0 0 1.04167e+10 1.04167e+10 1.04167e+10 
-0.0052659 -0.0155963 -0.0072977 -0.0147553 -0.00624478 -0.0173872 0 0 0 0 0 0 1.04167e+10 1.04167e+10 1.04167e+10 
-0.013243 -0.00281421 -0.0148817 -0.00188 -0.0146722 -0.00311868 0 0 0 0 0 0 3.125e+10 3.125e+10 3.125e+10 
-0.013243 -0.00281421 -0.0112263 -0.00356636 -0.0115844 -0.000774877 0 0 0 0 0 0 3.125e+10 3.125e+10 3.125e+10 
-0.013243 -0.00281421 -0.0146722 -0.00311868 -0.0143598 -0.00433548 0 0 0 0 0 0 3.125e+10 3.125e+10 3.125e+10 
-0.0162079 -0.00287738 -0.0146722 -0.00311868 -0.0148817 -0.00188 0 0 0 0 0 0 1.04167e+10 1.04167e+10 1.04167e+10 
-0.0162079 -0.00287738 -0.018698 -0.00227487 -0.0174763 -0.00525843 0 0 0 0 0 0 1.04167e+10 1.04167e+10 1.04167e+10 
-0.0162079 -0.00287738 -0.0164468 -0.000691406 -0.018698 -0.00227487 0 0 0 0 0 0 1.04167e+10 1.04167e+10 1.04167e+10 
-0.0162079 -0.00287738 -0.0148817 -0.00188 -0.0164468 -0.000691406 0 0 0 0 0 0 1.04167e+10 1.04167e+10 1.04167e+10 
-0.00314013 -0.016159 -0.000829299 -0.0171358 -0.00156793 -0.0149178 0 0 0 0 0 0 1.04167e+10 1.04167e+10 1.04167e+10 
-0.00314013 -0.016159 -0.00156793 -0.0149178 -0.00281072 -0.0147343 0 0 0 0 0 0 1.04167e+10 1.04167e+10 1.04167e+10 
-0.00314013 -0.016159 -0.00384331 -0.0174883 -0.000829299 -0.0171358 0 0 0 0 0 0 1.04167e+10 1.04167e+10 1.04167e+10 
-0.00314013 -0.016159 -0.00281072 -0.0147343 -0.0040338 -0.0144474 0 0 0 0 0 0 1.04167e+10 1.04167e+10 1.04167e+10 
-0.00314013 -0.016159 -0.0052659 -0.0155963 -0.00384331 -0.0174883 0 0 0 0 0 0 1.04167e+10 1.04167e+10 1.04167e+10 
-0.00314013 -0.016159 -0.0040338 -0.0144474 -0.0052659 -0.0155963 0 0 0 0 0 0 1.04167e+10 1.04167e+10 1.04167e+10 
-0.0134526 0.00152424 -0.0146722 0.00311868 -0.0148817 0.00188 0 0 0 0 0 0 3.125e+10 3.125e+10 3.125e+10 
-0.0134526 0.00152424 -0.0148817 0.00188 -0.0149868 0.000628135 0 0 0 0 0 0 3.125e+10 3.125e+10 3.125e+10 
-0.0134526 0.00152424 -0.0115844 -0.000774877 -0.0119488 0.00178511 0 0 0 0 0 0 3.125e+10 3.125e+10 3.125e+10 
0.016255 -0.00259842 0.0186252 -0.002735 0.0180066 -0.000401744 0 0 0 0 0 0 1.04167e+10 1.04167e+10 1.04167e+10 
0.016255 -0.00259842 0.0180066 -0.000401744 0.0164563 -0.000408663 0 0 0 0 0 0 1.04167e+10 1.04167e+10 1.04167e+10 
0.016255 -0.00259842 0.0149474 -0.00125517 0.0147899 -0.00250153 0 0 0 0 0 0 1.04167e+10 1.04167e+10 1.04167e+10 
0.016255 -0.00259842 0.0164563 -0.000408663 0.0149474 -0.00125517 0 0 0 0 0 0 1.04167e+10 1.04167e+10 1.04167e+10 
0.016255 -0.00259842 0.0147899 -0.00250153 0.0145287 -0.00373035 0 0 0 0 0 0 1.04167e+10 1.04167e+10 1.04167e+10 
0.016255 -0.00259842 0.0145287 -0.00373035 0.0157636 -0.00474181 0 0 0 0 0 0 1.04167e+10 1.04167e+10 1.04167e+10 
0.016255 -0.00259842 0.018064 -0.00535031 0.0186252 -0.002735 0 0 0 0 0 0 1.04167e+10 1.04167e+10 1.04167e+10 
0.016255 -0.00259842 0.0157636 -0.00474181 0.018064 -0.00535031 0 0 0 0 0 0 1.04167e+10 1.04167e+10 1.04167e+10 
0.00556486 -0.000235785 0.00411711 0.000494335 0.00333618 -0.000524809 0 0 0 0 0 0 2.08333e+10 2.08333e+10 2.08333e+10 
0.00556486 -0.000235785 0.00712577 -0.00282863 0.00765813 -0.000361637 0 0 0 0 0 0 2.08333e+10 2.08333e+10 2.08333e+10 
0.00556486 -0.000235785 0.00508488 -0.00250101 0.00712577 -0.00282863 0 0 0 0 0 0 2.08333e+10 2.08333e+10 2.08333e+10 
0.00556486 -0.000235785 0.00765813 -0.000361637 0.00736062 0.00214455 0 0 0 0 0 0 2.08333e+10 2.08333e+10 2.08333e+10 
0.00556486 -0.000235785 0.00736062 0.00214455 0.00482154 0.00155128 0 0 0 0 0 0 2.08333e+10 2.08333e+10 2.08333e+10 
0.00556486 -0.000235785 0.00482154 0.00155128 0.00411711 0.000494335 0 0 0 0 0 0 2.08333e+10 2.08333e+10 2.08333e+10 
0.00341736 -0.0161027 0.00342526 -0.0146037 0.00219125 -0.0148391 0 0 0 0 0 0 1.04167e+10 1.04167e+10 1.04167e+10 
0.00341736 -0.0161027 0.00139375 -0.0173099 0.0034614 -0.0174064 0 0 0 0 0 0 1.04167e+10 1.04167e+10 1.04167e+10 
0.00341736 -0.0161027 0.0034614 -0.0174064 0.00553315 -0.0155035 0 0 0 0 0 0 1.04167e+10 1.04167e+10 1.04167e+10 
0.00341736 -0.0161027 0.00463525 -0.0142658 0.00342526 -0.0146037 0 0 0 0 0 0 1.04167e+10 1.04167e+10 1.04167e+10 
0.00341736 -0.0161027 0.00553315 -0.0155035 0.00463525 -0.0142658 0 0 0 0 0 0 1.04167e+10 1.04167e+10 1.04167e+10 
-0.0103125 0.0128307 -0.00950399 0.0150225 -0.0121205 0.0147111 0 0 0 0 0 0 1.04167e+10 1.04167e+10 1.04167e+10 
-0.0103125 0.0128307 -0.00851036 0.0140907 -0.00950399 0.0150225 0 0 0 0 0 0 1.04167e+10 1.04167e+10 1.04167e+10 
-0.0103125 0.0128307 -0.00956136 0.0115577 -0.0085607 0.0123172 0 0 0 0 0 0 1.04167e+10 1.04167e+10 1.04167e+10 
-0.0103125 0.0128307 -0.0085607 0.0123172 -0.00851036 0.0140907 0 0 0 0 0 0 1.04167e+10 1.04167e+10 1.04167e+10 
-0.0103125 0.0128307 -0.0121205 0.0147111 -0.0119307 0.0113417 0 0 0 0 0 0 1.04167e+10 1.04167e+10 1.04167e+10 
-0.0103125 0.0128307 -0.010495 0.0107171 -0.00956136 0.0115577 0 0 0 0 0 0 1.04167e+10 1.04167e+10 1.04167e+10 
-0.0103125 0.0128307 -0.0119307 0.0113417 -0.010495 0.0107171 0 0 0 0 0 0 1.04167e+10 1.04167e+10 1.04167e+10 
-0.0156798 -0.00501201 -0.0174763 -0.00525843 -0.0160636 -0.00760221 0 0 0 0 0 0 1.04167e+10 1.04167e+10 1.04167e+10 
-0.0156798 -0.00501201 -0.0139466 -0.00552187 -0.0143598 -0.00433548 0 0 0 0 0 0 1.04167e+10 1.04167e+10 1.04167e+10 
-0.0156798 -0.00501201 -0.0162079 -0.00287738 -0.0174763 -0.00525843 0 0 0 0 0 0 1.04167e+10 1.04167e+10 1.04167e+10 
-0.0156798 -0.00501201 -0.0143598 -0.00433548 -0.0146722 -0.00311868 0 0 0 0 0 0 1.04167e+10 1.04167e+10 1.04167e+10 
-0.0156798 -0.00501201 -0.0146722 -0.00311868 -0.0162079 -0.00287738 0 0 0 0 0 0 1.04167e+10 1.04167e+10 1.04167e+10 
-0.00983891 0.00930009 -0.00956136 0.0115577 -0.010495 0.0107171 0 0 0 0 0 0 3.125e+10 3.125e+10 3.125e+10 
-0.00983891 0.00930009 -0.010495 0.0107171 -0.0113549 0.00980131 0 0 0 0 0 0 3.125e+10 3.125e+10 3.125e+10 
-0.00983891 0.00930009 -0.00949907 0.00680573 -0.00742247 0.00898412 0 0 0 0 0 0 3.125e+10 3.125e+10 3.125e+10 
-0.000108401 0.0135382 0.000941858 0.0149704 -0.000314136 0.0149967 0 0 0 0 0 0 3.125e+10 3.125e+10 3.125e+10 
-0.000108401 0.0135382 -0.000314136 0.0149967 -0.00156793 0.0149178 0 0 0 0 0 0 3.125e+10 3.125e+10 3.125e+10 
-0.000108401 0.0135382 -0.00237313 0.0118302 0.000985263 0.0114412 0 0 0 0 0 0 3.125e+10 3.125e+10 3.125e+10 
0.0111465 -0.0121132 0.0125186 -0.01542 0.0136441 -0.0123367 0 0 0 0 0 0 1.04167e+10 1.04167e+10 1.04167e+10 
0.0111465 -0.0121132 0.0107415 -0.0151322 0.0125186 -0.01542 0 0 0 0 0 0 1.04167e+10 1.04167e+10 1.04167e+10 
0.0111465 -0.0121132 0.0109345 -0.0102682 0.010037 -0.0111472 0 0 0 0 0 0 1.04167e+10 1.04167e+10 1.04167e+10 
0.0111465 -0.0121132 0.010037 -0.0111472 0.00906899 -0.0119479 0 0 0 0 0 0 1.04167e+10 1.04167e+10 1.04167e+10 
0.0111465 -0.0121132 0.00906899 -0.0119479 0.00943251 -0.0134908 0 0 0 0 0 0 1.04167e+10 1.04167e+10 1.04167e+10 
0.0111465 -0.0121132 0.00943251 -0.0134908 0.0107415 -0.0151322 0 0 0 0 0 0 1.04167e+10 1.04167e+10 1.04167e+10 
0.00629586 0.0152098 0.00581273 0.0138279 0.00694944 0.0132931 0 0 0 0 0 0 1.04167e+10 1.04167e+10 1.04167e+10 
0.00629586 0.0152098 0.00694944 0.0132931 0.00777504 0.015331 0 0 0 0 0 0 1.04167e+10 1.04167e+10 1.04167e+10 
0.00629586 0.0152098 0.00777504 0.015331 0.00610473 0.0177077 0 0 0 0 0 0 1.04167e+10 1.04167e+10 1.04167e+10 
0.00629586 0.0152098 0.00610473 0.0177077 0.00421242 0.0159132 0 0 0 0 0 0 1.04167e+10 1.04167e+10 1.04167e+10 
0.00629586 0.0152098 0.00463525 0.0142658 0.00581273 0.0138279 0 0 0 0 0 0 1.04167e+10 1.04167e+10 1.04167e+10 
0.00629586 0.0152098 0.00421242 0.0159132 0.00463525 0.0142658 0 0 0 0 0 0 1.04167e+10 1.04167e+10 1.04167e+10 
-0.00438995 0.0128072 -0.0040338 0.0144474 -0.00522858 0.0140592 0 0 0 0 0 0 3.125e+10 3.125e+10 3.125e+10 
-0.00438995 0.0128072 -0.00506265 0.0106967 -0.00237313 0.0118302 0 0 0 0 0 0 3.125e+10 3.125e+10 3.125e+10 
-0.00438995 0.0128072 -0.00522858 0.0140592 -0.00638669 0.0135724 0 0 0 0 0 0 3.125e+10 3.125e+10 3.125e+10 
-0.00448527 0.0158385 -0.00522858 0.0140592 -0.0040338 0.0144474 0 0 0 0 0 0 1.04167e+10 1.04167e+10 1.04167e+10 
-0.00448527 0.0158385 -0.00396038 0.0174 -0.0063863 0.0174423 0 0 0 0 0 0 1.04167e+10 1.04167e+10 1.04167e+10 
-0.00448527 0.0158385 -0.00233419 0.016295 -0.00396038 0.0174 0 0 0 0 0 0 1.04167e+10 1.04167e+10 1.04167e+10 
-0.00448527 0.0158385 -0.00281072 0.0147343 -0.00233419 0.016295 0 0 0 0 0 0 1.04167e+10 1.04167e+10 1.04167e+10 
-0.00448527 0.0158385 -0.0040338 0.0144474 -0.00281072 0.0147343 0 0 0 0 0 0 1.04167e+10 1.04167e+10 1.04167e+10 
-0.00821965 0.0107579 -0.00956136 0.0115577 -0.00983891 0.00930009 0 0 0 0 0 0 3.125e+10 3.125e+10 3.125e+10 
-0.00821965 0.0107579 -0.00983891 0.00930009 -0.00742247 0.00898412 0 0 0 0 0 0 3.125e+10 3.125e+10 3.125e+10 
-0.00821965 0.0107579 -0.0085607 0.0123172 -0.00956136 0.0115577 0 0 0 0 0 0 3.125e+10 3.125e+10 3.125e+10 
0.00425042 -0.00193468 0.00333618 -0.000524809 0.00248532 -0.0014976 0 0 0 0 0 0 2.08333e+10 2.08333e+10 2.08333e+10 
0.00425042 -0.00193468 0.00556486 -0.000235785 0.00333618 -0.000524809 0 0 0 0 0 0 2.08333e+10 2.08333e+10 2.08333e+10 
0.00425042 -0.00193468 0.00508488 -0.00250101 0.00556486 -0.000235785 0 0 0 0 0 0 2.08333e+10 2.08333e+10 2.08333e+10 
0.00425042 -0.00193468 0.00248532 -0.0014976 0.0027615 -0.00350278 0 0 0 0 0 0 2.08333e+10 2.08333e+10 2.08333e+10 
0.00425042 -0.00193468 0.0027615 -0.00350278 0.00508488 -0.00250101 0 0 0 0 0 0 2.08333e+10 2.08333e+10 2.08333e+10 
-0.000882325 -0.00628905 0.001215 -0.00553488 -0.000412972 -0.00405858 0 0 0 0 0 0 2.08333e+10 2.08333e+10 2.08333e+10 
-0.000882325 -0.00628905 -0.000412972 -0.00405858 -0.00146727 -0.00476923 0 0 0 0 0 0 2.08333e+10 2.08333e+10 2.08333e+10 
-0.000882325 -0.00628905 0.00152939 -0.00751257 0.001215 -0.00553488 0 0 0 0 0 0 2.08333e+10 2.08333e+10 2.08333e+10 
-0.000882325 -0.00628905 -0.000992805 -0.00760211 0.00152939 -0.00751257 0 0 0 0 0 0 2.08333e+10 2.08333e+10 2.08333e+10 
-0.000882325 -0.00628905 -0.00146727 -0.00476923 -0.00270795 -0.00548071 0 0 0 0 0 0 2.08333e+10 2.08333e+10 2.08333e+10 
-0.000882325 -0.00628905 -0.00299223 -0.00738962 -0.000992805 -0.00760211 0 0 0 0 0 0 2.08333e+10 2.08333e+10 2.08333e+10 
-0.000882325 -0.00628905 -0.00270795 -0.00548071 -0.00299223 -0.00738962 0 0 0 0 0 0 2.08333e+10 2.08333e+10 2.08333e+10 
0.00124059 -0.0164145 0.000941858 -0.0149704 -0.000314136 -0.0149967 0 0 0 0 0 0 1.04167e+10 1.04167e+10 1.04167e+10 
0.00124059 -0.0164145 -0.000314136 -0.0149967 -0.000829299 -0.0171358 0 0 0 0 0 0 1.04167e+10 1.04167e+10 1.04167e+10 
0.00124059 -0.0164145 -0.000829299 -0.0171358 0.00139375 -0.0173099 0 0 0 0 0 0 1.04167e+10 1.04167e+10 1.04167e+10 
0.00124059 -0.0164145 0.00219125 -0.0148391 0.000941858 -0.0149704 0 0 0 0 0 0 1.04167e+10 1.04167e+10 1.04167e+10 
0.00124059 -0.0164145 0.00341736 -0.0161027 0.00219125 -0.0148391 0 0 0 0 0 0 1.04167e+10 1.04167e+10 1.04167e+10 
0.00124059 -0.0164145 0.00139375 -0.0173099 0.00341736 -0.0161027 0 0 0 0 0 0 1.04167e+10 1.04167e+10 1.04167e+10 
-0.0148718 -0.0070572 -0.0128305 -0.00777041 -0.0128751 -0.00645861 0 0 0 0 0 0 1.04167e+10 1.04167e+10 1.04167e+10 
-0.0148718 -0.0070572 -0.0128751 -0.00645861 -0.0139466 -0.00552187 0 0 0 0 0 0 1.04167e+10 1.04167e+10 1.04167e+10 
-0.0148718 -0.0070572 -0.0156798 -0.00501201 -0.0160636 -0.00760221 0 0 0 0 0 0 1.04167e+10 1.04167e+10 1.04167e+10 
-0.0148718 -0.0070572 -0.0139466 -0.00552187 -0.0156798 -0.00501201 0 0 0 0 0 0 1.04167e+10 1.04167e+10 1.04167e+10 
0.0126616 -0.0105195 0.0111465 -0.0121132 0.0136441 -0.0123367 0 0 0 0 0 0 1.04167e+10 1.04167e+10 1.04167e+10 
0.0126616 -0.0105195 0.0109345 -0.0102682 0.0111465 -0.0121132 0 0 0 0 0 0 1.04167e+10 1.04167e+10 1.04167e+10 
0.0126616 -0.0105195 0.0117554 -0.00931722 0.0109345 -0.0102682 0 0 0 0 0 0 1.04167e+10 1.04167e+10 1.04167e+10 
0.0126616 -0.0105195 0.0136441 -0.0123367 0.0150528 -0.0103272 0 0 0 0 0 0 1.04167e+10 1.04167e+10 1.04167e+10 
0.0126616 -0.0105195 0.0124938 -0.00830087 0.0117554 -0.00931722 0 0 0 0 0 0 1.04167e+10 1.04167e+10 1.04167e+10 
-0.01262 -0.00490208 -0.0112263 -0.00356636 -0.013243 -0.00281421 0 0 0 0 0 0 3.125e+10 3.125e+10 3.125e+10 
-0.01262 -0.00490208 -0.013243 -0.00281421 -0.0143598 -0.00433548 0 0 0 0 0 0 3.125e+10 3.125e+10 3.125e+10 
-0.01262 -0.00490208 -0.0143598 -0.00433548 -0.0139466 -0.00552187 0 0 0 0 0 0 3.125e+10 3.125e+10 3.125e+10 
-0.01262 -0.00490208 -0.0139466 -0.00552187 -0.0128751 -0.00645861 0 0 0 0 0 0 3.125e+10 3.125e+10 3.125e+10 
-0.01262 -0.00490208 -0.010619 -0.00577373 -0.0112263 -0.00356636 0 0 0 0 0 0 3.125e+10 3.125e+10 3.125e+10 
-0.01262 -0.00490208 -0.0128751 -0.00645861 -0.0117243 -0.00687369 0 0 0 0 0 0 3.125e+10 3.125e+10 3.125e+10 
-0.01262 -0.00490208 -0.0117243 -0.00687369 -0.010619 -0.00577373 0 0 0 0 0 0 3.125e+10 3.125e+10 3.125e+10 
-0.00655631 0.0150993 -0.00638669 0.0135724 -0.00522858 0.0140592 0 0 0 0 0 0 1.04167e+10 1.04167e+10 1.04167e+10 
-0.00655631 0.0150993 -0.00522858 0.0140592 -0.00448527 0.0158385 0 0 0 0 0 0 1.04167e+10 1.04167e+10 1.04167e+10 
-0.00655631 0.0150993 -0.00448527 0.0158385 -0.0063863 0.0174423 0 0 0 0 0 0 1.04167e+10 1.04167e+10 1.04167e+10 
-0.00655631 0.0150993 -0.00898719 0.0174135 -0.00950399 0.0150225 0 0 0 0 0 0 1.04167e+10 1.04167e+10 1.04167e+10 
-0.00655631 0.0150993 -0.00950399 0.0150225 -0.00851036 0.0140907 0 0 0 0 0 0 1.04167e+10 1.04167e+10 1.04167e+10 
-0.00655631 0.0150993 -0.0063863 0.0174423 -0.00898719 0.0174135 0 0 0 0 0 0 1.04167e+10 1.04167e+10 1.04167e+10 
-0.00655631 0.0150993 -0.00851036 0.0140907 -0.00638669 0.0135724 0 0 0 0 0 0 1.04167e+10 1.04167e+10 1.04167e+10 
-0.0160451 0.00367833 -0.0146722 0.00311868 -0.0143598 0.00433548 0 0 0 0 0 0 1.04167e+10 1.04167e+10 1.04167e+10 
-0.0160451 0.00367833 -0.0163922 0.00150691 -0.0148817 0.00188 0 0 0 0 0 0 1.04167e+10 1.04167e+10 1.04167e+10 
-0.0160451 0.00367833 -0.0148817 0.00188 -0.0146722 0.00311868 0 0 0 0 0 0 1.04167e+10 1.04167e+10 1.04167e+10 
-0.0160451 0.00367833 -0.0166762 0.00456563 -0.0188003 0.00267149 0 0 0 0 0 0 1.04167e+10 1.04167e+10 1.04167e+10 
-0.0160451 0.00367833 -0.0188003 0.00267149 -0.0163922 0.00150691 0 0 0 0 0 0 1.04167e+10 1.04167e+10 1.04167e+10 
-0.0130339 0.00366245 -0.0143598 0.00433548 -0.0146722 0.00311868 0 0 0 0 0 0 3.125e+10 3.125e+10 3.125e+10 
-0.0130339 0.00366245 -0.0146722 0.00311868 -0.0134526 0.00152424 0 0 0 0 0 0 3.125e+10 3.125e+10 3.125e+10 
-0.0130339 0.00366245 -0.0134526 0.00152424 -0.0119488 0.00178511 0 0 0 0 0 0 3.125e+10 3.125e+10 3.125e+10 
-0.0130339 0.00366245 -0.0119488 0.00178511 -0.0110497 0.00441622 0 0 0 0 0 0 3.125e+10 3.125e+10 3.125e+10 
-0.0130339 0.00366245 -0.0110497 0.00441622 -0.0122776 0.00570581 0 0 0 0 0 0 3.125e+10 3.125e+10 3.125e+10 
-0.0130339 0.00366245 -0.0139466 0.00552187 -0.0143598 0.00433548 0 0 0 0 0 0 3.125e+10 3.125e+10 3.125e+10 
-0.0130339 0.00366245 -0.0122776 0.00570581 -0.0139466 0.00552187 0 0 0 0 0 0 3.125e+10 3.125e+10 3.125e+10 
0.0163639 0.00178839 0.0147899 0.00250153 0.0149474 0.00125517 0 0 0 0 0 0 1.04167e+10 1.04167e+10 1.04167e+10 
0.0163639 0.00178839 0.0180066 -0.000401744 0.0186259 0.00222853 0 0 0 0 0 0 1.04167e+10 1.04167e+10 1.04167e+10 
0.0163639 0.00178839 0.0164563 -0.000408663 0.0180066 -0.000401744 0 0 0 0 0 0 1.04167e+10 1.04167e+10 1.04167e+10 
0.0163639 0.00178839 0.0149474 0.00125517 0.0164563 -0.000408663 0 0 0 0 0 0 1.04167e+10 1.04167e+10 1.04167e+10 
0.0163639 0.00178839 0.0159795 0.00395352 0.0147899 0.00250153 0 0 0 0 0 0 1.04167e+10 1.04167e+10 1.04167e+10 
0.0163639 0.00178839 0.0186259 0.00222853 0.0159795 0.00395352 0 0 0 0 0 0 1.04167e+10 1.04167e+10 1.04167e+10 
0.0139507 -0.00873799 0.0131446 -0.00722631 0.0124938 -0.00830087 0 0 0 0 0 0 1.04167e+10 1.04167e+10 1.04167e+10 
0.0139507 -0.00873799 0.0150528 -0.0103272 0.0159193 -0.00781946 0 0 0 0 0 0 1.04167e+10 1.04167e+10 1.04167e+10 
0.0139507 -0.00873799 0.0149909 -0.00680058 0.0131446 -0.00722631 0 0 0 0 0 0 1.04167e+10 1.04167e+10 1.04167e+10 
0.0139507 -0.00873799 0.0159193 -0.00781946 0.0149909 -0.00680058 0 0 0 0 0 0 1.04167e+10 1.04167e+10 1.04167e+10 
0.0139507 -0.00873799 0.0126616 -0.0105195 0.0150528 -0.0103272 0 0 0 0 0 0 1.04167e+10 1.04167e+10 1.04167e+10 
0.0139507 -0.00873799 0.0124938 -0.00830087 0.0126616 -0.0105195 0 0 0 0 0 0 1.04167e+10 1.04167e+10 1.04167e+10 
-0.0137985 -0.00897645 -0.0121353 -0.00881678 -0.0128305 -0.00777041 0 0 0 0 0 0 1.04167e+10 1.04167e+10 1.04167e+10 
-0.0137985 -0.00897645 -0.0128305 -0.00777041 -0.0148718 -0.0070572 0 0 0 0 0 0 1.04167e+10 1.04167e+10 1.04167e+10 
-0.0137985 -0.00897645 -0.0160636 -0.00760221 -0.0146889 -0.00972458 0 0 0 0 0 0 1.04167e+10 1.04167e+10 1.04167e+10 
-0.0137985 -0.00897645 -0.0148718 -0.0070572 -0.0160636 -0.00760221 0 0 0 0 0 0 1.04167e+10 1.04167e+10 1.04167e+10 
-0.0137985 -0.00897645 -0.0146889 -0.00972458 -0.0124789 -0.0107355 0 0 0 0 0 0 1.04167e+10 1.04167e+10 1.04167e+10 
-0.0137985 -0.00897645 -0.0124789 -0.0107355 -0.0121353 -0.00881678 0 0 0 0 0 0 1.04167e+10 1.04167e+10 1.04167e+10 
0.00875871 0.00826427 0.00978758 0.00634937 0.0112783 0.0077187 0 0 0 0 0 0 2.08333e+10 2.08333e+10 2.08333e+10 
0.00875871 0.00826427 0.0112783 0.0077187 0.0102657 0.00902186 0 0 0 0 0 0 2.08333e+10 2.08333e+10 2.08333e+10 
0.00875871 0.00826427 0.00910334 0.0101935 0.00720636 0.00924263 0 0 0 0 0 0 2.08333e+10 2.08333e+10 2.08333e+10 
0.00875871 0.00826427 0.0102657 0.00902186 0.00910334 0.0101935 0 0 0 0 0 0 2.08333e+10 2.08333e+10 2.08333e+10 
0.00875871 0.00826427 0.00720636 0.00924263 0.00712984 0.00786794 0 0 0 0 0 0 2.08333e+10 2.08333e+10 2.08333e+10 
0.00875871 0.00826427 0.00843863 0.00612778 0.00978758 0.00634937 0 0 0 0 0 0 2.08333e+10 2.08333e+10 2.08333e+10 
0.00875871 0.00826427 0.00712984 0.00786794 0.00843863 0.00612778 0 0 0 0 0 0 2.08333e+10 2.08333e+10 2.08333e+10 
0.00778765 0.00396351 0.00658068 0.00533843 0.00611391 0.00406113 0 0 0 0 0 0 2.08333e+10 2.08333e+10 2.08333e+10 
0.00778765 0.00396351 0.00851741 0.00457145 0.00658068 0.00533843 0 0 0 0 0 0 2.08333e+10 2.08333e+10 2.08333e+10 
0.00778765 0.00396351 0.00736062 0.00214455 0.00941036 0.00221122 0 0 0 0 0 0 2.08333e+10 2.08333e+10 2.08333e+10 
0.00778765 0.00396351 0.00941036 0.00221122 0.00851741 0.00457145 0 0 0 0 0 0 2.08333e+10 2.08333e+10 2.08333e+10 
0.00778765 0.00396351 0.00611391 0.00406113 0.00736062 0.00214455 0 0 0 0 0 0 2.08333e+10 2.08333e+10 2.08333e+10 
-0.00638752 0.0119371 -0.00638669 0.0135724 -0.0075 0.0129904 0 0 0 0 0 0 3.125e+10 3.125e+10 3.125e+10 
-0.00638752 0.0119371 -0.0075 0.0129904 -0.0085607 0.0123172 0 0 0 0 0 0 3.125e+10 3.125e+10 3.125e+10 
-0.00638752 0.0119371 -0.0085607 0.0123172 -0.00821965 0.0107579 0 0 0 0 0 0 3.125e+10 3.125e+10 3.125e+10 
-0.00638752 0.0119371 -0.00506265 0.0106967 -0.00438995 0.0128072 0 0 0 0 0 0 3.125e+10 3.125e+10 3.125e+10 
-0.00638752 0.0119371 -0.00438995 0.0128072 -0.00638669 0.0135724 0 0 0 0 0 0 3.125e+10 3.125e+10 3.125e+10 
-0.00638752 0.0119371 -0.00742247 0.00898412 -0.00506265 0.0106967 0 0 0 0 0 0 3.125e+10 3.125e+10 3.125e+10 
-0.00638752 0.0119371 -0.00821965 0.0107579 -0.00742247 0.00898412 0 0 0 0 0 0 3.125e+10 3.125e+10 3.125e+10 
-0.0135229 -0.000653443 -0.013243 -0.00281421 -0.0115844 -0.000774877 0 0 0 0 0 0 3.125e+10 3.125e+10 3.125e+10 
-0.0135229 -0.000653443 -0.0149868 0.000628135 -0.0149868 -0.000628135 0 0 0 0 0 0 3.125e+10 3.125e+10 3.125e+10 
-0.0135229 -0.000653443 -0.0134526 0.00152424 -0.0149868 0.000628135 0 0 0 0 0 0 3.125e+10 3.125e+10 3.125e+10 
-0.0135229 -0.000653443 -0.0115844 -0.000774877 -0.0134526 0.00152424 0 0 0 0 0 0 3.125e+10 3.125e+10 3.125e+10 
-0.0135229 -0.000653443 -0.0149868 -0.000628135 -0.0148817 -0.00188 0 0 0 0 0 0 3.125e+10 3.125e+10 3.125e+10 
-0.0135229 -0.000653443 -0.0148817 -0.00188 -0.013243 -0.00281421 0 0 0 0 0 0 3.125e+10 3.125e+10 3.125e+10 
0.00418431 0.0128758 0.00342526 0.0146037 0.00278255 0.0124961 0 0 0 0 0 0 3.125e+10 3.125e+10 3.125e+10 
0.00418431 0.0128758 0.00463525 0.0142658 0.00342526 0.0146037 0 0 0 0 0 0 3.125e+10 3.125e+10 3.125e+10 
0.00418431 0.0128758 0.00566934 0.0111181 0.00581273 0.0138279 0 0 0 0 0 0 3.125e+10 3.125e+10 3.125e+10 
0.00418431 0.0128758 0.00581273 0.0138279 0.00463525 0.0142658 0 0 0 0 0 0 3.125e+10 3.125e+10 3.125e+10 
0.00418431 0.0128758 0.00383126 0.0103193 0.00566934 0.0111181 0 0 0 0 0 0 3.125e+10 3.125e+10 3.125e+10 
0.00418431 0.0128758 0.00278255 0.0124961 0.00383126 0.0103193 0 0 0 0 0 0 3.125e+10 3.125e+10 3.125e+10 
-0.00227868 0.0133455 -0.00156793 0.0149178 -0.00281072 0.0147343 0 0 0 0 0 0 3.125e+10 3.125e+10 3.125e+10 
-0.00227868 0.0133455 -0.00438995 0.0128072 -0.00237313 0.0118302 0 0 0 0 0 0 3.125e+10 3.125e+10 3.125e+10 
-0.00227868 0.0133455 -0.0040338 0.0144474 -0.00438995 0.0128072 0 0 0 0 0 0 3.125e+10 3.125e+10 3.125e+10 
-0.00227868 0.0133455 -0.00281072 0.0147343 -0.0040338 0.0144474 0 0 0 0 0 0 3.125e+10 3.125e+10 3.125e+10 
-0.00227868 0.0133455 -0.000108401 0.0135382 -0.00156793 0.0149178 0 0 0 0 0 0 3.125e+10 3.125e+10 3.125e+10 
-0.00227868 0.0133455 -0.00237313 0.0118302 -0.000108401 0.0135382 0 0 0 0 0 0 3.125e+10 3.125e+10 3.125e+10 
0.0075502 -0.0146277 0.00845758 -0.0172338 0.0107415 -0.0151322 0 0 0 0 0 0 1.04167e+10 1.04167e+10 1.04167e+10 
0.0075502 -0.0146277 0.0107415 -0.0151322 0.00943251 -0.0134908 0 0 0 0 0 0 1.04167e+10 1.04167e+10 1.04167e+10 
0.0075502 -0.0146277 0.0080374 -0.0126649 0.00694944 -0.0132931 0 0 0 0 0 0 1.04167e+10 1.04167e+10 1.04167e+10 
0.0075502 -0.0146277 0.00943251 -0.0134908 0.0080374 -0.0126649 0 0 0 0 0 0 1.04167e+10 1.04167e+10 1.04167e+10 
0.0075502 -0.0146277 0.00694944 -0.0132931 0.00581273 -0.0138279 0 0 0 0 0 0 1.04167e+10 1.04167e+10 1.04167e+10 
0.0075502 -0.0146277 0.00581273 -0.0138279 0.00553315 -0.0155035 0 0 0 0 0 0 1.04167e+10 1.04167e+10 1.04167e+10 
0.0075502 -0.0146277 0.00553315 -0.0155035 0.00845758 -0.0172338 0 0 0 0 0 0 1.04167e+10 1.04167e+10 1.04167e+10 
-0.0112033 0.00760139 -0.0121353 0.00881678 -0.0128305 0.00777041 0 0 0 0 0 0 3.125e+10 3.125e+10 3.125e+10 
-0.0112033 0.00760139 -0.0128305 0.00777041 -0.0122776 0.00570581 0 0 0 0 0 0 3.125e+10 3.125e+10 3.125e+10 
-0.0112033 0.00760139 -0.0122776 0.00570581 -0.00949907 0.00680573 0 0 0 0 0 0 3.125e+10 3.125e+10 3.125e+10 
-0.0112033 0.00760139 -0.00949907 0.00680573 -0.00983891 0.00930009 0 0 0 0 0 0 3.125e+10 3.125e+10 3.125e+10 
-0.0112033 0.00760139 -0.0113549 0.00980131 -0.0121353 0.00881678 0 0 0 0 0 0 3.125e+10 3.125e+10 3.125e+10 
-0.0112033 0.00760139 -0.00983891 0.00930009 -0.0113549 0.00980131 0 0 0 0 0 0 3.125e+10 3.125e+10 3.125e+10 
-0.0154117 0.00578411 -0.0143598 0.00433548 -0.0139466 0.00552187 0 0 0 0 0 0 1.04167e+10 1.04167e+10 1.04167e+10 
-0.0154117 0.00578411 -0.0162285 0.00731717 -0.0166762 0.00456563 0 0 0 0 0 0 1.04167e+10 1.04167e+10 1.04167e+10 
-0.0154117 0.00578411 -0.0160451 0.00367833 -0.0143598 0.00433548 0 0 0 0 0 0 1.04167e+10 1.04167e+10 1.04167e+10 
-0.0154117 0.00578411 -0.0166762 0.00456563 -0.0160451 0.00367833 0 0 0 0 0 0 1.04167e+10 1.04167e+10 1.04167e+10 
-0.0154117 0.00578411 -0.0145032 0.00778667 -0.0162285 0.00731717 0 0 0 0 0 0 1.04167e+10 1.04167e+10 1.04167e+10 
-0.0154117 0.00578411 -0.0139466 0.00552187 -0.0134357 0.00666953 0 0 0 0 0 0 1.04167e+10 1.04167e+10 1.04167e+10 
-0.0154117 0.00578411 -0.0134357 0.00666953 -0.0145032 0.00778667 0 0 0 0 0 0 1.04167e+10 1.04167e+10 1.04167e+10 
0.00206469 0.0133803 0.00342526 0.0146037 0.00219125 0.0148391 0 0 0 0 0 0 3.125e+10 3.125e+10 3.125e+10 
0.00206469 0.0133803 0.00278255 0.0124961 0.00342526 0.0146037 0 0 0 0 0 0 3.125e+10 3.125e+10 3.125e+10 
0.00206469 0.0133803 0.00219125 0.0148391 0.000941858 0.0149704 0 0 0 0 0 0 3.125e+10 3.125e+10 3.125e+10 
0.00206469 0.0133803 0.000941858 0.0149704 -0.000108401 0.0135382 0 0 0 0 0 0 3.125e+10 3.125e+10 3.125e+10 
0.00206469 0.0133803 0.000985263 0.0114412 0.00278255 0.0124961 0 0 0 0 0 0 3.125e+10 3.125e+10 3.125e+10 
0.00206469 0.0133803 -0.000108401 0.0135382 0.000985263 0.0114412 0 0 0 0 0 0 3.125e+10 3.125e+10 3.125e+10 
0.01531 0.00604811 0.0137032 0.00610105 0.0141656 0.004933 0 0 0 0 0 0 1.04167e+10 1.04167e+10 1.04167e+10 
0.01531 0.00604811 0.0143672 0.00803477 0.0137032 0.00610105 0 0 0 0 0 0 1.04167e+10 1.04167e+10 1.04167e+10 
0.01531 0.00604811 0.0163703 0.00728904 0.0143672 0.00803477 0 0 0 0 0 0 1.04167e+10 1.04167e+10 1.04167e+10 
0.01531 0.00604811 0.0141656 0.004933 0.0159795 0.00395352 0 0 0 0 0 0 1.04167e+10 1.04167e+10 1.04167e+10 
0.01531 0.00604811 0.018219 0.00499335 0.0163703 0.00728904 0 0 0 0 0 0 1.04167e+10 1.04167e+10 1.04167e+10 
0.01531 0.00604811 0.0159795 0.00395352 0.018219 0.00499335 0 0 0 0 0 0 1.04167e+10 1.04167e+10 1.04167e+10 
