TRIANGLES
258
3
3
0.02 0.0127273 0.02 0.0163636 0.0178624 0.0136222 0 0 0 0 0 0 1.04167e+10 1.04167e+10 1.04167e+10 
-0.0164414 -0.0121742 -0.0127697 -0.0129074 -0.0149031 -0.00935917 0 0 0 0 0 0 1.04167e+10 1.04167e+10 1.04167e+10 
-0.0164414 -0.0121742 -0.0149031 -0.00935917 -0.0183269 -0.00837904 0 0 0 0 0 0 1.04167e+10 1.04167e+10 1.04167e+10 
-0.0175269 -0.0165557 -0.02 -0.0163636 -0.02 -0.02 0 0 0 0 0 0 1.04167e+10 1.04167e+10 1.04167e+10 
-0.00799705 0.00871323 -0.00781485 0.0122012 -0.0108486 0.0101847 0 0 0 0 0 0 2.08333e+10 2.08333e+10 2.08333e+10 
-0.00799705 0.00871323 -0.0108486 0.0101847 -0.0121384 0.00596061 0 0 0 0 0 0 2.08333e+10 2.08333e+10 2.08333e+10 
-0.02 -0.00909091 -0.0183269 -0.00837904 -0.02 -0.00545455 0 0 0 0 0 0 1.04167e+10 1.04167e+10 1.04167e+10 
-0.02 -0.00909091 -0.0164414 -0.0121742 -0.0183269 -0.00837904 0 0 0 0 0 0 1.04167e+10 1.04167e+10 1.04167e+10 
0.00094404 -0.0160795 0.0041215 -0.0142981 -0.000226258 -0.013521 0 0 0 0 0 0 2.08333e+10 2.08333e+10 2.08333e+10 
-0.0138824 0.00816829 -0.0121384 0.00596061 -0.0108486 0.0101847 0 0 0 0 0 0 2.08333e+10 2.08333e+10 2.08333e+10 
-0.0138824 0.00816829 -0.0139668 0.00383139 -0.0121384 0.00596061 0 0 0 0 0 0 2.08333e+10 2.08333e+10 2.08333e+10 
0.014106 -0.00823521 0.0169941 -0.0122365 0.0189495 -0.00845287 0 0 0 0 0 0 1.04167e+10 1.04167e+10 1.04167e+10 
0.00597002 0.000599 0.00403993 0.00430631 0.0030247 0.000417545 0 0 0 0 0 0 2.08333e+10 2.08333e+10 2.08333e+10 
-0.0162061 -0.00538225 -0.0149031 -0.00935917 -0.0123724 -0.00498137 0 0 0 0 0 0 1.04167e+10 1.04167e+10 1.04167e+10 
-0.0162061 -0.00538225 -0.0183269 -0.00837904 -0.0149031 -0.00935917 0 0 0 0 0 0 1.04167e+10 1.04167e+10 1.04167e+10 
-0.0162061 -0.00538225 -0.02 -0.00545455 -0.0183269 -0.00837904 0 0 0 0 0 0 1.04167e+10 1.04167e+10 1.04167e+10 
-0.00736064 0.00576938 -0.00799705 0.00871323 -0.0121384 0.00596061 0 0 0 0 0 0 2.08333e+10 2.08333e+10 2.08333e+10 
0.00499427 -0.00453619 0.00597002 0.000599 0.0030247 0.000417545 0 0 0 0 0 0 2.08333e+10 2.08333e+10 2.08333e+10 
0.00499427 -0.00453619 0.00345126 -0.00824466 0.00696384 -0.00948993 0 0 0 0 0 0 2.08333e+10 2.08333e+10 2.08333e+10 
0.00499427 -0.00453619 0.00696384 -0.00948993 0.00897429 -0.00695714 0 0 0 0 0 0 2.08333e+10 2.08333e+10 2.08333e+10 
-0.00894801 0.00345049 -0.00736064 0.00576938 -0.0121384 0.00596061 0 0 0 0 0 0 2.08333e+10 2.08333e+10 2.08333e+10 
0.00249035 0.0146704 -0.00114537 0.014444 0.00110734 0.0117748 0 0 0 0 0 0 2.08333e+10 2.08333e+10 2.08333e+10 
-0.0169161 0.00615185 -0.02 0.00181818 -0.0155253 0.00169446 0 0 0 0 0 0 1.04167e+10 1.04167e+10 1.04167e+10 
-0.0169161 0.00615185 -0.0155253 0.00169446 -0.0139668 0.00383139 0 0 0 0 0 0 1.04167e+10 1.04167e+10 1.04167e+10 
-0.0169161 0.00615185 -0.0138824 0.00816829 -0.0154972 0.00994074 0 0 0 0 0 0 1.04167e+10 1.04167e+10 1.04167e+10 
-0.0169161 0.00615185 -0.0139668 0.00383139 -0.0138824 0.00816829 0 0 0 0 0 0 2.08333e+10 2.08333e+10 2.08333e+10 
0.0127273 -0.02 0.0163636 -0.02 0.0139302 -0.0161691 0 0 0 0 0 0 1.04167e+10 1.04167e+10 1.04167e+10 
-0.00426684 0.017137 -0.00478109 0.0142176 -0.00114537 0.014444 0 0 0 0 0 0 1.04167e+10 1.04167e+10 1.04167e+10 
0.00747216 -0.00317907 0.00499427 -0.00453619 0.00897429 -0.00695714 0 0 0 0 0 0 2.08333e+10 2.08333e+10 2.08333e+10 
0.00747216 -0.00317907 0.00895122 0.00113832 0.00597002 0.000599 0 0 0 0 0 0 1.04167e+10 1.04167e+10 1.04167e+10 
0.00747216 -0.00317907 0.00597002 0.000599 0.00499427 -0.00453619 0 0 0 0 0 0 2.08333e+10 2.08333e+10 2.08333e+10 
0.000906391 -0.00453393 0.00345126 -0.00824466 0.00499427 -0.00453619 0 0 0 0 0 0 2.08333e+10 2.08333e+10 2.08333e+10 
0.000906391 -0.00453393 0.00499427 -0.00453619 0.0030247 0.000417545 0 0 0 0 0 0 2.08333e+10 2.08333e+10 2.08333e+10 
0.02 -0.00909091 0.0169941 -0.0122365 0.02 -0.0127273 0 0 0 0 0 0 1.04167e+10 1.04167e+10 1.04167e+10 
0.02 -0.00909091 0.0189495 -0.00845287 0.0169941 -0.0122365 0 0 0 0 0 0 1.04167e+10 1.04167e+10 1.04167e+10 
-0.0127273 0.02 -0.0156419 0.0170502 -0.0116949 0.016598 0 0 0 0 0 0 1.04167e+10 1.04167e+10 1.04167e+10 
-0.00575764 0.000940361 -0.00806821 -0.000809521 -0.00511891 -0.00312998 0 0 0 0 0 0 2.08333e+10 2.08333e+10 2.08333e+10 
-0.00575764 0.000940361 -0.00894801 0.00345049 -0.00806821 -0.000809521 0 0 0 0 0 0 2.08333e+10 2.08333e+10 2.08333e+10 
-0.00575764 0.000940361 -0.00366438 0.00294132 -0.00736064 0.00576938 0 0 0 0 0 0 2.08333e+10 2.08333e+10 2.08333e+10 
-0.00575764 0.000940361 -0.00736064 0.00576938 -0.00894801 0.00345049 0 0 0 0 0 0 2.08333e+10 2.08333e+10 2.08333e+10 
0.00545455 -0.02 0.0041215 -0.0142981 0.00094404 -0.0160795 0 0 0 0 0 0 1.04167e+10 1.04167e+10 1.04167e+10 
0.0017809 -0.00918113 0.000906391 -0.00453393 -0.00178693 -0.00555352 0 0 0 0 0 0 2.08333e+10 2.08333e+10 2.08333e+10 
0.0017809 -0.00918113 0.00345126 -0.00824466 0.000906391 -0.00453393 0 0 0 0 0 0 2.08333e+10 2.08333e+10 2.08333e+10 
-0.00935378 0.0168142 -0.00781485 0.0122012 -0.00478109 0.0142176 0 0 0 0 0 0 1.04167e+10 1.04167e+10 1.04167e+10 
-0.00935378 0.0168142 -0.00478109 0.0142176 -0.00426684 0.017137 0 0 0 0 0 0 1.04167e+10 1.04167e+10 1.04167e+10 
-0.0150019 -0.00110296 -0.0162061 -0.00538225 -0.0123724 -0.00498137 0 0 0 0 0 0 1.04167e+10 1.04167e+10 1.04167e+10 
0.02 -0.00181818 0.02 0.00181818 0.0175776 -0.00112534 0 0 0 0 0 0 1.04167e+10 1.04167e+10 1.04167e+10 
0.0101319 0.00549375 0.0133008 0.00229177 0.0139931 0.00498193 0 0 0 0 0 0 1.04167e+10 1.04167e+10 1.04167e+10 
0.0101319 0.00549375 0.00895122 0.00113832 0.0133008 0.00229177 0 0 0 0 0 0 1.04167e+10 1.04167e+10 1.04167e+10 
-0.0138354 0.0119497 -0.0138824 0.00816829 -0.0108486 0.0101847 0 0 0 0 0 0 1.04167e+10 1.04167e+10 1.04167e+10 
-0.0138354 0.0119497 -0.0154972 0.00994074 -0.0138824 0.00816829 0 0 0 0 0 0 1.04167e+10 1.04167e+10 1.04167e+10 
0.0168366 -0.0047635 0.0175776 -0.00112534 0.0154005 -0.00105431 0 0 0 0 0 0 1.04167e+10 1.04167e+10 1.04167e+10 
0.0168366 -0.0047635 0.014106 -0.00823521 0.0189495 -0.00845287 0 0 0 0 0 0 1.04167e+10 1.04167e+10 1.04167e+10 
0.0168366 -0.0047635 0.02 -0.00181818 0.0175776 -0.00112534 0 0 0 0 0 0 1.04167e+10 1.04167e+10 1.04167e+10 
-0.0084863 -0.00514959 -0.00511891 -0.00312998 -0.00806821 -0.000809521 0 0 0 0 0 0 1.04167e+10 1.04167e+10 1.04167e+10 
-0.0111448 -0.00147878 -0.0150019 -0.00110296 -0.0123724 -0.00498137 0 0 0 0 0 0 1.04167e+10 1.04167e+10 1.04167e+10 
-0.0111448 -0.00147878 -0.0123724 -0.00498137 -0.0084863 -0.00514959 0 0 0 0 0 0 1.04167e+10 1.04167e+10 1.04167e+10 
-0.0111448 -0.00147878 -0.0084863 -0.00514959 -0.00806821 -0.000809521 0 0 0 0 0 0 1.04167e+10 1.04167e+10 1.04167e+10 
-0.00909091 0.02 -0.0127273 0.02 -0.0116949 0.016598 0 0 0 0 0 0 1.04167e+10 1.04167e+10 1.04167e+10 
-0.00909091 0.02 -0.0116949 0.016598 -0.00935378 0.0168142 0 0 0 0 0 0 1.04167e+10 1.04167e+10 1.04167e+10 
0.00120544 0.00457894 0.0030247 0.000417545 0.00403993 0.00430631 0 0 0 0 0 0 2.08333e+10 2.08333e+10 2.08333e+10 
0.00120544 0.00457894 0.00403993 0.00430631 0.00237901 0.00904462 0 0 0 0 0 0 2.08333e+10 2.08333e+10 2.08333e+10 
0.0163636 0.02 0.02 0.0163636 0.02 0.02 0 0 0 0 0 0 1.04167e+10 1.04167e+10 1.04167e+10 
0.0163636 0.02 0.0127273 0.02 0.0126981 0.0169637 0 0 0 0 0 0 1.04167e+10 1.04167e+10 1.04167e+10 
0.00505517 0.00819508 0.00237901 0.00904462 0.00403993 0.00430631 0 0 0 0 0 0 2.08333e+10 2.08333e+10 2.08333e+10 
0.0112862 0.0119993 0.0146378 0.0131951 0.0126981 0.0169637 0 0 0 0 0 0 1.04167e+10 1.04167e+10 1.04167e+10 
0.0112862 0.0119993 0.0126981 0.0169637 0.0097618 0.0151231 0 0 0 0 0 0 1.04167e+10 1.04167e+10 1.04167e+10 
0.0112862 0.0119993 0.0097618 0.0151231 0.00881385 0.0114921 0 0 0 0 0 0 1.04167e+10 1.04167e+10 1.04167e+10 
0.0112862 0.0119993 0.00881385 0.0114921 0.00786591 0.00786104 0 0 0 0 0 0 1.04167e+10 1.04167e+10 1.04167e+10 
-0.000557688 0.0169655 -0.00114537 0.014444 0.00249035 0.0146704 0 0 0 0 0 0 1.04167e+10 1.04167e+10 1.04167e+10 
-0.000557688 0.0169655 -0.00426684 0.017137 -0.00114537 0.014444 0 0 0 0 0 0 1.04167e+10 1.04167e+10 1.04167e+10 
0.0136507 -0.00606187 0.00897429 -0.00695714 0.014106 -0.00823521 0 0 0 0 0 0 1.04167e+10 1.04167e+10 1.04167e+10 
0.0136507 -0.00606187 0.0168366 -0.0047635 0.0154005 -0.00105431 0 0 0 0 0 0 1.04167e+10 1.04167e+10 1.04167e+10 
0.0136507 -0.00606187 0.014106 -0.00823521 0.0168366 -0.0047635 0 0 0 0 0 0 1.04167e+10 1.04167e+10 1.04167e+10 
0.00336879 -0.0115055 0.00696384 -0.00948993 0.00345126 -0.00824466 0 0 0 0 0 0 2.08333e+10 2.08333e+10 2.08333e+10 
0.00336879 -0.0115055 -0.000226258 -0.013521 0.0041215 -0.0142981 0 0 0 0 0 0 2.08333e+10 2.08333e+10 2.08333e+10 
0.00336879 -0.0115055 0.0017809 -0.00918113 -0.000226258 -0.013521 0 0 0 0 0 0 2.08333e+10 2.08333e+10 2.08333e+10 
0.00336879 -0.0115055 0.00345126 -0.00824466 0.0017809 -0.00918113 0 0 0 0 0 0 2.08333e+10 2.08333e+10 2.08333e+10 
0.00336879 -0.0115055 0.0041215 -0.0142981 0.00729896 -0.0125166 0 0 0 0 0 0 2.08333e+10 2.08333e+10 2.08333e+10 
0.00336879 -0.0115055 0.00729896 -0.0125166 0.00696384 -0.00948993 0 0 0 0 0 0 2.08333e+10 2.08333e+10 2.08333e+10 
-0.0163636 0.02 -0.0156419 0.0170502 -0.0127273 0.02 0 0 0 0 0 0 1.04167e+10 1.04167e+10 1.04167e+10 
0.00691797 0.00423002 0.00403993 0.00430631 0.00597002 0.000599 0 0 0 0 0 0 2.08333e+10 2.08333e+10 2.08333e+10 
0.00691797 0.00423002 0.00597002 0.000599 0.00895122 0.00113832 0 0 0 0 0 0 1.04167e+10 1.04167e+10 1.04167e+10 
0.00691797 0.00423002 0.00895122 0.00113832 0.0101319 0.00549375 0 0 0 0 0 0 1.04167e+10 1.04167e+10 1.04167e+10 
0.00691797 0.00423002 0.0101319 0.00549375 0.00786591 0.00786104 0 0 0 0 0 0 1.04167e+10 1.04167e+10 1.04167e+10 
0.00691797 0.00423002 0.00786591 0.00786104 0.00505517 0.00819508 0 0 0 0 0 0 2.08333e+10 2.08333e+10 2.08333e+10 
0.00691797 0.00423002 0.00505517 0.00819508 0.00403993 0.00430631 0 0 0 0 0 0 2.08333e+10 2.08333e+10 2.08333e+10 
0.0178268 0.0026091 0.02 0.00181818 0.02 0.00545455 0 0 0 0 0 0 1.04167e+10 1.04167e+10 1.04167e+10 
0.0178268 0.0026091 0.02 0.00545455 0.0187596 0.00587755 0 0 0 0 0 0 1.04167e+10 1.04167e+10 1.04167e+10 
0.0178268 0.0026091 0.0187596 0.00587755 0.0139931 0.00498193 0 0 0 0 0 0 1.04167e+10 1.04167e+10 1.04167e+10 
0.0178268 0.0026091 0.0139931 0.00498193 0.0133008 0.00229177 0 0 0 0 0 0 1.04167e+10 1.04167e+10 1.04167e+10 
0.0178268 0.0026091 0.0175776 -0.00112534 0.02 0.00181818 0 0 0 0 0 0 1.04167e+10 1.04167e+10 1.04167e+10 
0.0178268 0.0026091 0.0133008 0.00229177 0.0154005 -0.00105431 0 0 0 0 0 0 1.04167e+10 1.04167e+10 1.04167e+10 
0.0178268 0.0026091 0.0154005 -0.00105431 0.0175776 -0.00112534 0 0 0 0 0 0 1.04167e+10 1.04167e+10 1.04167e+10 
-0.00545455 0.02 -0.00935378 0.0168142 -0.00426684 0.017137 0 0 0 0 0 0 1.04167e+10 1.04167e+10 1.04167e+10 
-0.00545455 0.02 -0.00909091 0.02 -0.00935378 0.0168142 0 0 0 0 0 0 1.04167e+10 1.04167e+10 1.04167e+10 
-0.0117743 0.0134965 -0.0108486 0.0101847 -0.00781485 0.0122012 0 0 0 0 0 0 1.04167e+10 1.04167e+10 1.04167e+10 
-0.0117743 0.0134965 -0.00781485 0.0122012 -0.00935378 0.0168142 0 0 0 0 0 0 1.04167e+10 1.04167e+10 1.04167e+10 
-0.0117743 0.0134965 -0.00935378 0.0168142 -0.0116949 0.016598 0 0 0 0 0 0 1.04167e+10 1.04167e+10 1.04167e+10 
-0.0117743 0.0134965 -0.0138354 0.0119497 -0.0108486 0.0101847 0 0 0 0 0 0 1.04167e+10 1.04167e+10 1.04167e+10 
-0.0117743 0.0134965 -0.0116949 0.016598 -0.0156419 0.0170502 0 0 0 0 0 0 1.04167e+10 1.04167e+10 1.04167e+10 
-0.0117743 0.0134965 -0.0156419 0.0170502 -0.0138354 0.0119497 0 0 0 0 0 0 1.04167e+10 1.04167e+10 1.04167e+10 
-0.0139944 -0.015821 -0.0127697 -0.0129074 -0.0164414 -0.0121742 0 0 0 0 0 0 1.04167e+10 1.04167e+10 1.04167e+10 
-0.0139944 -0.015821 -0.0164414 -0.0121742 -0.0175269 -0.0165557 0 0 0 0 0 0 1.04167e+10 1.04167e+10 1.04167e+10 
0.0111922 -0.0159686 0.0127273 -0.02 0.0139302 -0.0161691 0 0 0 0 0 0 1.04167e+10 1.04167e+10 1.04167e+10 
0.0111922 -0.0159686 0.00909091 -0.02 0.0127273 -0.02 0 0 0 0 0 0 1.04167e+10 1.04167e+10 1.04167e+10 
0.0109136 -0.00233486 0.0133008 0.00229177 0.00895122 0.00113832 0 0 0 0 0 0 1.04167e+10 1.04167e+10 1.04167e+10 
0.0109136 -0.00233486 0.0154005 -0.00105431 0.0133008 0.00229177 0 0 0 0 0 0 1.04167e+10 1.04167e+10 1.04167e+10 
0.0109136 -0.00233486 0.00895122 0.00113832 0.00747216 -0.00317907 0 0 0 0 0 0 1.04167e+10 1.04167e+10 1.04167e+10 
0.0109136 -0.00233486 0.0136507 -0.00606187 0.0154005 -0.00105431 0 0 0 0 0 0 1.04167e+10 1.04167e+10 1.04167e+10 
0.0109136 -0.00233486 0.00747216 -0.00317907 0.00897429 -0.00695714 0 0 0 0 0 0 1.04167e+10 1.04167e+10 1.04167e+10 
0.0109136 -0.00233486 0.00897429 -0.00695714 0.0136507 -0.00606187 0 0 0 0 0 0 1.04167e+10 1.04167e+10 1.04167e+10 
-0.02 -0.0127273 -0.02 -0.0163636 -0.0175269 -0.0165557 0 0 0 0 0 0 1.04167e+10 1.04167e+10 1.04167e+10 
-0.02 -0.0127273 -0.0175269 -0.0165557 -0.0164414 -0.0121742 0 0 0 0 0 0 1.04167e+10 1.04167e+10 1.04167e+10 
-0.02 -0.0127273 -0.0164414 -0.0121742 -0.02 -0.00909091 0 0 0 0 0 0 1.04167e+10 1.04167e+10 1.04167e+10 
0.0032717 0.0168069 0.00676976 0.0172429 0.00545455 0.02 0 0 0 0 0 0 1.04167e+10 1.04167e+10 1.04167e+10 
0.0032717 0.0168069 0.00545455 0.02 0.00181818 0.02 0 0 0 0 0 0 1.04167e+10 1.04167e+10 1.04167e+10 
0.0032717 0.0168069 -0.000557688 0.0169655 0.00249035 0.0146704 0 0 0 0 0 0 1.04167e+10 1.04167e+10 1.04167e+10 
0.0032717 0.0168069 0.00181818 0.02 -0.000557688 0.0169655 0 0 0 0 0 0 1.04167e+10 1.04167e+10 1.04167e+10 
-0.0163636 -0.02 -0.0175269 -0.0165557 -0.02 -0.02 0 0 0 0 0 0 1.04167e+10 1.04167e+10 1.04167e+10 
-0.0163636 -0.02 -0.0139944 -0.015821 -0.0175269 -0.0165557 0 0 0 0 0 0 1.04167e+10 1.04167e+10 1.04167e+10 
-0.0163636 -0.02 -0.0127273 -0.02 -0.0139944 -0.015821 0 0 0 0 0 0 1.04167e+10 1.04167e+10 1.04167e+10 
-0.02 0.0163636 -0.0156419 0.0170502 -0.0163636 0.02 0 0 0 0 0 0 1.04167e+10 1.04167e+10 1.04167e+10 
-0.02 0.0163636 -0.0163636 0.02 -0.02 0.02 0 0 0 0 0 0 1.04167e+10 1.04167e+10 1.04167e+10 
-0.00256727 -0.00156977 -0.00575764 0.000940361 -0.00511891 -0.00312998 0 0 0 0 0 0 2.08333e+10 2.08333e+10 2.08333e+10 
-0.00256727 -0.00156977 -0.00366438 0.00294132 -0.00575764 0.000940361 0 0 0 0 0 0 2.08333e+10 2.08333e+10 2.08333e+10 
-0.00256727 -0.00156977 -0.00178693 -0.00555352 0.000906391 -0.00453393 0 0 0 0 0 0 2.08333e+10 2.08333e+10 2.08333e+10 
-0.00256727 -0.00156977 -0.00511891 -0.00312998 -0.00178693 -0.00555352 0 0 0 0 0 0 2.08333e+10 2.08333e+10 2.08333e+10 
0.02 -0.00545455 0.0189495 -0.00845287 0.02 -0.00909091 0 0 0 0 0 0 1.04167e+10 1.04167e+10 1.04167e+10 
0.02 -0.00545455 0.0168366 -0.0047635 0.0189495 -0.00845287 0 0 0 0 0 0 1.04167e+10 1.04167e+10 1.04167e+10 
0.02 -0.00545455 0.02 -0.00181818 0.0168366 -0.0047635 0 0 0 0 0 0 1.04167e+10 1.04167e+10 1.04167e+10 
-0.00181818 -0.02 -0.00223342 -0.0178609 -0.00545455 -0.02 0 0 0 0 0 0 1.04167e+10 1.04167e+10 1.04167e+10 
0.00181818 -0.02 0.00094404 -0.0160795 -0.00223342 -0.0178609 0 0 0 0 0 0 1.04167e+10 1.04167e+10 1.04167e+10 
0.00181818 -0.02 -0.00223342 -0.0178609 -0.00181818 -0.02 0 0 0 0 0 0 1.04167e+10 1.04167e+10 1.04167e+10 
0.00181818 -0.02 0.00545455 -0.02 0.00094404 -0.0160795 0 0 0 0 0 0 1.04167e+10 1.04167e+10 1.04167e+10 
-0.0110175 0.00151094 -0.0121384 0.00596061 -0.0139668 0.00383139 0 0 0 0 0 0 2.08333e+10 2.08333e+10 2.08333e+10 
-0.0110175 0.00151094 -0.00894801 0.00345049 -0.0121384 0.00596061 0 0 0 0 0 0 2.08333e+10 2.08333e+10 2.08333e+10 
-0.0110175 0.00151094 -0.0139668 0.00383139 -0.0155253 0.00169446 0 0 0 0 0 0 1.04167e+10 1.04167e+10 1.04167e+10 
-0.0110175 0.00151094 -0.0155253 0.00169446 -0.0150019 -0.00110296 0 0 0 0 0 0 1.04167e+10 1.04167e+10 1.04167e+10 
-0.0110175 0.00151094 -0.0150019 -0.00110296 -0.0111448 -0.00147878 0 0 0 0 0 0 1.04167e+10 1.04167e+10 1.04167e+10 
-0.0110175 0.00151094 -0.00806821 -0.000809521 -0.00894801 0.00345049 0 0 0 0 0 0 2.08333e+10 2.08333e+10 2.08333e+10 
-0.0110175 0.00151094 -0.0111448 -0.00147878 -0.00806821 -0.000809521 0 0 0 0 0 0 1.04167e+10 1.04167e+10 1.04167e+10 
-0.00801863 -0.00827395 -0.0091822 -0.0134385 -0.00367616 -0.0104954 0 0 0 0 0 0 1.04167e+10 1.04167e+10 1.04167e+10 
0.0176526 0.0155945 0.0146378 0.0131951 0.0178624 0.0136222 0 0 0 0 0 0 1.04167e+10 1.04167e+10 1.04167e+10 
0.0176526 0.0155945 0.0126981 0.0169637 0.0146378 0.0131951 0 0 0 0 0 0 1.04167e+10 1.04167e+10 1.04167e+10 
0.0176526 0.0155945 0.0163636 0.02 0.0126981 0.0169637 0 0 0 0 0 0 1.04167e+10 1.04167e+10 1.04167e+10 
0.0176526 0.0155945 0.0178624 0.0136222 0.02 0.0163636 0 0 0 0 0 0 1.04167e+10 1.04167e+10 1.04167e+10 
0.0176526 0.0155945 0.02 0.0163636 0.0163636 0.02 0 0 0 0 0 0 1.04167e+10 1.04167e+10 1.04167e+10 
0.0129318 -0.0122339 0.0169941 -0.0122365 0.014106 -0.00823521 0 0 0 0 0 0 1.04167e+10 1.04167e+10 1.04167e+10 
0.0129318 -0.0122339 0.0139302 -0.0161691 0.0169941 -0.0122365 0 0 0 0 0 0 1.04167e+10 1.04167e+10 1.04167e+10 
0.0129318 -0.0122339 0.0111922 -0.0159686 0.0139302 -0.0161691 0 0 0 0 0 0 1.04167e+10 1.04167e+10 1.04167e+10 
3.18778e-05 0.000113268 0.0030247 0.000417545 0.00120544 0.00457894 0 0 0 0 0 0 2.08333e+10 2.08333e+10 2.08333e+10 
3.18778e-05 0.000113268 0.00120544 0.00457894 -0.00366438 0.00294132 0 0 0 0 0 0 2.08333e+10 2.08333e+10 2.08333e+10 
3.18778e-05 0.000113268 0.000906391 -0.00453393 0.0030247 0.000417545 0 0 0 0 0 0 2.08333e+10 2.08333e+10 2.08333e+10 
3.18778e-05 0.000113268 -0.00256727 -0.00156977 0.000906391 -0.00453393 0 0 0 0 0 0 2.08333e+10 2.08333e+10 2.08333e+10 
3.18778e-05 0.000113268 -0.00366438 0.00294132 -0.00256727 -0.00156977 0 0 0 0 0 0 2.08333e+10 2.08333e+10 2.08333e+10 
-0.00439754 -0.00681271 -0.00511891 -0.00312998 -0.0084863 -0.00514959 0 0 0 0 0 0 1.04167e+10 1.04167e+10 1.04167e+10 
-0.00439754 -0.00681271 -0.0084863 -0.00514959 -0.00801863 -0.00827395 0 0 0 0 0 0 1.04167e+10 1.04167e+10 1.04167e+10 
-0.00439754 -0.00681271 -0.00178693 -0.00555352 -0.00511891 -0.00312998 0 0 0 0 0 0 2.08333e+10 2.08333e+10 2.08333e+10 
-0.00439754 -0.00681271 -0.00801863 -0.00827395 -0.00367616 -0.0104954 0 0 0 0 0 0 1.04167e+10 1.04167e+10 1.04167e+10 
-0.00385573 0.0114658 0.00110734 0.0117748 -0.00114537 0.014444 0 0 0 0 0 0 2.08333e+10 2.08333e+10 2.08333e+10 
-0.00385573 0.0114658 -0.00114537 0.014444 -0.00478109 0.0142176 0 0 0 0 0 0 2.08333e+10 2.08333e+10 2.08333e+10 
-0.00385573 0.0114658 -0.00781485 0.0122012 -0.00799705 0.00871323 0 0 0 0 0 0 2.08333e+10 2.08333e+10 2.08333e+10 
-0.00385573 0.0114658 -0.00478109 0.0142176 -0.00781485 0.0122012 0 0 0 0 0 0 2.08333e+10 2.08333e+10 2.08333e+10 
-0.0172404 0.0119165 -0.0154972 0.00994074 -0.0138354 0.0119497 0 0 0 0 0 0 1.04167e+10 1.04167e+10 1.04167e+10 
-0.0172404 0.0119165 -0.0138354 0.0119497 -0.0156419 0.0170502 0 0 0 0 0 0 1.04167e+10 1.04167e+10 1.04167e+10 
-0.0172404 0.0119165 -0.0156419 0.0170502 -0.02 0.0163636 0 0 0 0 0 0 1.04167e+10 1.04167e+10 1.04167e+10 
-0.00181818 0.02 -0.000557688 0.0169655 0.00181818 0.02 0 0 0 0 0 0 1.04167e+10 1.04167e+10 1.04167e+10 
-0.00181818 0.02 -0.00426684 0.017137 -0.000557688 0.0169655 0 0 0 0 0 0 1.04167e+10 1.04167e+10 1.04167e+10 
-0.00181818 0.02 -0.00545455 0.02 -0.00426684 0.017137 0 0 0 0 0 0 1.04167e+10 1.04167e+10 1.04167e+10 
0.0176545 0.00840994 0.0178624 0.0136222 0.0146378 0.0131951 0 0 0 0 0 0 1.04167e+10 1.04167e+10 1.04167e+10 
0.0176545 0.00840994 0.02 0.0127273 0.0178624 0.0136222 0 0 0 0 0 0 1.04167e+10 1.04167e+10 1.04167e+10 
0.0176545 0.00840994 0.0139931 0.00498193 0.0187596 0.00587755 0 0 0 0 0 0 1.04167e+10 1.04167e+10 1.04167e+10 
0.02 0.00909091 0.02 0.0127273 0.0176545 0.00840994 0 0 0 0 0 0 1.04167e+10 1.04167e+10 1.04167e+10 
0.02 0.00909091 0.0187596 0.00587755 0.02 0.00545455 0 0 0 0 0 0 1.04167e+10 1.04167e+10 1.04167e+10 
0.02 0.00909091 0.0176545 0.00840994 0.0187596 0.00587755 0 0 0 0 0 0 1.04167e+10 1.04167e+10 1.04167e+10 
0.0173387 -0.0168311 0.0169941 -0.0122365 0.0139302 -0.0161691 0 0 0 0 0 0 1.04167e+10 1.04167e+10 1.04167e+10 
0.0173387 -0.0168311 0.02 -0.0127273 0.0169941 -0.0122365 0 0 0 0 0 0 1.04167e+10 1.04167e+10 1.04167e+10 
0.0173387 -0.0168311 0.02 -0.0163636 0.02 -0.0127273 0 0 0 0 0 0 1.04167e+10 1.04167e+10 1.04167e+10 
0.0173387 -0.0168311 0.0139302 -0.0161691 0.0163636 -0.02 0 0 0 0 0 0 1.04167e+10 1.04167e+10 1.04167e+10 
0.0173387 -0.0168311 0.0163636 -0.02 0.02 -0.02 0 0 0 0 0 0 1.04167e+10 1.04167e+10 1.04167e+10 
0.0173387 -0.0168311 0.02 -0.02 0.02 -0.0163636 0 0 0 0 0 0 1.04167e+10 1.04167e+10 1.04167e+10 
-0.02 0.00545455 -0.02 0.00181818 -0.0169161 0.00615185 0 0 0 0 0 0 1.04167e+10 1.04167e+10 1.04167e+10 
-0.02 0.0127273 -0.0172404 0.0119165 -0.02 0.0163636 0 0 0 0 0 0 1.04167e+10 1.04167e+10 1.04167e+10 
-0.00100659 -0.00953727 -0.00367616 -0.0104954 -0.000226258 -0.013521 0 0 0 0 0 0 2.08333e+10 2.08333e+10 2.08333e+10 
-0.00100659 -0.00953727 -0.000226258 -0.013521 0.0017809 -0.00918113 0 0 0 0 0 0 2.08333e+10 2.08333e+10 2.08333e+10 
-0.00100659 -0.00953727 0.0017809 -0.00918113 -0.00178693 -0.00555352 0 0 0 0 0 0 2.08333e+10 2.08333e+10 2.08333e+10 
-0.00100659 -0.00953727 -0.00178693 -0.00555352 -0.00439754 -0.00681271 0 0 0 0 0 0 2.08333e+10 2.08333e+10 2.08333e+10 
-0.00100659 -0.00953727 -0.00439754 -0.00681271 -0.00367616 -0.0104954 0 0 0 0 0 0 2.08333e+10 2.08333e+10 2.08333e+10 
-0.0175469 -0.00212666 -0.02 0.00181818 -0.02 -0.00181818 0 0 0 0 0 0 1.04167e+10 1.04167e+10 1.04167e+10 
-0.0175469 -0.00212666 -0.0155253 0.00169446 -0.02 0.00181818 0 0 0 0 0 0 1.04167e+10 1.04167e+10 1.04167e+10 
-0.0175469 -0.00212666 -0.0150019 -0.00110296 -0.0155253 0.00169446 0 0 0 0 0 0 1.04167e+10 1.04167e+10 1.04167e+10 
-0.0175469 -0.00212666 -0.02 -0.00181818 -0.02 -0.00545455 0 0 0 0 0 0 1.04167e+10 1.04167e+10 1.04167e+10 
-0.0175469 -0.00212666 -0.02 -0.00545455 -0.0162061 -0.00538225 0 0 0 0 0 0 1.04167e+10 1.04167e+10 1.04167e+10 
-0.0175469 -0.00212666 -0.0162061 -0.00538225 -0.0150019 -0.00110296 0 0 0 0 0 0 1.04167e+10 1.04167e+10 1.04167e+10 
0.0142182 0.00855332 0.0146378 0.0131951 0.0112862 0.0119993 0 0 0 0 0 0 1.04167e+10 1.04167e+10 1.04167e+10 
0.0142182 0.00855332 0.0176545 0.00840994 0.0146378 0.0131951 0 0 0 0 0 0 1.04167e+10 1.04167e+10 1.04167e+10 
0.0142182 0.00855332 0.0139931 0.00498193 0.0176545 0.00840994 0 0 0 0 0 0 1.04167e+10 1.04167e+10 1.04167e+10 
0.0142182 0.00855332 0.0101319 0.00549375 0.0139931 0.00498193 0 0 0 0 0 0 1.04167e+10 1.04167e+10 1.04167e+10 
0.0142182 0.00855332 0.0112862 0.0119993 0.00786591 0.00786104 0 0 0 0 0 0 1.04167e+10 1.04167e+10 1.04167e+10 
0.0142182 0.00855332 0.00786591 0.00786104 0.0101319 0.00549375 0 0 0 0 0 0 1.04167e+10 1.04167e+10 1.04167e+10 
-0.00293036 0.00871406 0.00237901 0.00904462 0.00110734 0.0117748 0 0 0 0 0 0 2.08333e+10 2.08333e+10 2.08333e+10 
-0.00293036 0.00871406 0.00110734 0.0117748 -0.00385573 0.0114658 0 0 0 0 0 0 2.08333e+10 2.08333e+10 2.08333e+10 
-0.00293036 0.00871406 -0.00799705 0.00871323 -0.00736064 0.00576938 0 0 0 0 0 0 2.08333e+10 2.08333e+10 2.08333e+10 
-0.00293036 0.00871406 -0.00385573 0.0114658 -0.00799705 0.00871323 0 0 0 0 0 0 2.08333e+10 2.08333e+10 2.08333e+10 
-0.00293036 0.00871406 0.00120544 0.00457894 0.00237901 0.00904462 0 0 0 0 0 0 2.08333e+10 2.08333e+10 2.08333e+10 
-0.00293036 0.00871406 -0.00736064 0.00576938 -0.00366438 0.00294132 0 0 0 0 0 0 2.08333e+10 2.08333e+10 2.08333e+10 
-0.00293036 0.00871406 -0.00366438 0.00294132 0.00120544 0.00457894 0 0 0 0 0 0 2.08333e+10 2.08333e+10 2.08333e+10 
0.0060704 0.0120838 0.00786591 0.00786104 0.00881385 0.0114921 0 0 0 0 0 0 2.08333e+10 2.08333e+10 2.08333e+10 
0.0060704 0.0120838 0.00505517 0.00819508 0.00786591 0.00786104 0 0 0 0 0 0 2.08333e+10 2.08333e+10 2.08333e+10 
0.0060704 0.0120838 0.00237901 0.00904462 0.00505517 0.00819508 0 0 0 0 0 0 2.08333e+10 2.08333e+10 2.08333e+10 
0.0060704 0.0120838 0.00110734 0.0117748 0.00237901 0.00904462 0 0 0 0 0 0 2.08333e+10 2.08333e+10 2.08333e+10 
0.0060704 0.0120838 0.00249035 0.0146704 0.00110734 0.0117748 0 0 0 0 0 0 2.08333e+10 2.08333e+10 2.08333e+10 
-0.00753596 -0.0158759 -0.00545455 -0.02 -0.00223342 -0.0178609 0 0 0 0 0 0 1.04167e+10 1.04167e+10 1.04167e+10 
-0.00753596 -0.0158759 -0.00909091 -0.02 -0.00545455 -0.02 0 0 0 0 0 0 1.04167e+10 1.04167e+10 1.04167e+10 
-0.0101243 -0.0169135 -0.0127697 -0.0129074 -0.0139944 -0.015821 0 0 0 0 0 0 1.04167e+10 1.04167e+10 1.04167e+10 
-0.0101243 -0.0169135 -0.0091822 -0.0134385 -0.0127697 -0.0129074 0 0 0 0 0 0 1.04167e+10 1.04167e+10 1.04167e+10 
-0.0101243 -0.0169135 -0.0127273 -0.02 -0.00909091 -0.02 0 0 0 0 0 0 1.04167e+10 1.04167e+10 1.04167e+10 
-0.0101243 -0.0169135 -0.0139944 -0.015821 -0.0127273 -0.02 0 0 0 0 0 0 1.04167e+10 1.04167e+10 1.04167e+10 
-0.0101243 -0.0169135 -0.00753596 -0.0158759 -0.0091822 -0.0134385 0 0 0 0 0 0 1.04167e+10 1.04167e+10 1.04167e+10 
-0.0101243 -0.0169135 -0.00909091 -0.02 -0.00753596 -0.0158759 0 0 0 0 0 0 1.04167e+10 1.04167e+10 1.04167e+10 
-0.0103132 -0.00832904 -0.0149031 -0.00935917 -0.0127697 -0.0129074 0 0 0 0 0 0 1.04167e+10 1.04167e+10 1.04167e+10 
-0.0103132 -0.00832904 -0.0123724 -0.00498137 -0.0149031 -0.00935917 0 0 0 0 0 0 1.04167e+10 1.04167e+10 1.04167e+10 
-0.0103132 -0.00832904 -0.0084863 -0.00514959 -0.0123724 -0.00498137 0 0 0 0 0 0 1.04167e+10 1.04167e+10 1.04167e+10 
-0.0103132 -0.00832904 -0.00801863 -0.00827395 -0.0084863 -0.00514959 0 0 0 0 0 0 1.04167e+10 1.04167e+10 1.04167e+10 
-0.0103132 -0.00832904 -0.0091822 -0.0134385 -0.00801863 -0.00827395 0 0 0 0 0 0 1.04167e+10 1.04167e+10 1.04167e+10 
-0.0103132 -0.00832904 -0.0127697 -0.0129074 -0.0091822 -0.0134385 0 0 0 0 0 0 1.04167e+10 1.04167e+10 1.04167e+10 
-0.02 0.00909091 -0.0169161 0.00615185 -0.0154972 0.00994074 0 0 0 0 0 0 1.04167e+10 1.04167e+10 1.04167e+10 
-0.02 0.00909091 -0.0154972 0.00994074 -0.0172404 0.0119165 0 0 0 0 0 0 1.04167e+10 1.04167e+10 1.04167e+10 
-0.02 0.00909091 -0.02 0.00545455 -0.0169161 0.00615185 0 0 0 0 0 0 1.04167e+10 1.04167e+10 1.04167e+10 
-0.02 0.00909091 -0.0172404 0.0119165 -0.02 0.0127273 0 0 0 0 0 0 1.04167e+10 1.04167e+10 1.04167e+10 
0.00612607 0.0148967 0.00676976 0.0172429 0.0032717 0.0168069 0 0 0 0 0 0 1.04167e+10 1.04167e+10 1.04167e+10 
0.00612607 0.0148967 0.0032717 0.0168069 0.00249035 0.0146704 0 0 0 0 0 0 1.04167e+10 1.04167e+10 1.04167e+10 
0.00612607 0.0148967 0.00249035 0.0146704 0.0060704 0.0120838 0 0 0 0 0 0 2.08333e+10 2.08333e+10 2.08333e+10 
0.00612607 0.0148967 0.0097618 0.0151231 0.00676976 0.0172429 0 0 0 0 0 0 1.04167e+10 1.04167e+10 1.04167e+10 
0.00612607 0.0148967 0.00881385 0.0114921 0.0097618 0.0151231 0 0 0 0 0 0 2.08333e+10 2.08333e+10 2.08333e+10 
0.00612607 0.0148967 0.0060704 0.0120838 0.00881385 0.0114921 0 0 0 0 0 0 2.08333e+10 2.08333e+10 2.08333e+10 
0.0104764 -0.0107352 0.00696384 -0.00948993 0.00729896 -0.0125166 0 0 0 0 0 0 2.08333e+10 2.08333e+10 2.08333e+10 
0.0104764 -0.0107352 0.0111922 -0.0159686 0.0129318 -0.0122339 0 0 0 0 0 0 1.04167e+10 1.04167e+10 1.04167e+10 
0.0104764 -0.0107352 0.00897429 -0.00695714 0.00696384 -0.00948993 0 0 0 0 0 0 2.08333e+10 2.08333e+10 2.08333e+10 
0.0104764 -0.0107352 0.014106 -0.00823521 0.00897429 -0.00695714 0 0 0 0 0 0 1.04167e+10 1.04167e+10 1.04167e+10 
0.0104764 -0.0107352 0.0129318 -0.0122339 0.014106 -0.00823521 0 0 0 0 0 0 1.04167e+10 1.04167e+10 1.04167e+10 
0.00813133 -0.0156069 0.0041215 -0.0142981 0.00545455 -0.02 0 0 0 0 0 0 1.04167e+10 1.04167e+10 1.04167e+10 
0.00813133 -0.0156069 0.00545455 -0.02 0.00909091 -0.02 0 0 0 0 0 0 1.04167e+10 1.04167e+10 1.04167e+10 
0.00813133 -0.0156069 0.00909091 -0.02 0.0111922 -0.0159686 0 0 0 0 0 0 1.04167e+10 1.04167e+10 1.04167e+10 
0.00813133 -0.0156069 0.00729896 -0.0125166 0.0041215 -0.0142981 0 0 0 0 0 0 1.04167e+10 1.04167e+10 1.04167e+10 
0.00813133 -0.0156069 0.0104764 -0.0107352 0.00729896 -0.0125166 0 0 0 0 0 0 1.04167e+10 1.04167e+10 1.04167e+10 
0.00813133 -0.0156069 0.0111922 -0.0159686 0.0104764 -0.0107352 0 0 0 0 0 0 1.04167e+10 1.04167e+10 1.04167e+10 
-0.00295479 -0.0141782 0.00094404 -0.0160795 -0.000226258 -0.013521 0 0 0 0 0 0 2.08333e+10 2.08333e+10 2.08333e+10 
-0.00295479 -0.0141782 -0.00223342 -0.0178609 0.00094404 -0.0160795 0 0 0 0 0 0 2.08333e+10 2.08333e+10 2.08333e+10 
-0.00295479 -0.0141782 -0.00753596 -0.0158759 -0.00223342 -0.0178609 0 0 0 0 0 0 1.04167e+10 1.04167e+10 1.04167e+10 
-0.00295479 -0.0141782 -0.000226258 -0.013521 -0.00367616 -0.0104954 0 0 0 0 0 0 2.08333e+10 2.08333e+10 2.08333e+10 
-0.00295479 -0.0141782 -0.00367616 -0.0104954 -0.0091822 -0.0134385 0 0 0 0 0 0 1.04167e+10 1.04167e+10 1.04167e+10 
-0.00295479 -0.0141782 -0.0091822 -0.0134385 -0.00753596 -0.0158759 0 0 0 0 0 0 1.04167e+10 1.04167e+10 1.04167e+10 
0.00909091 0.02 0.0126981 0.0169637 0.0127273 0.02 0 0 0 0 0 0 1.04167e+10 1.04167e+10 1.04167e+10 
0.00909091 0.02 0.00545455 0.02 0.00676976 0.0172429 0 0 0 0 0 0 1.04167e+10 1.04167e+10 1.04167e+10 
0.00909091 0.02 0.0097618 0.0151231 0.0126981 0.0169637 0 0 0 0 0 0 1.04167e+10 1.04167e+10 1.04167e+10 
0.00909091 0.02 0.00676976 0.0172429 0.0097618 0.0151231 0 0 0 0 0 0 1.04167e+10 1.04167e+10 1.04167e+10 
