01 1.71467E-07 3.66131E-07 2.2539E-05    0.9125  0.8768  0.8593  3.03512E-15   3.25975E-07  2.96002E-15   0.030889  0.066638571  0.033833571
02 3.12194E-05 5.11217E-05 0.000562034   0.884476958  0.854006943  0.84570933    7.24126E-11   4.55147E-05 2.38077E-10   0.0371105  0.076260714  0.040765357
03 0.000268878 0.000394495 0.002084184   0.868485189  0.840949532  0.837859162   5.80394E-09   0.000351228 2.606E-08     0.044848929  0.092677857  0.049417071
04 0.000920057 0.001267807 0.004375831   0.857314509  0.831806408  0.83233361    7.68648E-08   0.001128756 3.84159E-07   0.049417071  0.102267143  0.060249286
05 0.002075993 0.002744354 0.007123204   0.848748897  0.824782962  0.828072766   4.41572E-07   0.002443358 2.28654E-06   0.05453  0.112848571  0.066638571
06 0.003730306 0.004786056 0.010098167   0.84181385  0.819088434  0.8246076      1.59129E-06   0.00426113 8.28016E-06   0.060249286  0.124476429  0.066638571
07 0.005828423 0.007309708 0.013156264   0.835994579  0.814304464  0.821689159   4.28614E-06   0.006507991 2.20901E-05   0.060249286  0.137212857  0.073755714
08 0.008299801 0.010223205 0.016210109   0.830986223  0.810182992  0.81916944    9.49077E-06   0.009101941 4.81036E-05   0.066638571  0.137212857  0.069328571
09 0.011073936 0.013441083 0.019208268   0.826593451  0.806564914  0.816953305   1.82847E-05   0.011966887 9.08206E-05   0.073755714  0.1737  0.076260714
10 0.014087086 0.016889733 0.022121503  0.822683663  0.803342126  0.814975986    3.17781E-05   0.015037296 0.000154438   0.073755714  0.1737  0.076260714
11 0.017284374 0.020508065 0.024934244  0.819162763  0.800437854  0.813191406    5.1046E-05    0.018258775 0.000242598    0.069328571  0.188219286  0.084026429
12 0.020619787 0.024246381 0.02763934   0.815961593  0.797795631  0.811565624    7.70837E-05   0.021587079 0.000358268   0.069328571  0.188219286  0.084026429
13 0.024055335 0.028064724 0.03023481   0.81302785  0.795372724  0.810072921     0.000110779   0.024986633 0.000503727   0.069328571  0.203179286  0.084026429
14 0.027559941 0.031931193 0.032721821  0.810321033  0.793136024  0.808693341    0.0001529     0.028429034 0.000680592     0.076260714  0.203179286  0.092677857
15 0.031108333 0.035820448 0.035103414  0.807809147  0.791059359  0.807411095    0.00020409    0.031891722 0.00088989     0.076260714  0.218506429  0.092677857
16 0.034680052 0.039712442 0.037383693  0.805466484  0.789121692  0.806213474    0.000264875   0.035356848 0.00113214    0.076260714  0.218506429  0.092677857
17 0.03825859 0.043591382 0.039567317   0.803272079  0.787305857  0.805090101    0.000335663   0.038810353 0.001407429   0.084026429  0.218506429  0.102267143
18 0.041830673 0.047444886 0.041659174  0.801208615  0.785597669  0.80403239     0.000416764   0.042241211 0.001715493   0.084026429  0.218506429  0.102267143
19 0.04538567 0.051263309 0.043664175   0.799261624  0.783985272  0.80303316     0.000508391   0.045640836 0.002055784   0.084026429  0.234133571  0.102267143
20 0.048915105 0.055039197 0.045587129  0.797418897  0.78245866  0.802086343     0.000610676   0.049002591 0.002427534   0.084026429  0.234133571  0.112848571
21 0.052412263 0.058766859 0.047432667  0.795670039  0.781009305  0.801186768    0.000723679   0.052321409 0.002829805   0.092677857  0.234133571  0.112848571
22 0.055871865 0.062442017 0.0492052    0.794006125  0.779629887  0.800329988    0.000847399   0.055593482 0.003261532   0.092677857  0.234133571  0.112848571
23 0.059289808 0.066061531 0.050908898  0.792419439  0.778314073  0.799512157    0.00098178    0.058816013 0.003721562    0.092677857  0.249999286  0.112848571
24 0.06266295 0.069623173 0.052547682   0.790903263  0.77705635  0.79872992      0.001126722   0.061987021 0.004208682   0.092677857  0.249999286  0.124476429
25 0.065988933 0.073125454 0.054125227  0.789451715  0.775851887  0.79798034     0.001282087   0.065105177 0.004721645   0.092677857  0.249999286  0.124476429
26 0.069266043 0.076567471 0.055644971  0.788059616  0.774696429  0.797260825    0.001447707   0.06816968 0.005259188   0.102267143  0.249999286  0.124476429
27 0.072493093 0.079948798 0.057110122  0.786722378  0.773586208  0.796569081    0.001623386   0.071180149 0.005820047   0.102267143  0.249999286  0.124476429
28 0.075669327 0.083269387 0.058523675  0.785435925  0.772517873  0.795903065    0.001808909   0.074136541 0.00640297    0.102267143  0.266047857  0.124476429
29 0.07879434 0.086529493 0.05988842    0.784196615  0.77148843  0.79526095      0.002004044   0.077039084 0.007006728   0.102267143  0.266047857  0.124476429
30 0.081868012 0.089729609 0.061206962  0.78300118  0.770495193  0.794641099     0.002208546   0.079888217 0.00763012    0.102267143  0.266047857  0.137212857
31 0.08489046 0.092870422 0.062481727   0.781846681  0.769535743  0.794042033    0.002422162   0.08268455 0.008271978   0.102267143  0.266047857  0.137212857
32 0.087861986 0.095952761 0.06371498   0.780730461  0.768607896  0.79346242     0.00264463    0.085428824 0.008931174    0.112848571  0.266047857  0.137212857
33 0.090783048 0.098977575 0.064908836  0.779650112  0.767709671  0.792901047    0.002875686   0.088121881 0.009606619   0.112848571  0.266047857  0.137212857
34 0.093654223 0.101945894 0.066065269  0.778603447  0.766839265  0.792356813    0.00311506    0.09076464 0.010297268    0.112848571  0.28223  0.137212857
35 0.096476186 0.104858816 0.067186124  0.777588468  0.765995036  0.791828715    0.003362485   0.093358078 0.011002116   0.112848571  0.28223  0.137212857
36 0.099249688 0.107717483 0.068273127  0.776603352  0.765175483  0.791315831    0.003617693   0.095903211 0.011720205   0.112848571  0.28223  0.1737
37 0.10197554 0.110523068 0.069327895   0.775646426  0.764379226  0.79081732     0.003880416   0.098401084 0.012450618   0.112848571  0.28223  0.1737
38 0.104654595 0.113276762 0.070351942  0.774716153  0.763605002  0.790332405    0.004150393   0.100852758 0.013192481   0.112848571  0.28223  0.1737
39 0.10728774 0.115979765 0.071346686   0.773811119  0.762851643  0.789860373    0.004427362   0.1032593 0.013944963   0.112848571  0.28223  0.1737
40 0.109875883 0.118633276 0.072313462  0.772930017  0.762118074  0.789400563    0.004711068   0.105621778 0.014707272   0.124476429  0.28223  0.1737
41 0.112419948 0.121238491 0.073253519  0.772071639  0.7614033  0.788952366      0.00500126    0.107941257 0.015478657    0.124476429  0.28223  0.1737
42 0.114920866 0.12379659 0.074168035   0.771234866  0.760706397  0.788515216    0.005297692   0.110218789 0.016258404    0.124476429  0.298502857  0.1737
43 0.117379568 0.126308743 0.075058117  0.770418659  0.760026508  0.788088585    0.005600125   0.112455413 0.017045837   0.124476429  0.298502857  0.1737
44 0.119796986 0.128776098 0.075924808  0.769622051  0.759362838  0.787671987    0.005908323   0.114652153 0.017840313   0.124476429  0.298502857  0.188219286
45 0.122174043 0.131199783 0.076769091  0.768844143  0.758714642  0.787264963    0.006222058   0.116810012 0.018641226   0.124476429  0.298502857  0.188219286
46 0.124511652 0.133580902 0.077591893  0.768084093  0.75808123  0.78686709      0.006541108   0.118929974 0.019447999   0.124476429  0.298502857  0.188219286
47 0.126810717 0.135920536 0.078394089  0.767341116  0.757461952  0.786477968    0.006865256   0.121013 0.020260089   0.124476429  0.298502857  0.188219286
48 0.129072126 0.138219739 0.079176506  0.766614479  0.756856202  0.786097225    0.007194293   0.123060031 0.021076979   0.124476429  0.298502857  0.188219286
49 0.131296751 0.140479541 0.079939928  0.765903492  0.756263413  0.785724512    0.007528014   0.125071981 0.021898184   0.124476429  0.298502857  0.188219286
50 0.13348545 0.142700942 0.080685094   0.765207509  0.75568305  0.7853595       0.007866222   0.127049743 0.022723241   0.137212857  0.298502857  0.188219286
51 0.135639061 0.144884919 0.081412705  0.764525922  0.755114612  0.785001882    0.008208724   0.128994185 0.023551717   0.137212857  0.298502857  0.188219286
52 0.137758405 0.147032419 0.082123426  0.76385816  0.754557628  0.784651366     0.008555336   0.130906151 0.024383199   0.137212857  0.31483  0.188219286
53 0.139844285 0.149144366 0.082817888  0.763203686  0.754011654  0.784307678    0.008905878   0.132786463 0.0252173     0.137212857  0.31483  0.188219286
54 0.141897483 0.151221654 0.083496689  0.76256199  0.753476268  0.783970562     0.009260174   0.134635917 0.026053652   0.137212857  0.31483  0.203179286
55 0.143918764 0.153265153 0.084160398  0.761932594  0.752951077  0.783639773    0.009618059   0.136455289 0.026891909   0.137212857  0.31483  0.203179286
56 0.145908872 0.155275707 0.084809554  0.761315044  0.752435706  0.783315079    0.009979368   0.138245329 0.027731744   0.137212857  0.31483  0.203179286
57 0.147868534 0.157254137 0.085444673  0.760708913  0.7519298  0.782996264      0.010343944   0.140006768 0.02857285    0.137212857  0.31483  0.203179286
58 0.149798457 0.159201235 0.086066242  0.760113793  0.751433024  0.782683121    0.010711636   0.141740312 0.029414934   0.137212857  0.31483  0.203179286
59 0.15169933 0.161117774 0.086674729   0.759529301  0.75094506  0.782375452     0.011082296   0.143446648 0.030257722   0.137212857  0.31483  0.203179286
60 0.153571821 0.163004501 0.087270577  0.758955071  0.750465607  0.782073073    0.011455784   0.145126442 0.031100956   0.137212857  0.31483  0.203179286
61 0.155416584 0.164862141 0.087854209  0.758390756  0.749994377  0.781775805    0.011831962   0.146780339 0.031944391   0.137212857  0.31483  0.203179286
62 0.157234252 0.166691398 0.08842603   0.757836026  0.749531099  0.781483482    0.012210698   0.148408966 0.032787798   0.137212857  0.31483  0.203179286
63 0.159025442 0.168492953 0.088986426  0.757290569  0.749075513  0.781195943    0.012591864   0.150012929 0.033630959   0.1737  0.31483  0.203179286
64 0.160790753 0.170267467 0.089535765  0.756754086  0.748627372  0.780913035    0.012975338   0.151592818 0.03447367    0.1737  0.331177857  0.203179286
65 0.162530769 0.172015582 0.090074399  0.756226291  0.748186441  0.780634614    0.013361      0.153149203 0.035315739      0.1737  0.331177857  0.203179286
66 0.164246057 0.173737919 0.090602666  0.755706915  0.747752496  0.780360541    0.013748737   0.154682637 0.036156985   0.1737  0.331177857  0.203179286
67 0.165937167 0.175435082 0.091120887  0.755195697  0.747325323  0.780090684    0.014138438   0.156193657 0.036997238   0.1737  0.331177857  0.218506429
68 0.167604635 0.177107654 0.091629372  0.754692392  0.746904717  0.779824915    0.014529995   0.157682785 0.037836336   0.1737  0.331177857  0.218506429
69 0.169248983 0.178756204 0.092128416  0.754196763  0.746490484  0.779563116    0.014923306   0.159150525 0.03867413    0.1737  0.331177857  0.218506429
70 0.170870715 0.180381282 0.092618302  0.753708584  0.746082435  0.779305169    0.015318273   0.160597366 0.039510476   0.1737  0.331177857  0.218506429
71 0.172470325 0.18198342 0.093099303   0.753227639  0.745680393  0.779050965    0.015714798   0.162023785 0.040345243    0.1737  0.331177857  0.218506429
72 0.17404829 0.183563138 0.093571678   0.752753721  0.745284186  0.778800397    0.016112791   0.163430242 0.041178305   0.1737  0.331177857  0.218506429
73 0.175605076 0.185120937 0.094035677  0.752286632  0.744893651  0.778553365    0.016512161   0.164817184 0.042009544   0.1737  0.331177857  0.218506429
74 0.177141135 0.186657305 0.094491542  0.751826182  0.744508629  0.77830977     0.016912823   0.166185046 0.04283885    0.1737  0.331177857  0.218506429
75 0.178656907 0.188172715 0.094939503  0.751372189  0.744128971  0.77806952     0.017314695   0.167534249 0.04366612    0.1737  0.331177857  0.218506429
76 0.180152818 0.189667628 0.095379781  0.750924478  0.743754531  0.777832525    0.017717697   0.168865202 0.044491256   0.1737  0.331177857  0.218506429
77 0.181629286 0.191142489 0.09581259   0.750482882  0.743385171  0.777598699    0.018121751   0.170178303 0.045314168   0.1737  0.331177857  0.218506429
78 0.183086714 0.192597731 0.096238135  0.750047238  0.743020757  0.777367958    0.018526783   0.171473936 0.046134772   0.188219286  0.331177857  0.218506429
79 0.184525495 0.194033776 0.096656612  0.749617392  0.74266116  0.777140225     0.018932723   0.172752478 0.046952986   0.188219286  0.331177857  0.218506429
80 0.185946013 0.195451031 0.097068213  0.749193195  0.742306258  0.776915421    0.0193395     0.174014291 0.047768738     0.188219286  0.347518571  0.218506429
81 0.187348639 0.196849894 0.097473119  0.748774503  0.74195593  0.776693474     0.019747049   0.175259729 0.048581958   0.188219286  0.347518571  0.218506429
82 0.188733736 0.198230751 0.097871508  0.748361178  0.741610064  0.776474313    0.020155305   0.176489136 0.049392581   0.188219286  0.347518571  0.218506429
83 0.190101656 0.199593976 0.098263549  0.747953087  0.741268548  0.776257869    0.020564207   0.177702845 0.050200548   0.188219286  0.347518571  0.234133571
84 0.191452743 0.200939935 0.098649406  0.747550102  0.740931277  0.776044076    0.020973695    0.178901181 0.051005802   0.188219286  0.347518571  0.234133571
85 0.19278733 0.202268981 0.099029236   0.7471521  0.740598148  0.775832872      0.021383711    0.18008446 0.051808292   0.188219286  0.347518571  0.234133571
86 0.194105742 0.20358146 0.099403192   0.746758961  0.740269063  0.775624194    0.021794201    0.181252988 0.052607969    0.188219286  0.347518571  0.234133571
87 0.195408297 0.204877705 0.099771422  0.74637057  0.739943926  0.775417984     0.02220511     0.182407063 0.053404788    0.188219286  0.347518571  0.234133571
88 0.196695302 0.206158043 0.100134067  0.745986817  0.739622645  0.775214184    0.022616388    0.183546976 0.054198709   0.188219286  0.347518571  0.234133571
89 0.197967058 0.207422791 0.100491265  0.745607594  0.739305132  0.77501274     0.023027985    0.184673009 0.054989694   0.188219286  0.347518571  0.234133571
90 0.199223856 0.208672258 0.100843148  0.745232798  0.7389913  0.774813598      0.023439852    0.185785436 0.055777707   0.188219286  0.347518571  0.234133571
91 0.200465983 0.209906743 0.101189844  0.744862329  0.738681068  0.774616707    0.023851944    0.186884525 0.056562717   0.188219286  0.347518571  0.234133571
92 0.201693715 0.211126539 0.101531477  0.744496089  0.738374354  0.774422017    0.024264217    0.187970536 0.057344694   0.188219286  0.347518571  0.234133571
93 0.202907324 0.212331931 0.101868166  0.744133987  0.738071081  0.77422948     0.024676628    0.189043722 0.058123611   0.188219286  0.347518571  0.234133571
94 0.204107072 0.213523194 0.102200029  0.74377593  0.737771174  0.77403905      0.025089134    0.19010433 0.058899444   0.188219286  0.347518571  0.234133571
95 0.205293217 0.2147006 0.102527176    0.743421832  0.737474561  0.773850681    0.025501698    0.1911526 0.059672171     0.188219286  0.347518571  0.234133571
96 0.20646601 0.21586441 0.102849717    0.743071608  0.737181172  0.773664329    0.025914279    0.192188765 0.060441773    0.188219286  0.347518571  0.234133571
97 0.207625694 0.217014881 0.103167756  0.742725176  0.736890937  0.773479953    0.026326842    0.193213054 0.061208231   0.188219286  0.347518571  0.234133571
98 0.208772508 0.218152262 0.103481395  0.742382455  0.736603792  0.773297511    0.026739351    0.194225689 0.061971531   0.203179286  0.347518571  0.234133571
99 0.209906685 0.219276796 0.103790733  0.74204337  0.736319672  0.773116963     0.027151771    0.195226886 0.062731657   0.203179286  0.363829286  0.234133571
100 0.21102845 0.22038872 0.104095865    0.741707846  0.736038516  0.772938272   0.027564069    0.196216856 0.063488598    0.203179286  0.363829286  0.249999286
110 0.221609623 0.230862454 0.106934959  0.738533504  0.733377563  0.771245743   0.031673902    0.205541849 0.070881266   0.203179286  0.363829286  0.249999286
120 0.231162653 0.24029656 0.109439978   0.735647421  0.730956704  0.769703822   0.035743004    0.213941238 0.077952205    0.218506429  0.380087857  0.266047857
130 0.239842322 0.248850928 0.111670686  0.733002443  0.728736787  0.768288115   0.039753409    0.221557377 0.084707464   0.218506429  0.380087857  0.266047857
140 0.247772937 0.256653246 0.113672948  0.730562055  0.726687477  0.766979696   0.043693085    0.22850395 0.091158408   0.218506429  0.380087857  0.266047857
150 0.255055538 0.263806812 0.115482625  0.728297412  0.724784794  0.76576359    0.047554229    0.234872925 0.097319161   0.234133571  0.396277857  0.28223
160 0.261773163 0.270396175 0.117128202  0.726185334  0.723009463  0.764627744   0.051332065    0.240739577 0.103205065   0.234133571  0.396277857  0.28223
170 0.267994743 0.27649127 0.118632628   0.724206922  0.721345758  0.763562316   0.055023994    0.246166173 0.108831741    0.234133571  0.396277857  0.28223
180 0.273778025 0.282150506 0.120014624  0.722346562  0.719780681  0.762559163   0.058628976    0.251204714 0.114214546   0.234133571  0.396277857  0.28223
190 0.279171792 0.287423087 0.12128963   0.720591212  0.718303371  0.761611475   0.062147093    0.255899007 0.119368249   0.234133571  0.412384286  0.298502857
200 0.28421757 0.292350793 0.12247051    0.718929862  0.716904657  0.760713497   0.065579223    0.26028625 0.124306866   0.249999286  0.412384286  0.298502857
210 0.288950954 0.296969359 0.123568074  0.717353142  0.715576728  0.759860323   0.068926807    0.26439826 0.129043577   0.249999286  0.412384286  0.298502857
220 0.293402653 0.301309552 0.124591483  0.715853005  0.714312877  0.759047738   0.072191675    0.268262428 0.133590706   0.249999286  0.412384286  0.298502857
230 0.297599318 0.305398025 0.125548556  0.714422495  0.713107302  0.758272091   0.075375919    0.271902484 0.137959734   0.249999286  0.412384286  0.298502857
240 0.301564207 0.309257995 0.126446014  0.713055554  0.71195495  0.757530203    0.078481796    0.275339099 0.142161329   0.249999286  0.412384286  0.298502857
250 0.305317716 0.312909794 0.127289667  0.711746881  0.710851396  0.756819288   0.081511663    0.278590375 0.146205392   0.266047857  0.428393571  0.31483
260 0.308877821 0.316371315 0.12808457   0.710491804  0.709792742  0.756136887   0.08446792     0.281672242 0.150101103    0.266047857  0.428393571  0.31483
270 0.312260432 0.31965837 0.128835141   0.709286189  0.708775534  0.755480824   0.087352978    0.284598778 0.153856974    0.266047857  0.428393571  0.31483
280 0.315479686 0.322784998 0.129545262  0.708126361  0.707796704  0.754849162   0.090169226    0.287382483 0.157480896   0.266047857  0.428393571  0.31483
290 0.318548199 0.325763706 0.130218358  0.707009034  0.706853507  0.754240168   0.092919014    0.290034492 0.160980191   0.266047857  0.428393571  0.31483
300 0.321477263 0.328605683 0.130857466  0.705931265  0.705943483  0.75365229    0.095604639    0.292564765 0.164361653   0.266047857  0.428393571  0.31483
310 0.324277026 0.331320968 0.131465287  0.704890402  0.705064416  0.753084125   0.098228335    0.294982242 0.167631595   0.266047857  0.428393571  0.331177857
320 0.326956632 0.333918602 0.132044234  0.70388405  0.704214304  0.752534409    0.100792266    0.297294972 0.170795884   0.28223  0.444296429  0.331177857
330 0.329524346 0.336406748 0.132596468  0.702910039  0.703391331  0.752001992   0.103298522    0.299510222 0.173859982   0.28223  0.444296429  0.331177857
340 0.331987661 0.338792801 0.133123936  0.701966395  0.702593847  0.751485831   0.105749118    0.301634577 0.176828975   0.28223  0.444296429  0.331177857
350 0.334353388 0.341083477 0.133628388  0.70105132  0.701820348  0.750984973    0.108145992    0.303674016 0.179707606   0.28223  0.444296429  0.331177857
360 0.336627733 0.343284891 0.134111412  0.700163167  0.701069456  0.750498544   0.110491007    0.305633982 0.182500301   0.28223  0.444296429  0.331177857
370 0.338816364 0.345402622 0.134574447  0.69930043  0.700339909  0.750025747    0.11278595     0.307519444 0.185211195    0.28223  0.444296429  0.331177857
380 0.34092447 0.347441779 0.135018799   0.698461724  0.699630549  0.749565845   0.115032536    0.30933495 0.187844157   0.28223  0.444296429  0.331177857
390 0.342956813 0.349407041 0.135445661  0.697645771  0.698940306  0.749118161   0.117232408    0.311084665  0.190402809   0.28223  0.444296429  0.331177857
400 0.344917771 0.351302711 0.135856123  0.696851395  0.698268196  0.748682069   0.11938714     0.312772421 0.192890545    0.28223  0.444296429  0.347518571
410 0.346811374 0.353132748 0.136251182  0.696077506  0.697613304  0.748256991   0.121498241    0.314401743 0.195310551   0.28223  0.460082143  0.347518571
420 0.348641346 0.354900805 0.136631754  0.695323096  0.696974787  0.747842389   0.123567155    0.315975882 0.197665815   0.298502857  0.460082143  0.347518571
430 0.350411126 0.356610256 0.136998681  0.694587227  0.69635186  0.747437765    0.125595265    0.317497844 0.19995915    0.298502857  0.460082143  0.347518571
440 0.352123901 0.358264227 0.137352738  0.693869028  0.695743791  0.747042655   0.127583896    0.31897041 0.202193202   0.298502857  0.460082143  0.347518571
450 0.353782627 0.359865613 0.137694641  0.693167688  0.695149902  0.746656627   0.129534317    0.320396159 0.204370462   0.298502857  0.460082143  0.347518571
460 0.355390052 0.361417106 0.138025051  0.692482449  0.694569556  0.746279276   0.131447744    0.321777486 0.206493277   0.298502857  0.460082143  0.347518571
470 0.356948729 0.362921206 0.138344583  0.691812603  0.694002161  0.745910226   0.13332534     0.323116619 0.208563866    0.298502857  0.460082143  0.347518571
480 0.358461042 0.364380245 0.138653804  0.691157488  0.69344716  0.745549122    0.135168221    0.324415633 0.21058432    0.298502857  0.460082143  0.347518571
490 0.359929213 0.365796396 0.138953243  0.690516482  0.692904035  0.745195634   0.136977457    0.325676463 0.212556617   0.298502857  0.460082143  0.347518571
500 0.361355317 0.36717169 0.13924339    0.689889004  0.692372294  0.74484945    0.138754074    0.326900917 0.21448263     0.298502857  0.460082143  0.347518571
510 0.362741299 0.368508025 0.139524706  0.689274505  0.69185148  0.744510278    0.140499054    0.328090685 0.21636413    0.298502857  0.460082143  0.363829286
520 0.364088978 0.369807179 0.139797615  0.688672471  0.69134116  0.744177842    0.142213342    0.329247351 0.218202795   0.298502857  0.460082143  0.363829286
530 0.365400062 0.371070821 0.140062518  0.688082415  0.690840927  0.743851883   0.143897842    0.330372398 0.220000218   0.298502857  0.475744286  0.363829286
540 0.366676152 0.372300513 0.140319789  0.687503881  0.690350396  0.743532156   0.145553424    0.33146722 0.221757909   0.31483  0.475744286  0.363829286
550 0.367918756 0.373497727 0.140569776  0.686936435  0.689869205  0.743218429   0.147180922    0.332533125 0.223477303   0.31483  0.475744286  0.363829286
560 0.369129291 0.374663845 0.140812809  0.686379671  0.689397011  0.742910484   0.148781139    0.333571345 0.225159763   0.31483  0.475744286  0.363829286
570 0.370309093 0.37580017 0.141049194   0.6858332  0.68893349  0.742608114      0.150354844    0.33458304 0.226806586    0.31483  0.475744286  0.363829286
580 0.371459421 0.37690793 0.141279221   0.685296657  0.688478333  0.742311123   0.151902778    0.335569303 0.228419007    0.31483  0.475744286  0.363829286
590 0.372581464 0.377988282 0.141503162  0.684769696  0.688031251  0.742019324   0.153425653    0.336531163 0.2299982     0.31483  0.475744286  0.363829286
600 0.373676343 0.37904232 0.141721275   0.684251986  0.687591966  0.741732542   0.154924156    0.337469597 0.231545285    0.31483  0.475744286  0.363829286
610 0.374745122 0.380071079 0.141933799  0.683743216  0.687160216  0.741450608   0.156398944    0.338385523 0.233061332   0.31483  0.475744286  0.363829286
620 0.375788804 0.381075537 0.142140964  0.683243088  0.686735751  0.741173363   0.157850653    0.339279814 0.234547357   0.31483  0.475744286  0.363829286
630 0.37680834 0.38205662 0.142342984    0.68275132  0.686318333  0.740900656    0.159279895    0.340153293 0.236004336    0.31483  0.475744286  0.363829286
640 0.377804635 0.383015206 0.142540063  0.682267642  0.685907738  0.740632341   0.160687257    0.341006743 0.237433196   0.31483  0.475744286  0.363829286
650 0.378778542 0.383952128 0.142732394  0.681791798  0.685503748  0.740368281   0.162073307    0.341840905 0.238834826   0.31483  0.475744286  0.380087857
660 0.379730874 0.384868175 0.142920159  0.681323543  0.685106159  0.740108345   0.163438594    0.342656482   0.240210076   0.997064286  0.475744286  0.997064286
