 0.04881    0.0291
 0.1419     0.03395
 0.27523    0.03955
 0.44686    0.04605
 0.65805    0.05365
 0.91389    0.0625
 1.22341    0.0728
 1.59955    0.08485
 2.05741    0.09885
 2.60781    0.11515
 3.24346    0.13415
 3.92954    0.15625
 4.62465    0.18205
 5.31577    0.2121
 6.01694    0.24705
 6.71696    0.28785
 7.40784    0.33535
 8.1025     0.39065
 8.82417    0.45515
 9.57844    0.5302
 10.38495   0.6177
 11.26611   0.71965
 12.24707   0.83835
 13.36096   0.9767
 14.65047   1.13785
 16.15223   1.3256
 17.91218   1.54435
 19.97943   1.79915
 22.40723   2.096
 25.24585   2.44185
 28.53282   2.84475
 32.28049   3.31415
 36.47992   3.86095
 41.11829   4.498
 46.16577   5.2402
 51.57105   6.1048
 57.27235   7.1121
 63.19023   8.2856
 69.24459   9.65275
 75.37726   11.24545
 81.22795   13.10095
 86.55094   15.2626
 91.11117   17.7809
 94.72657   20.71475
 97.31457   24.1327
 98.92565   28.1146
 99.73162   32.7535
 100   38.15785
