1.86829    65.0861
9.82007    77.0011
21.4954    83.5344
54.3034    87.3752
105.554    90.7021
172.591    94.4119
235.693    97.6096
301.491    98.3727
398.788    102.721
490.802    107.71
576.352    108.215
663.118    112.563
755.183    115.631
852.547    117.416
942.07    117.024
1049.96    119.065
1142.02    122.26
1190.65    125.203
1224.87    125.2
1282.76    126.476
1287.95    79.4544
1297.32    73.3037
1322.46    68.6891
1381.65    70.3496
1435.7    67.1419
1445.04    112.625
1518.46    123.893
1563.18    125.043
1667.11    127.468
1793.46    128.482
1850.01    130.271
1917.1    132.315
2001.3    134.102
2071.1    132.815
2140.8    135.243
2192.18    133.829
2252.67    136.13
2303.98    137.023
2377.64    139.195
2415.74    142.138
2459.19    141.622
2500.05    139.953
2585.55    142.38
2652.68    142.246
2698.69    144.933
2753.94    146.081
2789.42    148.641
2809.26    144.923
2842.1    147.483
